Tissue	braincortex
N_samples	95
Chr	7
Gene	ENSG00000106069.16
SNP	rs117985843
Gene_list	ENSG00000175920.11	ENSG00000006468.9	ENSG00000106069.16	ENSG00000260903.2	ENSG00000106341.6	ENSG00000180660.6	ENSG00000094796.4	ENSG00000171724.2	ENSG00000185477.4	ENSG00000165023.5	ENSG00000109943.4	ENSG00000152377.8	ENSG00000143365.12	ENSG00000164778.4	ENSG00000038295.3
Gene expression stats (Y^T * Y): 
87.3684685627	50.6873248274	52.7966655736	51.7156500248	56.8882363521	63.761851027	49.2961830546	48.6514163013	55.0590395062	38.3811910623	63.5700279523	36.7455151474	55.088962302	63.4760607711	57.025855174
50.6873248274	87.3684685627	54.7661777074	59.994641214	55.9444630613	55.2443880316	62.0075748615	59.0461486555	64.0159148347	50.5084271304	59.5228873172	42.3764421416	50.7889388627	55.5259354056	64.8070670627
52.7966655736	54.7661777074	87.3684685627	56.4543605977	55.0691202512	53.1638700106	56.4014170428	61.7513547715	61.2484449764	52.7898797029	53.8717634104	61.1045965886	53.588321717	52.4291279587	56.8077242988
51.7156500248	59.994641214	56.4543605977	87.3684685627	61.3431469965	59.2362910942	65.5585521647	59.7881752038	71.774099286	44.6725980734	60.5675986942	38.6177277181	52.7217890537	58.4290545789	61.4156836522
56.8882363521	55.9444630613	55.0691202512	61.3431469965	87.3684685627	74.1649517575	58.3699755017	49.3777323671	66.304591768	33.5837445939	74.6937701012	35.1523543441	66.1971030028	75.3767618976	58.9774594394
63.761851027	55.2443880316	53.1638700106	59.2362910942	74.1649517575	87.3684685627	55.6844233565	39.9016531964	67.9389942488	32.4985230573	83.869573211	35.4199946845	70.3789271131	82.432939451	61.2589821608
49.2961830546	62.0075748615	56.4014170428	65.5585521647	58.3699755017	55.6844233565	87.3684685627	57.2622887097	61.9832736825	52.5129046394	58.1874585024	37.356912937	53.2441361783	56.6550012041	57.0674034801
48.6514163013	59.0461486555	61.7513547715	59.7881752038	49.3777323671	39.9016531964	57.2622887097	87.3684685627	56.5576802796	54.6250819181	41.5385774195	55.4460552922	37.7400448005	39.7816151261	55.2850926495
55.0590395062	64.0159148347	61.2484449764	71.774099286	66.304591768	67.9389942488	61.9832736825	56.5576802796	87.3684685627	44.614670832	68.6863454682	45.2513447164	60.9215301631	66.585122144	62.7740505664
38.3811910623	50.5084271304	52.7898797029	44.6725980734	33.5837445939	32.4985230573	52.5129046394	54.6250819181	44.614670832	87.3684685627	30.0803391253	49.6244254126	31.9796091673	31.4579766316	52.1147219721
63.5700279523	59.5228873172	53.8717634104	60.5675986942	74.6937701012	83.869573211	58.1874585024	41.5385774195	68.6863454682	30.0803391253	87.3684685627	36.5862514084	71.0770061515	84.8218068449	61.2770338251
36.7455151474	42.3764421416	61.1045965886	38.6177277181	35.1523543441	35.4199946845	37.356912937	55.4460552922	45.2513447164	49.6244254126	36.5862514084	87.3684685627	40.5906912927	37.844508843	43.4103741409
55.088962302	50.7889388627	53.588321717	52.7217890537	66.1971030028	70.3789271131	53.2441361783	37.7400448005	60.9215301631	31.9796091673	71.0770061515	40.5906912927	87.3684685627	71.0916264504	53.6003505472
63.4760607711	55.5259354056	52.4291279587	58.4290545789	75.3767618976	82.432939451	56.6550012041	39.7816151261	66.585122144	31.4579766316	84.8218068449	37.844508843	71.0916264504	87.3684685627	58.4761902347
57.025855174	64.8070670627	56.8077242988	61.4156836522	58.9774594394	61.2589821608	57.0674034801	55.2850926495	62.7740505664	52.1147219721	61.2770338251	43.4103741409	53.6003505472	58.4761902347	87.3684685627
Genotype stats (X^T * X): 	10.3072035368
Gene expression - Genotype stats (Y^T * X): 
-7.77622384212	-7.78789575608	-10.4040282115	-8.21099661639	-7.9102345825	-7.26172819528	-9.04002157841	-9.9426365807	-9.56567492495	-10.3986569698	-6.77681093356	-8.72860698435	-7.83077612292	-7.37963211696	-10.1216865395