Tissue	braincortex
N_samples	95
Chr	2
Gene	ENSG00000143995.15
SNP	rs4544423
Gene_list	ENSG00000161992.5	ENSG00000149488.11	ENSG00000005001.5	ENSG00000078900.10	ENSG00000166828.2	ENSG00000117602.7	ENSG00000142765.13	ENSG00000177238.9	ENSG00000132130.7	ENSG00000180660.6	ENSG00000140795.8	ENSG00000169174.9	ENSG00000171219.8	ENSG00000143995.15	ENSG00000140506.12	ENSG00000110723.7	ENSG00000110887.3	ENSG00000177551.5	ENSG00000109943.4	ENSG00000164778.4	ENSG00000146910.7	ENSG00000135083.10	ENSG00000162992.3
Gene expression stats (Y^T * Y): 
87.3684685627	75.4827749745	61.78987047	69.1739620971	63.9017582671	77.658263816	82.1142434805	62.403807448	84.9674830394	82.0703290034	74.7352082974	80.1094502987	83.2602211103	57.4960691325	82.1599818407	75.5902169994	81.5494495446	51.9528603092	86.2851105489	83.7971465334	76.5675328305	72.7022929169	71.9048096338
75.4827749745	87.3684685627	59.1471474292	64.6216117576	62.768121247	73.3474258714	73.0858127618	61.9320225658	77.0768146248	75.6073526669	70.0328209042	69.9118989621	74.2377149451	56.086372857	74.3550221979	69.7284562404	73.2435137507	48.80954095	76.5889779351	77.3498815488	70.6657436701	66.1981129984	64.6152755946
61.78987047	59.1471474292	87.3684685627	53.6592850153	53.5899129442	59.251314393	57.2644602174	48.2005454848	61.9074159829	62.4956975282	58.9126765214	59.9255560533	63.0224855118	52.5186422836	62.8639291486	56.3142041257	62.8528908695	42.6859759125	63.3490964171	63.5806742276	57.1320049624	54.592724136	55.6519330259
69.1739620971	64.6216117576	53.6592850153	87.3684685627	55.8479010112	62.4080628657	69.4454705408	53.7924917236	70.7329480439	68.8067266091	61.664661384	68.355718285	70.2825063272	52.4766178765	67.5159527612	69.6955818898	71.6179123452	42.7013433384	70.6148588535	70.890848828	64.7749600544	59.8175389951	56.839585085
63.9017582671	62.768121247	53.5899129442	55.8479010112	87.3684685627	64.8715316322	59.880506476	54.5979656464	65.4741917938	65.9318067545	59.0614426639	64.3055865698	67.2199986052	54.4398711487	67.786029129	62.665546485	67.0548125243	45.4801355081	66.2109364665	64.9378233506	60.6714433486	53.082032867	63.0516450346
77.658263816	73.3474258714	59.251314393	62.4080628657	64.8715316322	87.3684685627	74.2745376282	60.9278055968	78.7463405481	76.674762078	73.0541088175	73.8687287633	79.3981588744	54.3618312199	76.7836274061	71.8493735437	76.715153732	50.1660494004	78.5245845407	79.9643969877	73.6200571391	66.3828396156	65.438429372
82.1142434805	73.0858127618	57.2644602174	69.4454705408	59.880506476	74.2745376282	87.3684685627	62.9325221603	80.6561349978	77.8710894316	69.8430234384	75.4273400085	79.5673787457	56.144344625	76.6924703558	73.544546907	77.5033164671	52.7194302739	81.1605227465	80.8561718015	74.1646713665	68.6256052752	68.6788369422
62.403807448	61.9320225658	48.2005454848	53.7924917236	54.5979656464	60.9278055968	62.9325221603	87.3684685627	66.2952174354	62.9146216086	65.953066944	59.528524805	62.2724351019	55.4034784258	66.8739996632	65.2299137492	65.1315788859	53.5940577467	62.8389103312	65.4304071518	61.4184847616	58.0096570827	55.4619374566
84.9674830394	77.0768146248	61.9074159829	70.7329480439	65.4741917938	78.7463405481	80.6561349978	66.2952174354	87.3684685627	83.5703554845	78.1924892971	81.1359421206	84.6745505344	59.0138394181	83.7738978142	78.8440088974	83.5572607816	53.282869999	85.8427816327	85.8146244122	78.5139783082	73.3117141646	70.0755199484
82.0703290034	75.6073526669	62.4956975282	68.8067266091	65.9318067545	76.674762078	77.8710894316	62.9146216086	83.5703554845	87.3684685627	73.4995728993	80.1630486448	81.4250969052	57.5601458652	80.8354969211	77.005891621	80.4475437284	51.6807886952	83.869573211	82.432939451	74.2256910901	68.6303554542	68.3077034653
74.7352082974	70.0328209042	58.9126765214	61.664661384	59.0614426639	73.0541088175	69.8430234384	65.953066944	78.1924892971	73.4995728993	87.3684685627	73.8947507056	76.3913419155	57.3603574336	74.7083915627	69.6032387544	74.1127433123	50.427838748	75.6262229353	76.8294857532	70.8062356818	65.5169577568	62.758619734
80.1094502987	69.9118989621	59.9255560533	68.355718285	64.3055865698	73.8687287633	75.4273400085	59.528524805	81.1359421206	80.1630486448	73.8947507056	87.3684685627	81.0274442915	54.1240685517	79.802083273	73.3860430272	80.2034055329	51.9166801323	80.5918343319	80.6693505321	75.2735098974	69.8093845675	62.8546960657
83.2602211103	74.2377149451	63.0224855118	70.2825063272	67.2199986052	79.3981588744	79.5673787457	62.2724351019	84.6745505344	81.4250969052	76.3913419155	81.0274442915	87.3684685627	56.9791782261	81.3058309658	77.6191535649	83.2230618103	52.6974826617	84.2302971722	84.2261799967	77.1410813812	73.2754494578	68.5752627191
57.4960691325	56.086372857	52.5186422836	52.4766178765	54.4398711487	54.3618312199	56.144344625	55.4034784258	59.0138394181	57.5601458652	57.3603574336	54.1240685517	56.9791782261	87.3684685627	57.8129381424	55.3940225812	60.8678416707	56.4243700766	58.1957235422	61.5338819504	59.8426588173	52.4381317451	55.4137136605
82.1599818407	74.3550221979	62.8639291486	67.5159527612	67.786029129	76.7836274061	76.6924703558	66.8739996632	83.7738978142	80.8354969211	74.7083915627	79.802083273	81.3058309658	57.8129381424	87.3684685627	76.2661617985	81.2567110146	52.1998005623	83.1018668376	83.0504940904	75.3350239648	70.1991894409	67.9581212551
75.5902169994	69.7284562404	56.3142041257	69.6955818898	62.665546485	71.8493735437	73.544546907	65.2299137492	78.8440088974	77.005891621	69.6032387544	73.3860430272	77.6191535649	55.3940225812	76.2661617985	87.3684685627	79.2988529311	48.2009642828	77.6906815444	77.8617215032	69.116512863	64.5488513523	64.9836926878
81.5494495446	73.2435137507	62.8528908695	71.6179123452	67.0548125243	76.715153732	77.5033164671	65.1315788859	83.5572607816	80.4475437284	74.1127433123	80.2034055329	83.2230618103	60.8678416707	81.2567110146	79.2988529311	87.3684685627	56.2605829628	82.4183043819	83.1145957278	76.123319685	70.8812863856	69.8959361232
51.9528603092	48.80954095	42.6859759125	42.7013433384	45.4801355081	50.1660494004	52.7194302739	53.5940577467	53.282869999	51.6807886952	50.427838748	51.9166801323	52.6974826617	56.4243700766	52.1998005623	48.2009642828	56.2605829628	87.3684685627	51.497724633	55.9422091049	54.0171092957	43.1621655296	50.7687216861
86.2851105489	76.5889779351	63.3490964171	70.6148588535	66.2109364665	78.5245845407	81.1605227465	62.8389103312	85.8427816327	83.869573211	75.6262229353	80.5918343319	84.2302971722	58.1957235422	83.1018668376	77.6906815444	82.4183043819	51.497724633	87.3684685627	84.8218068449	77.1038136313	72.9078881782	71.591100843
83.7971465334	77.3498815488	63.5806742276	70.890848828	64.9378233506	79.9643969877	80.8561718015	65.4304071518	85.8146244122	82.432939451	76.8294857532	80.6693505321	84.2261799967	61.5338819504	83.0504940904	77.8617215032	83.1145957278	55.9422091049	84.8218068449	87.3684685627	80.1252120692	73.5454479698	68.1867385242
76.5675328305	70.6657436701	57.1320049624	64.7749600544	60.6714433486	73.6200571391	74.1646713665	61.4184847616	78.5139783082	74.2256910901	70.8062356818	75.2735098974	77.1410813812	59.8426588173	75.3350239648	69.116512863	76.123319685	54.0171092957	77.1038136313	80.1252120692	87.3684685627	68.6910174846	59.6777347243
72.7022929169	66.1981129984	54.592724136	59.8175389951	53.082032867	66.3828396156	68.6256052752	58.0096570827	73.3117141646	68.6303554542	65.5169577568	69.8093845675	73.2754494578	52.4381317451	70.1991894409	64.5488513523	70.8812863856	43.1621655296	72.9078881782	73.5454479698	68.6910174846	87.3684685627	54.6061846042
71.9048096338	64.6152755946	55.6519330259	56.839585085	63.0516450346	65.438429372	68.6788369422	55.4619374566	70.0755199484	68.3077034653	62.758619734	62.8546960657	68.5752627191	55.4137136605	67.9581212551	64.9836926878	69.8959361232	50.7687216861	71.591100843	68.1867385242	59.6777347243	54.6061846042	87.3684685627
Genotype stats (X^T * X): 	52.8611145895
Gene expression - Genotype stats (Y^T * X): 
-6.35499053175	-4.17358839554	-8.13987870792	-1.75904315478	-5.61068845432	-2.34585366189	-4.1152499582	-7.69590826543	-6.83239226028	-6.19121725636	-6.77831633121	-6.62422003808	-6.9304072564	-22.6516881318	-8.49357105357	-6.5692147461	-8.74805033679	-15.585069786	-7.01019843464	-6.53039475504	-6.74424918595	-6.20692957939	-5.14260714797