Tissue	braincortex
N_samples	95
Chr	19
Gene	ENSG00000167733.9
SNP	rs2446202
Gene_list	ENSG00000129968.11	ENSG00000133243.4	ENSG00000167733.9	ENSG00000129355.6	ENSG00000105642.11	ENSG00000197982.12	ENSG00000174521.7	ENSG00000160469.12	ENSG00000175602.2	ENSG00000154118.8
Gene expression stats (Y^T * Y): 
87.3684685627	67.4283783582	62.2379507762	36.3530278639	51.3677273895	64.8880797822	54.868933146	56.7522650149	70.112435961	57.315810883
67.4283783582	87.3684685627	52.5523438154	28.8724721561	56.3280452547	44.5925008502	39.076272512	59.1453971909	44.8850130758	68.3029922662
62.2379507762	52.5523438154	87.3684685627	59.0774186015	53.2785950123	57.4061918657	53.4797163494	55.7147108539	58.3377775605	55.4205352525
36.3530278639	28.8724721561	59.0774186015	87.3684685627	39.6406507945	43.297156007	41.8404406783	35.938736065	39.0981301066	38.4439326469
51.3677273895	56.3280452547	53.2785950123	39.6406507945	87.3684685627	41.8378922511	39.6114918094	51.8067413268	45.4050668289	65.7325013673
64.8880797822	44.5925008502	57.4061918657	43.297156007	41.8378922511	87.3684685627	46.1683480268	42.8568733193	59.5764446258	39.1739572837
54.868933146	39.076272512	53.4797163494	41.8404406783	39.6114918094	46.1683480268	87.3684685627	48.9177014848	66.5976268916	34.1156810734
56.7522650149	59.1453971909	55.7147108539	35.938736065	51.8067413268	42.8568733193	48.9177014848	87.3684685627	44.8969992809	60.4631347091
70.112435961	44.8850130758	58.3377775605	39.0981301066	45.4050668289	59.5764446258	66.5976268916	44.8969992809	87.3684685627	36.8587537048
57.315810883	68.3029922662	55.4205352525	38.4439326469	65.7325013673	39.1739572837	34.1156810734	60.4631347091	36.8587537048	87.3684685627
Genotype stats (X^T * X): 	15.6325488842
Gene expression - Genotype stats (Y^T * X): 
-11.7128320279	-9.69341576242	-12.578643917	-12.0018164016	-5.84774130019	-9.91213740018	-8.72806529515	-9.01811471785	-11.60397168	-8.96665545062