Tissue	braincortex
N_samples	95
Chr	19
Gene	ENSG00000170906.11
SNP	rs75622830
Gene_list	ENSG00000169020.5	ENSG00000099624.3	ENSG00000103363.10	ENSG00000099795.2	ENSG00000250479.4	ENSG00000100097.7	ENSG00000140264.15	ENSG00000232112.3	ENSG00000170906.11	ENSG00000176340.3	ENSG00000183648.5	ENSG00000135940.2	ENSG00000111775.2	ENSG00000152082.9	ENSG00000164405.6	ENSG00000107223.8
Gene expression stats (Y^T * Y): 
87.3684685627	41.5247328994	60.5554210914	45.632755768	47.1745249647	44.3236541115	54.3073332789	50.5693944398	54.1137705367	45.2033131896	48.9963001983	53.5071862719	33.3966862934	43.8430280323	52.8919778604	57.4985156772
41.5247328994	87.3684685627	57.8965268778	64.7569812141	60.3425789895	50.0737349891	40.5589927849	40.9832950006	56.8877803011	63.290963962	43.4697730546	69.2585127219	55.8184834492	68.76116007	48.5051650679	45.1775037356
60.5554210914	57.8965268778	87.3684685627	63.2687779918	56.9614693695	52.5420848819	50.9564148708	49.9052418639	64.4576661042	57.9094082513	51.7895532757	65.4070927609	50.7785127177	59.603847018	58.2281681884	57.5432933507
45.632755768	64.7569812141	63.2687779918	87.3684685627	45.0001625038	47.7311211874	28.9909451422	47.3294708628	55.2574211889	66.7795596393	53.0922674021	69.227253122	62.3605340254	66.3113649674	61.2695629712	50.1946886576
47.1745249647	60.3425789895	56.9614693695	45.0001625038	87.3684685627	48.0583923244	40.1316697744	47.2490649341	60.0538322597	47.2508832929	48.5847852502	57.267112824	43.0504216206	50.7751609749	54.3012445842	51.0447597259
44.3236541115	50.0737349891	52.5420848819	47.7311211874	48.0583923244	87.3684685627	44.2325142041	34.6691549955	53.5875085842	48.8142677847	40.851285376	49.1253394542	44.0850533788	47.7409757773	50.1919156526	41.93064347
54.3073332789	40.5589927849	50.9564148708	28.9909451422	40.1316697744	44.2325142041	87.3684685627	55.5707166755	55.4855679363	38.6025214438	33.1393744418	46.6322087423	35.1767933931	47.8491267391	36.5880466508	34.1857994997
50.5693944398	40.9832950006	49.9052418639	47.3294708628	47.2490649341	34.6691549955	55.5707166755	87.3684685627	56.328726761	51.4108720531	55.8373641547	63.1857034602	55.1782805157	56.3552981058	58.5168617186	44.014267088
54.1137705367	56.8877803011	64.4576661042	55.2574211889	60.0538322597	53.5875085842	55.4855679363	56.328726761	87.3684685627	61.4488408029	52.4721551836	60.0795271697	52.5230977881	58.8038890548	55.2356764419	56.1716803729
45.2033131896	63.290963962	57.9094082513	66.7795596393	47.2508832929	48.8142677847	38.6025214438	51.4108720531	61.4488408029	87.3684685627	48.3542879213	66.2725239055	65.3059882037	68.8410181479	61.5239145572	49.427108271
48.9963001983	43.4697730546	51.7895532757	53.0922674021	48.5847852502	40.851285376	33.1393744418	55.8373641547	52.4721551836	48.3542879213	87.3684685627	59.3087692834	61.3660816672	46.399060058	71.5632424234	45.3292143814
53.5071862719	69.2585127219	65.4070927609	69.227253122	57.267112824	49.1253394542	46.6322087423	63.1857034602	60.0795271697	66.2725239055	59.3087692834	87.3684685627	71.5656541968	74.5895956478	66.5221505445	48.7331628501
33.3966862934	55.8184834492	50.7785127177	62.3605340254	43.0504216206	44.0850533788	35.1767933931	55.1782805157	52.5230977881	65.3059882037	61.3660816672	71.5656541968	87.3684685627	64.2151254001	66.0113058997	34.2978093106
43.8430280323	68.76116007	59.603847018	66.3113649674	50.7751609749	47.7409757773	47.8491267391	56.3552981058	58.8038890548	68.8410181479	46.399060058	74.5895956478	64.2151254001	87.3684685627	56.7737982867	43.6177386408
52.8919778604	48.5051650679	58.2281681884	61.2695629712	54.3012445842	50.1919156526	36.5880466508	58.5168617186	55.2356764419	61.5239145572	71.5632424234	66.5221505445	66.0113058997	56.7737982867	87.3684685627	46.9201209701
57.4985156772	45.1775037356	57.5432933507	50.1946886576	51.0447597259	41.93064347	34.1857994997	44.014267088	56.1716803729	49.427108271	45.3292143814	48.7331628501	34.2978093106	43.6177386408	46.9201209701	87.3684685627
Genotype stats (X^T * X): 	19.4527159368
Gene expression - Genotype stats (Y^T * X): 
5.47415255645	7.49272298026	9.24523256269	10.351025722	4.47098425633	5.63662855344	7.83721970865	8.3736693402	18.0857589897	10.9519302687	7.34484097807	9.90841363298	9.77393083729	9.90400725844	7.32040144609	8.00099257343