Tissue	braincortex
N_samples	95
Chr	19
Gene	ENSG00000130255.8
SNP	rs78071140
Gene_list	ENSG00000177600.4	ENSG00000115268.5	ENSG00000140988.11	ENSG00000103363.10	ENSG00000171863.8	ENSG00000130255.8	ENSG00000166441.8	ENSG00000144713.8	ENSG00000105640.8	ENSG00000221983.3	ENSG00000134419.11	ENSG00000137154.8	ENSG00000196683.6	ENSG00000142676.8	ENSG00000198242.9	ENSG00000122026.6	ENSG00000231500.2	ENSG00000124614.9	ENSG00000266964.1	ENSG00000125691.8	ENSG00000108298.5	ENSG00000168028.9	ENSG00000100316.11	ENSG00000105193.4	ENSG00000188846.9	ENSG00000145592.9	ENSG00000131469.8	ENSG00000105372.2	ENSG00000140264.15	ENSG00000142937.7	ENSG00000265681.2	ENSG00000232112.3	ENSG00000063177.8	ENSG00000087086.9	ENSG00000142541.12	ENSG00000142534.2	ENSG00000213741.4	ENSG00000162244.6	ENSG00000123349.9	ENSG00000170889.9	ENSG00000143947.8	ENSG00000108107.8	ENSG00000229117.4	ENSG00000087250.4	ENSG00000125148.6	ENSG00000008988.5	ENSG00000155980.7	ENSG00000168309.12	ENSG00000083845.4	ENSG00000171858.13	ENSG00000133318.9	ENSG00000149806.6	ENSG00000137818.7	ENSG00000172809.8	ENSG00000149273.10	ENSG00000067715.9	ENSG00000138326.14	ENSG00000186468.8	ENSG00000127184.6	ENSG00000167526.9	ENSG00000135940.2	ENSG00000156482.6	ENSG00000114391.8	ENSG00000109475.12	ENSG00000118181.6	ENSG00000136942.10	ENSG00000197958.8	ENSG00000136854.13	ENSG00000152082.9	ENSG00000112306.7	ENSG00000148303.12	ENSG00000104529.13	ENSG00000161016.11	ENSG00000164587.7	ENSG00000182899.10	ENSG00000197756.5	ENSG00000172428.6
Gene expression stats (Y^T * Y): 
87.3684685627	74.5756102197	63.4519321908	48.1372509038	60.5018340054	72.951586699	65.3203929436	66.9378243928	65.7741096674	63.5614836849	59.0309260289	64.4745936653	60.8236211109	66.4048372804	72.9023199376	68.3566724443	62.539265512	62.6010465362	52.6079009228	62.2229346732	72.2880466033	51.001854887	58.3542105122	73.931235652	45.197463721	77.4304615897	64.8840143354	77.4765238949	67.3881445365	61.9781319565	57.4885229647	60.9160009651	62.0791717621	54.4828045204	75.9864731568	69.1764258117	61.1040956821	59.1061509473	56.7868905814	66.0708741567	62.7355098283	70.2738056986	65.6885343476	59.1782214057	47.8635654835	51.3198355076	38.2192241271	52.1535814072	54.5485731772	61.7562482754	-58.4426267228	75.7908058111	79.4921406066	77.5682845955	65.6090450346	-54.8371074089	53.1090173128	62.1311948321	47.3348186835	68.5460376893	48.171431838	64.2059647284	54.6830056461	51.4439421548	55.972251078	67.1423344969	61.8040223799	-54.297113018	47.338245053	60.8175120771	54.0927518667	66.6748486455	71.1367795659	53.7649840818	58.9406939979	60.2051516567	52.6685073311
74.5756102197	87.3684685627	69.013242566	49.0302153589	59.7221535659	77.6826602537	68.0132327634	67.6418498249	77.0320623423	62.6759225194	62.6038201961	65.5989160039	54.1912666054	67.2894954368	69.5795598495	54.9748112962	63.3690913604	72.0856170877	51.0880964405	61.8871808819	71.7301067479	57.3891414642	58.5525591745	78.3175457607	49.625074075	71.0800436395	69.8254640206	79.4919221207	67.7269537508	66.0535627172	61.3822149756	58.7415074508	75.7539255802	62.1117861529	75.5562330658	72.585422821	68.948431364	64.2840929013	60.3268374832	73.0151245346	62.8879044003	78.1114030919	65.6609314477	61.8318365799	50.2904014018	56.6076455405	44.0858795158	54.0780431264	65.4548355812	70.4344516752	-61.6313242054	78.1912152615	79.7312366023	76.3932685713	66.8170057147	-53.556925444	54.3708540527	62.8243907029	43.8917111963	79.8817020769	52.5705168876	64.030383628	59.9784697542	57.1674022548	58.103681294	76.8312728485	59.8112792903	-53.8733938026	59.2452118135	63.9043202473	53.9687732113	61.6294536055	72.9696703511	59.0455535073	62.3953410457	65.7910758893	61.6920907475
63.4519321908	69.013242566	87.3684685627	29.2102391904	57.8759828768	65.9492254729	59.0707872545	61.7190394111	69.0380604781	67.7946134652	59.3353427854	60.122697234	43.4156463011	63.5444235428	59.7934155376	55.1985986679	63.0456460262	65.0654265439	40.6777506077	56.6682579126	65.2017369382	65.1883449335	58.2417751775	71.659161283	49.7224490846	62.2163923699	59.9577829438	74.2150299697	58.4909200087	60.1503379683	58.8086639846	40.3307703613	66.2507031419	58.3646355756	71.346303718	67.0159616102	59.0695422066	60.2042990605	48.6742844701	62.7384553579	55.5850325017	70.1888853214	60.8138860716	49.3899409332	47.4629935422	55.6615235075	41.1519130687	49.0905021955	62.278756425	55.2257193282	-57.16106214	68.1908775702	67.3726459539	64.4586917594	63.3211731228	-50.8895833372	44.4625340917	56.8843019132	31.1818158662	67.5647810206	32.0785639044	56.0728829592	55.7012826829	46.8737908552	48.6106832159	62.6330067173	52.7135197223	-51.209264945	38.7674936083	60.5077965632	61.5576392679	54.1331082551	70.4376147344	52.348843137	50.929816467	53.1541199815	44.773260782
48.1372509038	49.0302153589	29.2102391904	87.3684685627	36.6994545862	56.6221612628	33.7296747211	33.1193876754	41.3817337028	33.9862176056	23.626270398	24.6686271466	39.0156099033	24.8054461192	31.9701601348	36.0146477794	32.4057589109	35.8544003054	36.3489059213	31.8895316732	34.3009216896	23.2347611523	26.1511517948	39.1276090331	25.3300962551	37.4103545223	39.1693652216	41.1965875568	50.9564148708	28.6134896738	25.991129448	49.9052418639	35.4230826746	17.6984545798	40.4657757346	32.771694178	25.7889694465	31.0264283613	33.8243358571	41.0522904464	23.945665945	40.8126512806	37.4564652098	46.9072884663	16.1738860814	15.8979197003	21.6022673398	13.1667522667	36.2458468668	42.6360595168	-34.7640181885	54.0771913728	46.8178992217	41.806877273	25.5892645393	-35.5822619436	24.3122809716	19.7868255236	44.3824192425	39.7311012212	65.4070927609	23.2278681852	30.5300709293	28.8979502737	24.6707219825	43.0240898389	35.4427456533	-34.156720714	59.603847018	17.0944424212	26.9714508822	40.9829372506	48.2130396624	31.0160794966	36.9435463245	25.6394775807	45.6758956068
60.5018340054	59.7221535659	57.8759828768	36.6994545862	87.3684685627	67.574238295	69.1711065608	77.1198223751	63.2364874741	57.8513444488	73.7960302243	72.42184159	56.2798309915	66.3814274746	69.3060770425	45.6444236389	73.983472428	66.5122455666	49.0941762196	73.2205725801	67.7705890437	64.3940480714	65.3927122348	71.1185799417	76.3047132941	69.0698862792	75.6602725688	68.3544958095	57.0769891868	73.6119431404	73.3640631897	57.0325726729	65.7905213657	50.3911158142	66.6666743474	73.5449980003	67.0334053873	64.1883422999	72.3373625588	60.3431005836	69.6570545371	57.1227634702	67.4141659881	50.3391167385	45.3794744429	70.0287372102	65.2698045081	54.089830095	63.3204593475	69.6648140896	-44.2350682902	63.0852322579	63.7626633317	72.6795435057	68.2477815178	-43.6139400445	72.6363858473	66.7109408114	65.0542704574	59.7712312442	35.9401538641	67.3526657213	78.2333346355	71.9446283674	68.2400454212	70.5635779494	63.0229998483	-51.8312947759	35.00100529	60.802255964	66.6521803215	48.8938616494	66.9377533639	58.5414163138	77.5632039495	55.0514541386	55.3847290599
72.951586699	77.6826602537	65.9492254729	56.6221612628	67.574238295	87.3684685627	65.2765216306	68.2959829207	72.6115421162	64.1452570596	61.524766444	61.1209415933	55.7359776089	60.9921061002	68.3944074909	54.0581937201	67.3358467464	70.4447604784	56.287182897	65.332953227	66.4235008141	57.4596322932	60.5514702964	73.7393977834	60.9265817454	69.6981054359	73.3389619738	76.5187213167	64.0012561362	64.7087653121	62.6080795243	64.3071325984	72.1241759006	53.0437121829	71.9484677691	69.7066474171	63.5063671583	63.703560884	60.5363815427	68.9713330019	59.619580668	70.295492761	68.6844184067	66.9868050279	52.5920647757	53.745812487	54.3599245707	54.2675378941	63.087817598	71.6093349577	-59.9969033676	77.5419782574	75.5278681227	76.0698632294	63.9216195868	-55.2297707909	55.6588736224	58.1659696186	57.2480390282	72.7937439047	59.7993169918	58.0819110769	64.2732957779	58.7227590668	57.4581784813	74.8373485753	62.8669385285	-54.9745301521	61.5485626512	55.5847879232	60.013142613	54.6153582018	74.6853312027	60.6103991567	67.6243024682	56.8485970799	65.4049771125
65.3203929436	68.0132327634	59.0707872545	33.7296747211	69.1711065608	65.2765216306	87.3684685627	76.5377775078	68.4759951227	60.2440863396	76.2182204707	78.0619751446	49.5248739656	77.9910848501	73.6587269358	45.8740049115	74.3300516463	74.0354847676	44.137439224	67.0545184619	77.2958807408	63.8507313866	69.0207641024	72.5846710624	61.8880373634	69.2764307483	77.9733774182	72.594403453	58.6176443098	77.9653408979	72.7300575741	55.7691492627	73.9035568878	61.7842193424	71.8693279262	76.4705879884	76.7005065795	67.3839878005	76.2127580604	67.062571194	74.8086680722	70.6568755904	68.1747347545	51.6047290619	44.5203087053	73.0419834905	50.3322416496	57.5761072665	66.5977227457	64.8548415963	-54.408556162	66.3206211531	71.4395867243	72.8758109582	73.0626271699	-46.5942263464	75.3901927704	68.2794026625	51.0971610171	69.2859318387	34.2387064014	79.7635960099	74.5403023025	75.5697164208	75.3766640571	78.7311100273	68.6921453434	-59.037376743	33.1156336805	74.8383327343	64.0158818537	52.3261752792	67.047768858	61.2215100986	74.5614622182	60.2753466113	56.8414764149
66.9378243928	67.6418498249	61.7190394111	33.1193876754	77.1198223751	68.2959829207	76.5377775078	87.3684685627	69.0423369388	67.5072127175	79.2736502133	79.6173294111	59.4126895493	77.4458782105	77.9330138513	53.7504118577	78.2218842084	75.9367297079	47.5458497514	78.3643928995	78.8889925766	71.1991823881	70.7895700886	75.7522049844	72.2239666907	75.5863382922	81.638323348	74.3588766314	57.6948769898	79.8957208726	79.5600976327	57.619642141	74.9169030714	60.5153275842	73.8001591727	80.8360118514	77.7694904812	69.5939254262	79.1469498383	66.1516851382	78.1739602917	71.3218965783	75.8497991381	51.7376327456	43.2623887483	75.6471841036	55.9737267154	60.5860206106	72.6179381562	71.3544650867	-49.3608686383	68.3786764574	69.952641046	78.3715957647	78.6881051515	-49.0617257969	76.4936437406	74.5243127019	59.098699671	68.516336893	32.9955954534	78.919380009	78.9395100058	76.8955803448	73.6140334591	77.1460083485	69.452920227	-57.1688079187	33.6709741819	73.4043880387	73.7043862196	53.9649062571	69.6595630813	68.1529938901	78.6366504742	66.9523374138	59.1187032662
65.7741096674	77.0320623423	69.0380604781	41.3817337028	63.2364874741	72.6115421162	68.4759951227	69.0423369388	87.3684685627	65.3440285548	68.2549860119	67.0950992437	49.8958620513	68.4466631596	67.9555530059	52.3102299557	66.6036315649	73.6019767463	48.0716931614	68.6714207776	68.9043564564	63.4000558782	66.4602137296	77.9485110863	59.0658260406	65.1681617959	70.6823362456	73.5800999556	60.0772960025	69.9766649572	68.4994925082	51.7625770732	76.1981864753	60.9423480945	75.6177694289	73.1394940412	71.0542512653	70.5243705531	58.834285938	69.2315424834	65.7469352341	76.1362017229	70.7429634201	56.4339106677	49.4273527403	64.2030933601	48.5544666433	54.973467214	73.4700839883	70.2206524796	-52.9823800372	74.3880483874	74.1814678888	71.3582975016	69.4304569818	-48.5885783935	61.1447901676	66.147421624	43.6958451209	76.1245307975	37.9944399587	66.608443054	65.1643858417	60.1985944739	59.790181419	73.7654893086	64.0793910907	-48.6510013705	48.7932095696	63.2587612976	63.7132433798	55.5418880132	74.1836283803	58.3972373062	66.3476100365	63.8941481873	59.9734545686
63.5614836849	62.6759225194	67.7946134652	33.9862176056	57.8513444488	64.1452570596	60.2440863396	67.5072127175	65.3440285548	87.3684685627	63.9919290726	61.4279603615	51.512020837	66.9706590161	62.9213083203	51.9095182915	64.1814312806	70.7783348464	29.5216439857	62.8054991017	67.6620886234	65.5471705115	62.3277924952	66.2410518835	55.8046919546	64.5138667914	66.3873505077	64.2089563615	50.2683365915	59.906333232	59.9184435937	41.7700895717	63.2494073743	50.1491018561	65.3615160665	66.9691763593	62.9206773377	62.1250707323	56.0540165291	64.4440526627	64.588487592	68.6202301127	63.600179358	42.6743700873	31.5024798893	60.7576897963	39.7860685888	39.7318278288	69.2734816768	58.1281231424	-39.5895451911	65.8310321023	60.487236546	64.3013889969	67.3113157123	-37.8943261539	52.9445690578	64.2927635924	43.675958115	63.9204582786	35.5859920146	58.5366753962	58.7189794147	54.9111511755	54.5434227631	63.481588493	66.6131399423	-42.5338737933	41.7296015653	65.3892092561	66.1289129484	51.0015006606	68.371744279	57.6622903249	61.1509392946	60.4345387594	48.7479179831
59.0309260289	62.6038201961	59.3353427854	23.626270398	73.7960302243	61.524766444	76.2182204707	79.2736502133	68.2549860119	63.9919290726	87.3684685627	80.159048015	49.9622822626	77.6868221043	74.6648723367	46.6116019112	75.8627591248	74.845670546	41.3767922887	76.2491620173	74.8261176342	67.5783272776	67.9739023671	73.6515240072	68.7567075237	68.9489481995	78.6229824411	70.563048942	53.3961516604	79.0283065534	79.0544465751	47.4195943817	73.5552677149	61.2454613185	70.1231006201	77.4839473608	77.3450162892	68.4879561762	72.7310213052	65.0496299742	77.88872107	66.9463128612	69.9437300448	44.9387404795	42.295031323	78.0006272429	51.7547974318	57.8405293703	69.8551886283	66.0684465536	-43.0775821705	63.2343342749	67.1897381003	72.3972975902	78.2675415605	-40.1221595141	76.7940360259	77.6254743247	51.4223048527	67.126839773	24.8664987459	79.2425164881	78.5622467318	75.3989184932	73.1494145862	73.0702079435	66.8096870849	-52.2871474162	25.7587568941	75.0753718067	69.3247508992	47.8995170124	63.204513255	61.398808511	78.1366889874	63.7051402113	53.5864880812
64.4745936653	65.5989160039	60.122697234	24.6686271466	72.42184159	61.1209415933	78.0619751446	79.6173294111	67.0950992437	61.4279603615	80.159048015	87.3684685627	47.5088560371	80.7691356196	78.0454559753	50.7646732199	77.4452687152	72.2248508862	45.679258128	72.3365341174	80.511404752	66.4535548846	70.7549765614	75.5122095973	64.6473697906	72.9201612322	77.3848973393	74.1681702202	57.3416795665	82.15759546	79.1767693794	48.0139313683	75.2040787494	68.239655691	74.6071999547	79.1662248423	76.5072315391	64.2387545712	75.9060833607	65.7507913204	77.5960993071	71.0539966311	68.3181302409	46.1991703593	47.3542628602	77.5261395306	49.0030725499	65.1159524992	67.5903433097	63.9926008314	-52.5801009422	64.7096924209	69.7377041041	74.6752979204	78.5071993959	-43.6625489772	77.0267715592	73.9115527662	47.667683796	67.7115336076	22.6603674261	84.0098873082	76.5430515959	76.723162688	76.7353751339	74.572641836	65.0615818142	-56.2079145047	21.8583216636	78.131366629	66.442771755	52.825096756	65.6721670098	65.6788052984	75.0611718377	61.4802702622	49.7346449874
60.8236211109	54.1912666054	43.4156463011	39.0156099033	56.2798309915	55.7359776089	49.5248739656	59.4126895493	49.8958620513	51.512020837	49.9622822626	47.5088560371	87.3684685627	50.2216153206	59.7297785253	55.3924269541	49.0831480103	53.8825180933	41.5896145896	56.1492777048	51.2388070274	48.5517758462	48.5786992661	58.5749580249	50.3694707687	65.3876747649	55.2179425602	56.9654747339	49.8660495481	47.5267072725	49.5001745862	53.6022250184	44.365044717	31.4758827402	57.4001932259	55.6993316685	53.8620539509	45.7297603159	51.2595357976	51.7632395224	54.5983821762	47.4497571389	57.4192701724	42.931180107	23.1840195421	45.9295616618	47.4146215872	36.6511992846	46.0887718857	61.3765389192	-38.8045826484	58.1757064131	58.1589434503	61.498471299	54.4310922512	-44.3270432348	46.7295470421	50.6929240648	57.8505979547	50.9940221544	41.3445857801	47.5797384552	47.6204392498	47.6012089874	46.0242558157	53.1377566815	52.0055695004	-42.9726586823	43.5290220781	48.3669368966	47.2880088451	44.6441993626	54.0225161707	44.6834531321	54.7163275339	52.8622172636	50.1808027242
66.4048372804	67.2894954368	63.5444235428	24.8054461192	66.3814274746	60.9921061002	77.9910848501	77.4458782105	68.4466631596	66.9706590161	77.6868221043	80.7691356196	50.2216153206	87.3684685627	75.0728969604	54.2726396726	75.5611232123	74.7823677876	38.188729358	70.8320133883	82.217828392	66.181495983	72.887189804	76.0366873482	60.7771467172	73.7213922869	73.0587163184	75.1144881812	55.9655180573	78.6035775855	74.9089023135	43.8729865792	73.2629669758	65.3729678364	76.1984289574	79.0881498887	77.8313380398	64.7199587665	71.0987002765	69.2673522906	76.2979139368	73.3336196004	69.0887111182	44.6224559752	37.7966767961	73.285066301	42.324348104	57.2676431667	72.5442820333	63.8872724945	-51.427507758	67.4832924173	69.2306349921	74.5335845318	79.1977548821	-46.2539487896	69.8930968891	74.3515053796	40.7781843717	70.5844875661	23.8505473867	80.6157647213	69.2280771219	69.1292157228	68.4461610994	73.5923970412	66.9254298464	-55.7087498914	25.1863111204	80.8753048502	68.3019418221	57.8445656859	70.115268854	62.8783973009	68.8530899002	68.1573006821	46.1174750848
72.9023199376	69.5795598495	59.7934155376	31.9701601348	69.3060770425	68.3944074909	73.6587269358	77.9330138513	67.9555530059	62.9213083203	74.6648723367	78.0454559753	59.7297785253	75.0728969604	87.3684685627	56.8359443434	73.69862719	70.4528407197	56.8312869871	72.9540026283	76.4566320844	63.8313248265	67.0851553292	75.2922213031	61.4892182194	77.9551521376	75.1316986595	76.0246969022	62.284470792	74.1471068975	74.5244006632	61.6416255451	71.8015809299	63.2696120421	77.4397771323	78.1755633911	72.8649420713	64.51506302	70.6198817763	63.6218247626	74.7743022878	71.8230196628	71.9543284371	58.7472100762	50.3607439269	69.1807160121	50.9930076025	69.3011046521	61.1903348791	66.7853364693	-57.0054800852	68.9426683558	75.6516289072	77.3179570892	74.5429800788	-53.5865133595	71.7709988493	73.6890722702	56.4079456104	69.0845160927	35.4492974802	77.1727041328	69.2611547242	69.9475417599	73.8613318943	72.6094751426	66.3924730614	-56.8055868069	33.3823619784	72.1308857114	62.667243189	55.1395121378	68.5029300957	61.0412576839	73.5932974683	62.6113946475	57.328859226
68.3566724443	54.9748112962	55.1985986679	36.0146477794	45.6444236389	54.0581937201	45.8740049115	53.7504118577	52.3102299557	51.9095182915	46.6116019112	50.7646732199	55.3924269541	54.2726396726	56.8359443434	87.3684685627	48.8905735595	48.1083668909	40.1346692781	51.3946078598	56.0612366315	42.9293767725	46.8845943936	60.2216760283	32.6229742223	68.543248614	47.2549260183	65.9178151447	50.3973758094	45.7791829565	52.4705230547	41.0801723301	44.6387647155	45.8923033406	66.7943790644	51.781388918	43.5664323994	43.4947813958	40.1451137209	48.6467665057	51.0637180212	57.5319392753	61.9303779162	48.9451165365	34.1313995627	36.4851514089	21.8185761058	42.2184507402	43.9501674636	44.5472370832	-49.5897173201	62.8214502057	60.1170269668	62.1544336868	54.9555819497	-51.7238233586	35.8934674095	51.1624262666	26.106846029	49.0329239715	24.2096256483	51.3663341329	39.9388508848	31.3518096598	33.5314182945	45.6978974895	46.9241419277	-42.9431302609	26.3248992867	50.0018481733	51.4185033971	52.9077014388	59.3940738363	39.1831392909	39.2488401677	54.1526737808	33.2439867373
62.539265512	63.3690913604	63.0456460262	32.4057589109	73.983472428	67.3358467464	74.3300516463	78.2218842084	66.6036315649	64.1814312806	75.8627591248	77.4452687152	49.0831480103	75.5611232123	73.69862719	48.8905735595	87.3684685627	71.8978575381	44.4962168867	69.8303336555	76.4115349495	68.1281188492	66.7036139928	72.6700613646	67.1548573845	71.2948262501	76.7635606385	72.1430369656	55.0729994372	75.1520532897	73.8855673365	49.8887863208	72.4156430174	57.8158174115	70.7692545642	76.0933212469	73.2826717478	64.0290364043	71.9179625701	64.858522801	71.4961702303	68.6295216747	72.2445328799	50.4638553673	40.8647314947	71.3150902908	53.6005879417	56.2268182691	70.0083026639	64.4962583002	-55.104918121	67.5837302332	67.3322593776	73.780683082	73.5044423421	-50.9312836854	68.9067979081	69.0094416094	50.4456018205	65.6056048266	29.8483083437	74.4124892404	72.4751078131	70.7359743017	70.8941795765	72.2377473303	65.7803925434	-58.1006736711	30.5800235124	69.8034433474	66.9305902683	53.2290541276	68.8636446745	62.9244286782	71.9652276114	59.6309985533	51.8351608127
62.6010465362	72.0856170877	65.0654265439	35.8544003054	66.5122455666	70.4447604784	74.0354847676	75.9367297079	73.6019767463	70.7783348464	74.845670546	72.2248508862	53.8825180933	74.7823677876	70.4528407197	48.1083668909	71.8978575381	87.3684685627	42.0555709635	69.2491626557	72.7403228914	72.0381481952	70.4752709086	73.4335162389	64.6375444684	67.7730265592	79.6200006894	71.4969065151	54.8776131238	73.7317324599	71.2977798248	52.6637440976	77.0755300856	61.2597522633	69.2800905372	74.8741597503	78.2986034218	72.4409219381	69.8877808183	72.5093730541	72.3661515675	72.4351662864	70.1098196769	52.1783100792	39.3974180113	71.3530448593	47.7699649352	51.7374337795	74.3776858182	70.6929045803	-49.2938774943	70.3172848382	69.1004058478	72.3918240845	73.8205674393	-47.5740078117	67.4488736566	69.6778611339	51.8195859363	76.4126793302	41.5818217608	70.7702464882	72.5102569466	69.696089976	66.7665907203	79.0505080783	68.1274111328	-59.0838350772	46.0612362195	74.3174821342	69.3751259199	46.4068184202	68.750688574	69.0341013427	73.3117589182	64.1348308721	63.9869743898
52.6079009228	51.0880964405	40.6777506077	36.3489059213	49.0941762196	56.287182897	44.137439224	47.5458497514	48.0716931614	29.5216439857	41.3767922887	45.679258128	41.5896145896	38.188729358	56.8312869871	40.1346692781	44.4962168867	42.0555709635	87.3684685627	41.7733496731	41.9389661759	36.1062920125	42.7180644215	53.1166131215	43.3686810288	53.2593921545	45.5733863446	54.3567902794	54.6371904487	42.8362847428	45.1313014623	62.5189664791	52.2013646937	42.0406443251	56.4104273379	50.961941751	42.4175731723	45.2036159832	40.4716865095	38.827102418	34.8253489874	47.2781914304	51.6642575085	65.9160310131	51.7516686557	39.5319329525	42.1808635746	62.9555627891	31.6008589148	49.4032391976	-58.3193635119	50.1148098078	58.0090894487	54.9894715921	37.3516474358	-56.880190893	41.9755359209	39.7419975231	49.7403655559	44.137311053	39.9426684455	42.9688649826	44.1390042092	42.3896877549	43.3637817486	48.3650555916	37.2896747671	-57.0163382677	34.415373145	31.537078654	36.2852814509	36.3479437717	49.0018922349	40.3578880221	50.5671127761	29.3544884803	52.7321832748
62.2229346732	61.8871808819	56.6682579126	31.8895316732	73.2205725801	65.332953227	67.0545184619	78.3643928995	68.6714207776	62.8054991017	76.2491620173	72.3365341174	56.1492777048	70.8320133883	72.9540026283	51.3946078598	69.8303336555	69.2491626557	41.7733496731	87.3684685627	70.9105406467	61.4495953121	68.9190471634	70.4549526493	71.3482672702	68.9327385026	75.3364935876	67.134803415	51.4868419726	77.0022256377	77.2213926889	51.0177113	67.7219750384	56.0477695698	69.375803927	74.342591023	70.4328818305	64.6281431056	70.0186457306	58.4662821118	72.828925253	65.2140022258	73.2288925388	49.7499040965	42.5931581545	68.3816969529	50.109205863	57.489351424	66.7538028829	67.1753280172	-34.8975836507	64.0930310379	63.9711571798	73.2242771849	73.8207081582	-39.2800952846	73.7379477216	70.5379414507	58.7097030463	65.4108751141	30.869895628	71.3397860464	74.5653946363	70.3513732254	67.5413665085	69.3528011261	66.121829523	-43.4110673538	30.9799054355	65.4951743432	72.6747728792	50.7499660204	66.3033971644	61.8711406017	74.735806092	67.0966062793	55.3041074065
72.2880466033	71.7301067479	65.2017369382	34.3009216896	67.7705890437	66.4235008141	77.2958807408	78.8889925766	68.9043564564	67.6620886234	74.8261176342	80.511404752	51.2388070274	82.217828392	76.4566320844	56.0612366315	76.4115349495	72.7403228914	41.9389661759	70.9105406467	87.3684685627	62.8104040492	70.9620645772	77.7950505071	57.4100871012	76.6423640619	75.1097817807	78.0840044205	62.1058007054	78.0934082659	72.0502657351	51.4264004141	74.8037710668	64.7881781842	77.8436180479	80.6210877528	75.415066422	62.9606794597	72.1690846719	71.7418146465	75.2040760874	76.8139009052	70.5772631369	48.7173106906	45.7246965582	70.9017638031	43.5679132039	58.1676591707	70.153721511	65.2129150649	-56.1574472267	73.0582517627	74.9738591745	76.6604579623	77.6880781239	-48.228461377	69.2471356469	73.0412485694	45.5722917016	72.6871048405	33.3964837713	79.5430429199	68.3862182254	68.895401852	71.66082459	76.6740407405	68.7954248764	-57.0410483584	34.014382327	77.9730790795	67.9724205222	61.1237965661	71.0420907333	62.3806012351	69.8602055217	66.8353651854	49.2454254623
51.001854887	57.3891414642	65.1883449335	23.2347611523	64.3940480714	57.4596322932	63.8507313866	71.1991823881	63.4000558782	65.5471705115	67.5783272776	66.4535548846	48.5517758462	66.181495983	63.8313248265	42.9293767725	68.1281188492	72.0381481952	36.1062920125	61.4495953121	62.8104040492	87.3684685627	66.1311191674	65.1931458319	66.1156762853	55.9688337701	68.7176188164	63.1745887842	46.1322154877	66.5274490727	70.1795845223	40.3785422219	65.1500022213	56.6771307341	61.5836861885	69.6088875678	67.2412660122	65.2623041294	66.6310432749	55.6777283477	66.8806024733	62.1329165369	59.869601671	43.0115963665	30.9459378744	69.5838282244	48.1224886055	48.1262767853	68.8784612301	58.2580685667	-42.8165322421	52.9893338197	56.0883001203	59.7302739415	65.3457251484	-48.6469914354	62.430740073	60.5728312606	44.9575855336	60.7150762732	22.6314689894	63.4670737734	68.9006116849	64.3289811199	62.8743086853	67.1690495854	57.1255639084	-53.7685656237	28.0542195744	63.3584528144	66.8121064863	42.4890994857	60.6902761615	59.3004416631	64.9109267146	52.2362148383	54.7376810513
58.3542105122	58.5525591745	58.2417751775	26.1511517948	65.3927122348	60.5514702964	69.0207641024	70.7895700886	66.4602137296	62.3277924952	67.9739023671	70.7549765614	48.5786992661	72.887189804	67.0851553292	46.8845943936	66.7036139928	70.4752709086	42.7180644215	68.9190471634	70.9620645772	66.1311191674	87.3684685627	65.2853203749	65.7167647666	62.3017385185	68.5765765946	64.3059952202	40.5526370133	71.521835986	70.2255915279	46.0079839422	67.5606871226	54.3358038207	69.0438591649	69.5070143295	68.4552977228	63.5389855914	68.3226702062	63.6499962426	68.9904115163	65.6691062877	65.6177611583	41.7039245574	36.9850859651	68.6126965597	47.0124448579	57.317164018	67.8986098314	58.6097888015	-46.4615528014	63.5631825388	60.5642067013	63.9536543123	68.1990222163	-45.4778148073	66.5248027131	59.9180914186	48.4532400071	65.1987009651	28.636901865	67.1253442183	69.3777747994	64.8175691537	65.1509323899	69.1119738996	67.9789753605	-49.7572583456	29.0854363701	66.430735893	70.3371123152	44.3360696103	68.0515974184	62.4587666772	68.2086150489	54.0074300496	49.1339454956
73.931235652	78.3175457607	71.659161283	39.1276090331	71.1185799417	73.7393977834	72.5846710624	75.7522049844	77.9485110863	66.2410518835	73.6515240072	75.5122095973	58.5749580249	76.0366873482	75.2922213031	60.2216760283	72.6700613646	73.4335162389	53.1166131215	70.4549526493	77.7950505071	65.1931458319	65.2853203749	87.3684685627	60.3728912989	77.3234795384	73.9057519857	82.2506874541	70.9218567705	74.2689588225	71.0332075166	53.5446326886	77.3144851686	68.4929167265	82.2178258229	81.9446889678	73.8789728442	66.8763945541	65.2344941358	73.4006991728	69.2419956987	76.3712766072	73.0711323249	61.794895973	56.0081619424	67.2118050674	50.7591279832	60.4775112579	70.5285368157	75.0394842475	-61.25985011	76.6128455127	80.3760442746	80.3613411088	77.4539905824	-55.2970002028	62.967964082	73.0177985013	44.4842158748	75.2332279194	36.4844058409	73.635393546	66.4913406295	64.0246912085	64.1002490744	75.1986762457	63.5910172711	-56.8833794277	43.9517508354	70.6360325265	65.5847125689	63.4138957682	75.9464079998	62.4825351649	68.207513477	71.1546191174	54.9630903892
45.197463721	49.625074075	49.7224490846	25.3300962551	76.3047132941	60.9265817454	61.8880373634	72.2239666907	59.0658260406	55.8046919546	68.7567075237	64.6473697906	50.3694707687	60.7771467172	61.4892182194	32.6229742223	67.1548573845	64.6375444684	43.3686810288	71.3482672702	57.4100871012	66.1156762853	65.7167647666	60.3728912989	87.3684685627	56.8259677878	70.3721555522	56.2546565139	38.8435252939	69.1509153253	72.2525441753	44.7139743669	62.5254340579	44.8748883527	58.4261372639	66.3368247891	62.8311396226	62.7877743436	67.777734862	51.1909264147	63.9861293003	51.0327941551	62.0896714535	42.9241597351	35.0170020861	68.328332357	62.8120750455	52.3591613775	66.0680650049	64.6937465883	-34.2677671106	51.5954237415	49.7207912223	62.3845311663	64.2608883995	-38.3442284942	69.1003662713	59.8954398721	62.2795170248	53.226983012	24.872934272	59.344314595	74.9295201686	69.8532964933	65.2428849118	61.9215345693	59.4834979905	-43.5337900196	26.0120849235	53.788802319	70.4883625947	40.0000114022	59.9869751083	53.3863869834	74.4617398958	50.925551724	54.1024932072
77.4304615897	71.0800436395	62.2163923699	37.4103545223	69.0698862792	69.6981054359	69.2764307483	75.5863382922	65.1681617959	64.5138667914	68.9489481995	72.9201612322	65.3876747649	73.7213922869	77.9551521376	68.543248614	71.2948262501	67.7730265592	53.2593921545	68.9327385026	76.6423640619	55.9688337701	62.3017385185	77.3234795384	56.8259677878	87.3684685627	69.8848991556	78.1744996556	65.0411264374	68.6468919921	67.2638655143	59.1308850688	66.3444434778	57.896711532	78.3562221186	75.0777858251	68.6742184082	59.4197089693	65.128663963	66.1035438648	70.0737528928	70.074244978	73.5882656454	55.8046212065	45.8698898393	60.4654245197	50.9357383772	59.228708175	60.4911760552	67.7948564443	-60.0789800106	74.5141433499	75.4953340723	81.6415700474	73.9859185437	-53.6685927283	61.6139023108	71.0956903686	50.8790978201	64.9022014648	36.2538119042	72.6613511924	61.5368167417	59.8773728155	62.1298994258	68.9213930219	65.6907281904	-57.1582208621	38.9264170857	68.7920497391	62.338921935	60.5948241721	69.6727124352	59.001613603	65.2669602005	68.4393054302	49.5667834666
64.8840143354	69.8254640206	59.9577829438	39.1693652216	75.6602725688	73.3389619738	77.9733774182	81.638323348	70.6823362456	66.3873505077	78.6229824411	77.3848973393	55.2179425602	73.0587163184	75.1316986595	47.2549260183	76.7635606385	79.6200006894	45.5733863446	75.3364935876	75.1097817807	68.7176188164	68.5765765946	73.9057519857	70.3721555522	69.8848991556	87.3684685627	73.6712178761	59.0311864895	79.5190369569	76.9225974531	57.7500228418	76.0108328335	59.3132639591	70.0779185875	77.3747116895	77.1541387385	67.3263530244	77.8675850533	68.871179418	76.1510658225	70.107283245	72.2463962765	54.548974777	47.092464599	73.6815746806	55.4748214909	56.0614451141	69.4511237631	72.341787984	-50.3870918351	69.217187961	71.0052115509	76.1698305672	75.8256015174	-46.3119544395	74.8103923454	72.9619429356	62.2064758639	72.3424021196	43.3382602893	75.6794412367	80.0627740286	78.0412979688	74.2253563061	80.4265653942	70.9406396338	-57.0955416274	43.3378260863	73.0908672648	68.6341145669	47.5433844019	68.7628401422	67.5936895498	80.4746692816	62.6963695806	63.3679746687
77.4765238949	79.4919221207	74.2150299697	41.1965875568	68.3544958095	76.5187213167	72.594403453	74.3588766314	73.5800999556	64.2089563615	70.563048942	74.1681702202	56.9654747339	75.1144881812	76.0246969022	65.9178151447	72.1430369656	71.4969065151	54.3567902794	67.134803415	78.0840044205	63.1745887842	64.3059952202	82.2506874541	56.2546565139	78.1744996556	73.6712178761	87.3684685627	69.6172059748	72.8758673424	70.063905936	56.3751126946	74.6606140787	67.176188991	81.3154296659	78.1402414324	71.3817608821	62.323286052	64.1496390271	73.4290707774	69.0917375718	76.3845137129	71.8885248244	62.1312848228	54.2985770565	63.6030160895	46.7904729103	60.6440562676	65.2914139675	69.0793335443	-67.5034583966	77.8078430809	81.0857915951	80.6513113513	74.0349631152	-59.3176938694	59.4786852734	69.7633506062	43.4992168312	75.9712848481	42.792944107	71.7643330765	65.2275187283	61.1057640592	62.0397416616	75.7017540257	63.7717521999	-61.2205560298	44.7023031344	71.3793056669	62.4529653193	61.1996723268	75.2366638783	61.3385207729	64.9918669367	66.1228265992	52.1933081865
67.3881445365	67.7269537508	58.4909200087	50.9564148708	57.0769891868	64.0012561362	58.6176443098	57.6948769898	60.0772960025	50.2683365915	53.3961516604	57.3416795665	49.8660495481	55.9655180573	62.284470792	50.3973758094	55.0729994372	54.8776131238	54.6371904487	51.4868419726	62.1058007054	46.1322154877	40.5526370133	70.9218567705	38.8435252939	65.0411264374	59.0311864895	69.6172059748	87.3684685627	56.0507852513	49.7663185693	55.5707166755	61.5338801806	55.537408385	68.4569931535	66.3847461132	53.4275740915	47.3201759472	47.4609574998	58.6789637807	46.1334222141	60.1805348329	54.8375881844	62.9069363035	54.8147459924	45.5821770257	39.66230181	50.0408816905	45.855122852	62.5961845221	-61.5853374977	64.4474306516	73.354023082	67.8568493331	57.2371911477	-54.6271606701	45.3475853235	57.3540241155	45.459453631	58.3958310556	46.6322087423	56.5520900586	48.4164254642	48.5544230811	48.3714720722	62.6771024485	47.4571642403	-59.3355888612	47.8491267391	52.4085389371	39.7845247698	56.5274612222	63.7081907222	44.1938816155	52.0141146631	48.5310499126	50.9640905281
61.9781319565	66.0535627172	60.1503379683	28.6134896738	73.6119431404	64.7087653121	77.9653408979	79.8957208726	69.9766649572	59.906333232	79.0283065534	82.15759546	47.5267072725	78.6035775855	74.1471068975	45.7791829565	75.1520532897	73.7317324599	42.8362847428	77.0022256377	78.0934082659	66.5274490727	71.521835986	74.2689588225	69.1509153253	68.6468919921	79.5190369569	72.8758673424	56.0507852513	87.3684685627	79.6738164702	48.9974529635	76.5533384213	67.2342353183	72.7254866429	80.015555645	78.147233076	66.3587763348	76.5984949038	65.375760371	74.356624212	68.4550746131	69.9458554557	48.112818739	47.4844585716	75.6536663271	51.0214334995	60.4782276478	70.4936847522	68.2786741859	-46.4024442629	65.7654499031	67.8334166048	73.7457832607	77.6584212573	-43.0116259282	77.3983009475	72.430798809	51.7324156911	68.9861543228	28.3350495429	80.4702135721	78.928839644	77.2369581957	75.5320327477	76.5479347609	65.5237770262	-52.4229759329	28.6694856008	73.3920076572	70.089935552	49.0440225651	68.0971389308	67.9786188999	76.1024498871	64.5390525666	52.4113293373
57.4885229647	61.3822149756	58.8086639846	25.991129448	73.3640631897	62.6080795243	72.7300575741	79.5600976327	68.4994925082	59.9184435937	79.0544465751	79.1767693794	49.5001745862	74.9089023135	74.5244006632	52.4705230547	73.8855673365	71.2977798248	45.1313014623	77.2213926889	72.0502657351	70.1795845223	70.2255915279	71.0332075166	72.2525441753	67.2638655143	76.9225974531	70.063905936	49.7663185693	79.6738164702	87.3684685627	48.2813753935	73.0842580363	62.5682916568	72.1123256338	74.7984130013	71.3130856676	65.423816622	74.7689743611	58.0262243559	76.6146163115	67.6868931367	71.1683045313	49.6407498721	41.8249746407	73.8706921172	49.8415858038	63.662235589	68.6601220026	63.7424830659	-44.7797355939	61.3743970998	64.477661411	71.2032683967	76.2813996531	-46.3435925011	76.3557680663	72.4975116819	51.4308244711	64.6761820134	22.8475569405	77.0013596134	79.0710349491	74.4330820121	71.6995981387	71.0553185465	64.6272743265	-49.1320126017	22.1597668962	70.7298908683	74.6051994039	46.2711721006	66.4047960637	62.6635451506	75.4520952716	61.6964631788	54.1693502528
60.9160009651	58.7415074508	40.3307703613	49.9052418639	57.0325726729	64.3071325984	55.7691492627	57.619642141	51.7625770732	41.7700895717	47.4195943817	48.0139313683	53.6022250184	43.8729865792	61.6416255451	41.0801723301	49.8887863208	52.6637440976	62.5189664791	51.0177113	51.4264004141	40.3785422219	46.0079839422	53.5446326886	44.7139743669	59.1308850688	57.7500228418	56.3751126946	55.5707166755	48.9974529635	48.2813753935	87.3684685627	54.7772230857	34.9874461193	52.5054132769	52.3978588043	51.4487417352	57.270428991	55.015137715	47.2835759124	48.6634037581	54.1881873518	59.9579529388	59.0369234074	39.5467695277	45.3431706031	47.6789976347	49.5697425308	36.5622348115	52.4290238045	-42.3814162998	60.3593480224	63.0737625769	62.2001861456	42.8547630294	-40.1913571214	52.97178579	43.4644340812	67.5205336343	52.2269434234	63.1857034602	48.3104029214	54.3545782959	51.9602049391	55.5029561058	63.8778632296	53.0982797999	-44.5827265828	56.3552981058	41.0145032836	43.5256497993	33.8739344898	53.0708633354	46.9738067378	62.0887821867	37.1767931098	67.5323073893
62.0791717621	75.7539255802	66.2507031419	35.4230826746	65.7905213657	72.1241759006	73.9035568878	74.9169030714	76.1981864753	63.2494073743	73.5552677149	75.2040787494	44.365044717	73.2629669758	71.8015809299	44.6387647155	72.4156430174	77.0755300856	52.2013646937	67.7219750384	74.8037710668	65.1500022213	67.5606871226	77.3144851686	62.5254340579	66.3444434778	76.0108328335	74.6606140787	61.5338801806	76.5533384213	73.0842580363	54.7772230857	87.3684685627	69.5596834325	74.4291270496	78.5821792971	76.2442810584	70.2424916085	68.3135223788	69.1762723451	65.116427497	76.3266752461	69.3265465713	59.7387680222	54.4096439852	70.7547795767	49.1389263224	66.2679335588	72.7666708391	70.1675259364	-59.4128067266	72.4685673737	72.5955804836	73.0173666375	73.9695939865	-50.4440918109	67.1483817439	67.603928954	45.8023162112	73.6553954526	36.4722415802	73.390478204	72.7260795531	70.8956313775	69.141814592	78.4945725597	61.9685088849	-58.6197747365	40.3824214417	68.6432113905	66.1080498592	49.7990778792	72.9984154797	64.5170023307	71.9139213089	62.9699368888	62.051817641
54.4828045204	62.1117861529	58.3646355756	17.6984545798	50.3911158142	53.0437121829	61.7842193424	60.5153275842	60.9423480945	50.1491018561	61.2454613185	68.239655691	31.4758827402	65.3729678364	63.2696120421	45.8923033406	57.8158174115	61.2597522633	42.0406443251	56.0477695698	64.7881781842	56.6771307341	54.3358038207	68.4929167265	44.8748883527	57.896711532	59.3132639591	67.176188991	55.537408385	67.2342353183	62.5682916568	34.9874461193	69.5596834325	87.3684685627	67.0294130638	69.6207562154	66.1516929978	56.9498472535	54.3968803619	58.2379811479	54.702822141	66.4770234712	61.3480974405	56.3766503645	58.3453518507	58.7881767046	29.6248970044	61.2913067597	55.9705531387	53.9592629801	-46.4532333146	57.241889405	60.7104228457	62.7403142204	64.1444255277	-42.4582456315	55.2911015152	58.60627226	25.487069792	61.5942121057	15.8881978789	67.5683737699	58.0817076423	54.2119042581	55.1318684189	61.8939529554	45.2022183585	-45.3118376042	18.7568396925	64.9773021701	55.259005479	41.4084809815	60.33905576	55.341523734	53.3973036097	62.3681029847	40.4281026042
75.9864731568	75.5562330658	71.346303718	40.4657757346	66.6666743474	71.9484677691	71.8693279262	73.8001591727	75.6177694289	65.3615160665	70.1231006201	74.6071999547	57.4001932259	76.1984289574	77.4397771323	66.7943790644	70.7692545642	69.2800905372	56.4104273379	69.375803927	77.8436180479	61.5836861885	69.0438591649	82.2178258229	58.4261372639	78.3562221186	70.0779185875	81.3154296659	68.4569931535	72.7254866429	72.1123256338	52.5054132769	74.4291270496	67.0294130638	87.3684685627	79.2066290759	68.8288068151	64.3166961467	63.2906323521	69.5486640589	67.4998871549	78.3367035065	72.6707185673	62.9674623663	52.9896807121	62.3157781537	44.1882006789	64.5253813719	66.7182960749	68.0925444827	-64.292626747	77.3539507438	79.0165753297	78.2470722778	75.7674215995	-60.5605254247	62.0584249213	69.6716060889	44.3917562813	72.5876969339	33.9026462463	73.1954528764	63.9423903979	61.0285361668	62.8971768745	70.6586082473	64.5164067886	-56.7901859551	37.3642281525	68.8535730649	66.6861821888	64.9605856747	77.6768874619	58.9125734349	65.443720442	67.44136014	50.4143292736
69.1764258117	72.585422821	67.0159616102	32.771694178	73.5449980003	69.7066474171	76.4705879884	80.8360118514	73.1394940412	66.9691763593	77.4839473608	79.1662248423	55.6993316685	79.0881498887	78.1755633911	51.781388918	76.0933212469	74.8741597503	50.961941751	74.342591023	80.6210877528	69.6088875678	69.5070143295	81.9446889678	66.3368247891	75.0777858251	77.3747116895	78.1402414324	66.3847461132	80.015555645	74.7984130013	52.3978588043	78.5821792971	69.6207562154	79.2066290759	87.3684685627	78.8104895198	66.7161020886	73.0220304699	70.189358204	72.4374296661	73.9351031765	72.2358746155	58.2627996658	54.4274572599	72.7874042187	55.193627749	64.8959659845	71.4322248121	74.9520708903	-56.4699883824	71.3589664409	74.8065542203	79.2125910813	78.3910132294	-52.0286265122	71.8639034477	74.1275791049	51.0770001898	72.1633061942	33.345530713	78.005287597	72.5197939682	72.391809061	72.3469666525	76.6732912003	63.7907290005	-58.7616554412	35.1501109961	73.1889850235	68.5817331276	58.880606156	73.2900297931	66.5815716217	74.1184313497	70.2966290664	55.6476786539
61.1040956821	68.948431364	59.0695422066	25.7889694465	67.0334053873	63.5063671583	76.7005065795	77.7694904812	71.0542512653	62.9206773377	77.3450162892	76.5072315391	53.8620539509	77.8313380398	72.8649420713	43.5664323994	73.2826717478	78.2986034218	42.4175731723	70.4328818305	75.415066422	67.2412660122	68.4552977228	73.8789728442	62.8311396226	68.6742184082	77.1541387385	71.3817608821	53.4275740915	78.147233076	71.3130856676	51.4487417352	76.2442810584	66.1516929978	68.8288068151	78.8104895198	87.3684685627	66.9466189757	73.3434664319	70.4766622511	74.8208533918	70.3417517051	72.2841488486	48.449051359	41.3113853399	75.2219544457	50.756694603	55.2218659828	71.4367823298	70.9299825569	-46.326573204	67.6735653451	67.4410809225	73.6153792833	74.1893820893	-40.2927762455	72.6252903843	70.926594255	50.4670520638	70.7513019691	31.1927632778	78.5046661124	74.037803525	74.635990532	71.8783872539	77.3940120248	66.0703038886	-52.508952488	34.1074431286	77.2131169937	63.7203184793	47.4351591574	66.2552211262	66.9331871669	73.5567849224	70.636775979	56.7349265839
59.1061509473	64.2840929013	60.2042990605	31.0264283613	64.1883422999	63.703560884	67.3839878005	69.5939254262	70.5243705531	62.1250707323	68.4879561762	64.2387545712	45.7297603159	64.7199587665	64.51506302	43.4947813958	64.0290364043	72.4409219381	45.2036159832	64.6281431056	62.9606794597	65.2623041294	63.5389855914	66.8763945541	62.7877743436	59.4197089693	67.3263530244	62.323286052	47.3201759472	66.3587763348	65.423816622	57.270428991	70.2424916085	56.9498472535	64.3166961467	66.7161020886	66.9466189757	87.3684685627	60.6949036618	58.7058843076	62.4381484782	66.1825869867	65.0972434626	51.2114798151	40.0122322007	67.2472544341	46.8668079929	52.4639036362	68.4882440164	58.2650796189	-37.6370879417	62.953188547	62.359421096	64.6626375913	63.5512982866	-39.4159978865	65.2179047315	60.9585738156	49.3427282207	67.1966960132	33.2559180594	64.0075429336	68.7964856181	60.8918348934	63.3682933794	69.3560984847	59.8752829663	-45.5112380384	37.5758350684	58.9863843968	67.1859403122	43.2323554497	64.2687983916	57.9769112287	68.9591533358	54.2080938939	63.9192591876
56.7868905814	60.3268374832	48.6742844701	33.8243358571	72.3373625588	60.5363815427	76.2127580604	79.1469498383	58.834285938	56.0540165291	72.7310213052	75.9060833607	51.2595357976	71.0987002765	70.6198817763	40.1451137209	71.9179625701	69.8877808183	40.4716865095	70.0186457306	72.1690846719	66.6310432749	68.3226702062	65.2344941358	67.777734862	65.128663963	77.8675850533	64.1496390271	47.4609574998	76.5984949038	74.7689743611	55.015137715	68.3135223788	54.3968803619	63.2906323521	73.0220304699	73.3434664319	60.6949036618	87.3684685627	57.8194428628	75.8006748169	63.4032843277	65.4776645265	44.959550004	35.6398889591	73.8315246252	53.180662553	55.487253802	63.4297508297	65.9445866393	-42.1644808144	58.8267677831	59.6529314965	70.2583739884	68.3864971679	-42.7484729485	78.0588348147	62.4773511709	59.5818639434	61.15476768	34.0434210442	75.7260862659	78.4260376024	81.0295968578	77.4490086274	75.399566366	65.0280191794	-51.917650842	30.0098454036	67.7086940167	64.7871526634	45.0726581596	59.7760855055	64.7136079849	76.9948652225	58.9114381618	56.0995833914
66.0708741567	73.0151245346	62.7384553579	41.0522904464	60.3431005836	68.9713330019	67.062571194	66.1516851382	69.2315424834	64.4440526627	65.0496299742	65.7507913204	51.7632395224	69.2673522906	63.6218247626	48.6467665057	64.858522801	72.5093730541	38.827102418	58.4662821118	71.7418146465	55.6777283477	63.6499962426	73.4006991728	51.1909264147	66.1035438648	68.871179418	73.4290707774	58.6789637807	65.375760371	58.0262243559	47.2835759124	69.1762723451	58.2379811479	69.5486640589	70.189358204	70.4766622511	58.7058843076	57.8194428628	87.3684685627	62.7705591611	70.0018337927	64.8916998949	48.1137023096	39.9303656387	60.2543876788	40.5137789466	41.259920896	69.7565393147	69.9283732088	-53.9091894922	75.0337004113	70.9913379565	68.8954885647	70.4069255465	-45.9536076311	53.0516823201	65.3114202175	38.5944720085	75.0413380995	46.5491268575	63.2171789544	58.7670648032	56.8026517417	56.7258220417	71.1693139085	64.5529982708	-51.2673597392	51.4869398963	67.62333869	57.0520534069	54.7179732151	70.3209472829	61.1457251972	62.6631603683	64.3789287919	47.1671430801
62.7355098283	62.8879044003	55.5850325017	23.945665945	69.6570545371	59.619580668	74.8086680722	78.1739602917	65.7469352341	64.588487592	77.88872107	77.5960993071	54.5983821762	76.2979139368	74.7743022878	51.0637180212	71.4961702303	72.3661515675	34.8253489874	72.828925253	75.2040760874	66.8806024733	68.9904115163	69.2419956987	63.9861293003	70.0737528928	76.1510658225	69.0917375718	46.1334222141	74.356624212	76.6146163115	48.6634037581	65.116427497	54.702822141	67.4998871549	72.4374296661	74.8208533918	62.4381484782	75.8006748169	62.7705591611	87.3684685627	66.7745846943	68.7067497851	40.2251876226	33.5562885104	73.5946860809	50.5276304312	51.7284892601	65.575355067	63.4088264557	-40.5782254912	60.4847499071	66.4455495389	71.2472145127	74.6723575571	-38.0003154948	75.6601226943	73.7841410574	52.4432735136	66.7145604904	26.2921930978	77.3207790202	72.5275506827	73.2935971538	72.4946152201	72.6414684128	69.470322234	-46.5553620924	29.2321577033	77.2907632396	65.86951866	50.3676538284	60.4096247782	59.9440222326	73.647964704	64.0673173451	52.2437381478
70.2738056986	78.1114030919	70.1888853214	40.8126512806	57.1227634702	70.295492761	70.6568755904	71.3218965783	76.1362017229	68.6202301127	66.9463128612	71.0539966311	47.4497571389	73.3336196004	71.8230196628	57.5319392753	68.6295216747	72.4351662864	47.2781914304	65.2140022258	76.8139009052	62.1329165369	65.6691062877	76.3712766072	51.0327941551	70.074244978	70.107283245	76.3845137129	60.1805348329	68.4550746131	67.6868931367	54.1881873518	76.3266752461	66.4770234712	78.3367035065	73.9351031765	70.3417517051	66.1825869867	63.4032843277	70.0018337927	66.7745846943	87.3684685627	70.3507758345	57.0065751005	46.6547763116	61.3560941991	37.5960417742	58.0203480359	68.7810124334	61.7381043204	-55.9194020647	76.1612127277	74.7801989577	73.5793629461	69.731272147	-48.7979088384	59.8940544987	65.9598249645	39.230907275	76.3593691236	38.746687707	71.2415017407	62.9079540918	60.1449809433	62.6736566335	74.2321631813	67.3542881933	-50.3213201008	42.6411692743	70.0998352538	64.7274341301	60.4807454386	72.7150759465	59.6052634671	64.2441507865	65.5661281596	53.2758039962
65.6885343476	65.6609314477	60.8138860716	37.4564652098	67.4141659881	68.6844184067	68.1747347545	75.8497991381	70.7429634201	63.600179358	69.9437300448	68.3181302409	57.4192701724	69.0887111182	71.9543284371	61.9303779162	72.2445328799	70.1098196769	51.6642575085	73.2288925388	70.5772631369	59.869601671	65.6177611583	73.0711323249	62.0896714535	73.5882656454	72.2463962765	71.8885248244	54.8375881844	69.9458554557	71.1683045313	59.9579529388	69.3265465713	61.3480974405	72.6707185673	72.2358746155	72.2841488486	65.0972434626	65.4776645265	64.8916998949	68.7067497851	70.3507758345	87.3684685627	63.2120602742	45.2070237634	64.0743948338	48.9097714296	56.5700396951	66.3811011994	64.4846061228	-48.3210391963	73.4043189543	68.9734540678	74.5046684895	70.1710136307	-49.8176861709	64.0767732185	67.6027862838	53.5614572811	66.1147529411	36.1832960586	68.8348880475	67.1230309059	62.377150747	60.0432873545	69.3379138286	66.2302638259	-50.2801812921	40.4313816913	65.5416182657	71.498952108	47.7285833136	72.2550735847	64.1193801303	67.6869319595	70.720224389	57.878714194
59.1782214057	61.8318365799	49.3899409332	46.9072884663	50.3391167385	66.9868050279	51.6047290619	51.7376327456	56.4339106677	42.6743700873	44.9387404795	46.1991703593	42.931180107	44.6224559752	58.7472100762	48.9451165365	50.4638553673	52.1783100792	65.9160310131	49.7499040965	48.7173106906	43.0115963665	41.7039245574	61.794895973	42.9241597351	55.8046212065	54.548974777	62.1312848228	62.9069363035	48.112818739	49.6407498721	59.0369234074	59.7387680222	56.3766503645	62.9674623663	58.2627996658	48.449051359	51.2114798151	44.959550004	48.1137023096	40.2251876226	57.0065751005	63.2120602742	87.3684685627	59.15092785	36.7786649228	39.2115480975	59.3638641349	40.4644615884	55.5449557017	-56.3909227511	61.1230441786	64.0835317486	60.2635517676	46.9726031015	-58.8552263676	41.3429334718	43.2752491976	45.6916007176	55.5378580956	45.0179416861	45.5367359093	46.8060035801	42.6197611152	42.0443094691	56.3027359861	39.2678463234	-51.6282532836	46.5780210815	40.5105245393	44.4705229753	45.8626699016	61.9558327361	46.6919708899	49.4094053895	49.2633725946	60.1525511919
47.8635654835	50.2904014018	47.4629935422	16.1738860814	45.3794744429	52.5920647757	44.5203087053	43.2623887483	49.4273527403	31.5024798893	42.295031323	47.3542628602	23.1840195421	37.7966767961	50.3607439269	34.1313995627	40.8647314947	39.3974180113	51.7516686557	42.5931581545	45.7246965582	30.9459378744	36.9850859651	56.0081619424	35.0170020861	45.8698898393	47.092464599	54.2985770565	54.8147459924	47.4844585716	41.8249746407	39.5467695277	54.4096439852	58.3453518507	52.9896807121	54.4274572599	41.3113853399	40.0122322007	35.6398889591	39.9303656387	33.5562885104	46.6547763116	45.2070237634	59.15092785	87.3684685627	40.0587087767	44.1610719608	62.0690901053	31.1890666547	49.5326882941	-48.4275489684	46.6108232902	55.8893250653	52.1694763885	41.9973127918	-35.4522911935	37.242198197	43.9699385736	28.575351633	42.3110036726	23.9970252757	44.9105270408	42.5848159423	37.4068827496	42.9212003579	46.5946696737	28.7684175353	-40.0908348292	23.6849990292	38.3594368845	36.5333140737	31.4880839739	45.1009779241	33.6537828769	41.6289195928	36.1870376599	40.4781072784
51.3198355076	56.6076455405	55.6615235075	15.8979197003	70.0287372102	53.745812487	73.0419834905	75.6471841036	64.2030933601	60.7576897963	78.0006272429	77.5261395306	45.9295616618	73.285066301	69.1807160121	36.4851514089	71.3150902908	71.3530448593	39.5319329525	68.3816969529	70.9017638031	69.5838282244	68.6126965597	67.2118050674	68.328332357	60.4654245197	73.6815746806	63.6030160895	45.5821770257	75.6536663271	73.8706921172	45.3431706031	70.7547795767	58.7881767046	62.3157781537	72.7874042187	75.2219544457	67.2472544341	73.8315246252	60.2543876788	73.5946860809	61.3560941991	64.0743948338	36.7786649228	40.0587087767	87.3684685627	50.5356696999	57.0430605659	68.069247778	62.0963400798	-40.5870565312	54.6179806463	58.8635450375	64.2507611531	70.69819679	-37.899662851	75.5700392273	69.0308344126	51.0849630329	61.5106020417	19.7505621969	75.4353787525	77.2209365591	76.2585817908	74.6830619557	71.2007718695	63.0166661758	-54.0746085371	20.5127762885	70.8748802014	64.8036088039	36.7462348787	57.8651455829	59.681494333	74.6482454211	56.2303115836	52.5589717718
38.2192241271	44.0858795158	41.1519130687	21.6022673398	65.2698045081	54.3599245707	50.3322416496	55.9737267154	48.5544666433	39.7860685888	51.7547974318	49.0030725499	47.4146215872	42.324348104	50.9930076025	21.8185761058	53.6005879417	47.7699649352	42.1808635746	50.109205863	43.5679132039	48.1224886055	47.0124448579	50.7591279832	62.8120750455	50.9357383772	55.4748214909	46.7904729103	39.66230181	51.0214334995	49.8415858038	47.6789976347	49.1389263224	29.6248970044	44.1882006789	55.193627749	50.756694603	46.8668079929	53.180662553	40.5137789466	50.5276304312	37.5960417742	48.9097714296	39.2115480975	44.1610719608	50.5356696999	87.3684685627	48.3338401273	42.5508941986	59.7239208059	-40.1527488641	43.50966453	46.7056895354	53.8666293159	45.4795610183	-30.0753091877	52.1265012948	45.5904771983	55.9982509658	42.3243595789	29.7672930151	45.1539250364	55.7705107269	52.2685003626	53.9357645987	52.7842957677	45.4722700362	-38.9070408198	35.4234287543	40.0232227273	45.8437352192	30.7794848667	46.1931885857	40.455524535	58.946294721	32.3104461685	48.6536405396
52.1535814072	54.0780431264	49.0905021955	13.1667522667	54.089830095	54.2675378941	57.5761072665	60.5860206106	54.973467214	39.7318278288	57.8405293703	65.1159524992	36.6511992846	57.2676431667	69.3011046521	42.2184507402	56.2268182691	51.7374337795	62.9555627891	57.489351424	58.1676591707	48.1262767853	57.317164018	60.4775112579	52.3591613775	59.228708175	56.0614451141	60.6440562676	50.0408816905	60.4782276478	63.662235589	49.5697425308	66.2679335588	61.2913067597	64.5253813719	64.8959659845	55.2218659828	52.4639036362	55.487253802	41.259920896	51.7284892601	58.0203480359	56.5700396951	59.3638641349	62.0690901053	57.0430605659	48.3338401273	87.3684685627	42.1855104744	50.753256078	-59.1841049854	49.8943028088	58.4597936917	61.5027068684	57.0838648521	-50.1967185228	58.9006596062	53.2937671169	40.815316066	51.2025457782	16.5019119233	63.2308728641	57.0627889559	55.8737533142	59.4523649087	57.6465508054	42.2253928622	-54.3985314992	9.92000978731	51.9279355009	51.2759402171	38.4946658885	53.3483865014	48.7321199442	57.1651357452	42.215528007	50.5033146761
54.5485731772	65.4548355812	62.278756425	36.2458468668	63.3204593475	63.087817598	66.5977227457	72.6179381562	73.4700839883	69.2734816768	69.8551886283	67.5903433097	46.0887718857	72.5442820333	61.1903348791	43.9501674636	70.0083026639	74.3776858182	31.6008589148	66.7538028829	70.153721511	68.8784612301	67.8986098314	70.5285368157	66.0680650049	60.4911760552	69.4511237631	65.2914139675	45.855122852	70.4936847522	68.6601220026	36.5622348115	72.7666708391	55.9705531387	66.7182960749	71.4322248121	71.4367823298	68.4882440164	63.4297508297	69.7565393147	65.575355067	68.7810124334	66.3811011994	40.4644615884	31.1890666547	68.069247778	42.5508941986	42.1855104744	87.3684685627	67.6039517161	-40.7479519938	66.6899479422	59.9990735584	64.5847048646	71.5133169487	-38.7631084989	62.4916323875	65.6596551522	39.0427415636	67.1557705716	26.9994671944	66.3626664587	67.2832882553	63.7166256953	59.339544414	68.8966296065	59.8144163335	-46.2294767159	35.3921033061	66.0802100169	69.1611736478	53.6335407128	69.5879289097	60.229469911	64.9681106971	65.307909612	50.3065176282
61.7562482754	70.4344516752	55.2257193282	42.6360595168	69.6648140896	71.6093349577	64.8548415963	71.3544650867	70.2206524796	58.1281231424	66.0684465536	63.9926008314	61.3765389192	63.8872724945	66.7853364693	44.5472370832	64.4962583002	70.6929045803	49.4032391976	67.1753280172	65.2129150649	58.2580685667	58.6097888015	75.0394842475	64.6937465883	67.7948564443	72.341787984	69.0793335443	62.5961845221	68.2786741859	63.7424830659	52.4290238045	70.1675259364	53.9592629801	68.0925444827	74.9520708903	70.9299825569	58.2650796189	65.9445866393	69.9283732088	63.4088264557	61.7381043204	64.4846061228	55.5449557017	49.5326882941	62.0963400798	59.7239208059	50.753256078	67.6039517161	87.3684685627	-50.3421634541	68.1547191717	69.4070829544	73.9695366799	68.2791248435	-50.663096561	60.776451148	65.3332986527	55.5793782845	66.4308413577	44.8952498158	63.9535913289	65.1221591968	65.5533302263	61.1669000282	71.3061976361	58.048192592	-51.7760003394	50.9742181673	59.3787940538	57.5856488478	52.696205023	66.9997990043	60.4551173776	69.7824181419	64.9082986451	59.1028252913
-58.4426267228	-61.6313242054	-57.16106214	-34.7640181885	-44.2350682902	-59.9969033676	-54.408556162	-49.3608686383	-52.9823800372	-39.5895451911	-43.0775821705	-52.5801009422	-38.8045826484	-51.427507758	-57.0054800852	-49.5897173201	-55.104918121	-49.2938774943	-58.3193635119	-34.8975836507	-56.1574472267	-42.8165322421	-46.4615528014	-61.25985011	-34.2677671106	-60.0789800106	-50.3870918351	-67.5034583966	-61.5853374977	-46.4024442629	-44.7797355939	-42.3814162998	-59.4128067266	-46.4532333146	-64.292626747	-56.4699883824	-46.326573204	-37.6370879417	-42.1644808144	-53.9091894922	-40.5782254912	-55.9194020647	-48.3210391963	-56.3909227511	-48.4275489684	-40.5870565312	-40.1527488641	-59.1841049854	-40.7479519938	-50.3421634541	87.3684685627	-58.4226476901	-66.73219301	-58.5266981948	-51.1641011224	70.9895064955	-33.396737671	-45.1756946332	-25.2924570956	-53.9649765651	-32.0682459833	-49.3797405265	-37.6687789852	-40.0581682163	-42.8175664508	-54.7383853081	-42.6530786562	71.0230795254	-35.986673517	-46.184684398	-35.3445840279	-49.7484703997	-58.5259728272	-41.7195011651	-40.7648540171	-35.9827127538	-39.8054711456
75.7908058111	78.1912152615	68.1908775702	54.0771913728	63.0852322579	77.5419782574	66.3206211531	68.3786764574	74.3880483874	65.8310321023	63.2343342749	64.7096924209	58.1757064131	67.4832924173	68.9426683558	62.8214502057	67.5837302332	70.3172848382	50.1148098078	64.0930310379	73.0582517627	52.9893338197	63.5631825388	76.6128455127	51.5954237415	74.5141433499	69.217187961	77.8078430809	64.4474306516	65.7654499031	61.3743970998	60.3593480224	72.4685673737	57.241889405	77.3539507438	71.3589664409	67.6735653451	62.953188547	58.8267677831	75.0337004113	60.4847499071	76.1612127277	73.4043189543	61.1230441786	46.6108232902	54.6179806463	43.50966453	49.8943028088	66.6899479422	68.1547191717	-58.4226476901	87.3684685627	77.283633027	76.9200638018	68.7463783953	-50.4441153219	54.1209154411	61.695900374	48.4862883253	73.9852867682	53.6397852791	62.9194585229	60.4821905397	55.1148413356	55.5338510918	71.3720992464	65.3241165357	-50.1416701739	56.233691769	61.5079487673	60.5942716994	59.7954868766	77.6736459792	60.1539510854	62.4084322408	65.0887592298	55.5140233805
79.4921406066	79.7312366023	67.3726459539	46.8178992217	63.7626633317	75.5278681227	71.4395867243	69.952641046	74.1814678888	60.487236546	67.1897381003	69.7377041041	58.1589434503	69.2306349921	75.6516289072	60.1170269668	67.3322593776	69.1004058478	58.0090894487	63.9711571798	74.9738591745	56.0883001203	60.5642067013	80.3760442746	49.7207912223	75.4953340723	71.0052115509	81.0857915951	73.354023082	67.8334166048	64.477661411	63.0737625769	72.5955804836	60.7104228457	79.0165753297	74.8065542203	67.4410809225	62.359421096	59.6529314965	70.9913379565	66.4455495389	74.7801989577	68.9734540678	64.0835317486	55.8893250653	58.8635450375	46.7056895354	58.4597936917	59.9990735584	69.4070829544	-66.73219301	77.283633027	87.3684685627	78.7466570401	70.9082974462	-59.2559985149	58.7686886119	68.5673928548	47.9653490331	75.4818943716	48.6870364173	68.6848217081	60.0915503061	59.6615813049	62.2954824615	74.2775642096	63.3508399205	-59.4154810753	53.2730163983	65.9643351143	55.9988218694	62.4466676194	72.2311024261	57.6396316428	65.0836612398	60.9705062929	59.4737557735
77.5682845955	76.3932685713	64.4586917594	41.806877273	72.6795435057	76.0698632294	72.8758109582	78.3715957647	71.3582975016	64.3013889969	72.3972975902	74.6752979204	61.498471299	74.5335845318	77.3179570892	62.1544336868	73.780683082	72.3918240845	54.9894715921	73.2242771849	76.6604579623	59.7302739415	63.9536543123	80.3613411088	62.3845311663	81.6415700474	76.1698305672	80.6513113513	67.8568493331	73.7457832607	71.2032683967	62.2001861456	73.0173666375	62.7403142204	78.2470722778	79.2125910813	73.6153792833	64.6626375913	70.2583739884	68.8954885647	71.2472145127	73.5793629461	74.5046684895	60.2635517676	52.1694763885	64.2507611531	53.8666293159	61.5027068684	64.5847048646	73.9695366799	-58.5266981948	76.9200638018	78.7466570401	87.3684685627	74.2842264855	-53.0050856598	66.6818937444	71.618236656	54.7897535111	72.0745134248	45.1570800269	73.9364569318	68.9858349891	67.5131153841	66.3197036228	75.6525823651	67.056827846	-55.9941550302	44.4260227711	69.8478105268	63.3739503243	60.6352047146	72.7589044132	64.9775526806	71.1819899202	69.5826497272	56.8757432622
65.6090450346	66.8170057147	63.3211731228	25.5892645393	68.2477815178	63.9216195868	73.0626271699	78.6881051515	69.4304569818	67.3113157123	78.2675415605	78.5071993959	54.4310922512	79.1977548821	74.5429800788	54.9555819497	73.5044423421	73.8205674393	37.3516474358	73.8207081582	77.6880781239	65.3457251484	68.1990222163	77.4539905824	64.2608883995	73.9859185437	75.8256015174	74.0349631152	57.2371911477	77.6584212573	76.2813996531	42.8547630294	73.9695939865	64.1444255277	75.7674215995	78.3910132294	74.1893820893	63.5512982866	68.3864971679	70.4069255465	74.6723575571	69.731272147	70.1710136307	46.9726031015	41.9973127918	70.69819679	45.4795610183	57.0838648521	71.5133169487	68.2791248435	-51.1641011224	68.7463783953	70.9082974462	74.2842264855	87.3684685627	-47.5137473653	68.0172168588	76.3966022654	42.6379344137	68.1586423799	20.396476898	77.5985457114	69.610182415	69.4471154451	67.3813088489	71.1169634904	65.4431289933	-52.1950793064	27.5017942857	75.4837553995	69.830834345	56.8017535619	69.2065469291	61.9358664463	69.9227108352	70.2948280181	49.4616389208
-54.8371074089	-53.556925444	-50.8895833372	-35.5822619436	-43.6139400445	-55.2297707909	-46.5942263464	-49.0617257969	-48.5885783935	-37.8943261539	-40.1221595141	-43.6625489772	-44.3270432348	-46.2539487896	-53.5865133595	-51.7238233586	-50.9312836854	-47.5740078117	-56.880190893	-39.2800952846	-48.228461377	-48.6469914354	-45.4778148073	-55.2970002028	-38.3442284942	-53.6685927283	-46.3119544395	-59.3176938694	-54.6271606701	-43.0116259282	-46.3435925011	-40.1913571214	-50.4440918109	-42.4582456315	-60.5605254247	-52.0286265122	-40.2927762455	-39.4159978865	-42.7484729485	-45.9536076311	-38.0003154948	-48.7979088384	-49.8176861709	-58.8552263676	-35.4522911935	-37.899662851	-30.0753091877	-50.1967185228	-38.7631084989	-50.663096561	70.9895064955	-50.4441153219	-59.2559985149	-53.0050856598	-47.5137473653	87.3684685627	-31.7486898502	-40.0776687084	-29.7592319892	-48.0852889767	-29.4074465262	-42.5624331307	-37.4162764204	-36.8355117474	-36.7733505257	-49.2204614542	-39.2540274413	68.8006059312	-34.7087546817	-36.8231054925	-41.1374860964	-44.3363586969	-56.464542401	-41.9050658837	-40.4157917455	-38.3719569824	-42.809976654
53.1090173128	54.3708540527	44.4625340917	24.3122809716	72.6363858473	55.6588736224	75.3901927704	76.4936437406	61.1447901676	52.9445690578	76.7940360259	77.0267715592	46.7295470421	69.8930968891	71.7709988493	35.8934674095	68.9067979081	67.4488736566	41.9755359209	73.7379477216	69.2471356469	62.430740073	66.5248027131	62.967964082	69.1003662713	61.6139023108	74.8103923454	59.4786852734	45.3475853235	77.3983009475	76.3557680663	52.97178579	67.1483817439	55.2911015152	62.0584249213	71.8639034477	72.6252903843	65.2179047315	78.0588348147	53.0516823201	75.6601226943	59.8940544987	64.0767732185	41.3429334718	37.242198197	75.5700392273	52.1265012948	58.9006596062	62.4916323875	60.776451148	-33.396737671	54.1209154411	58.7686886119	66.6818937444	68.0172168588	-31.7486898502	87.3684685627	66.7426967582	61.0482891978	58.6454570787	23.4393746916	77.6544793898	79.3685425764	80.9868923982	78.0099190057	71.6233805891	63.0023873082	-46.1275656824	19.4446567561	67.5978337376	64.4158536977	41.5757784805	55.400970183	59.5837107562	79.2945407078	55.6121417027	55.6650511606
62.1311948321	62.8243907029	56.8843019132	19.7868255236	66.7109408114	58.1659696186	68.2794026625	74.5243127019	66.147421624	64.2927635924	77.6254743247	73.9115527662	50.6929240648	74.3515053796	73.6890722702	51.1624262666	69.0094416094	69.6778611339	39.7419975231	70.5379414507	73.0412485694	60.5728312606	59.9180914186	73.0177985013	59.8954398721	71.0956903686	72.9619429356	69.7633506062	57.3540241155	72.430798809	72.4975116819	43.4644340812	67.603928954	58.60627226	69.6716060889	74.1275791049	70.926594255	60.9585738156	62.4773511709	65.3114202175	73.7841410574	65.9598249645	67.6027862838	43.2752491976	43.9699385736	69.0308344126	45.5904771983	53.2937671169	65.6596551522	65.3332986527	-45.1756946332	61.695900374	68.5673928548	71.618236656	76.3966022654	-40.0776687084	66.7426967582	87.3684685627	43.3419173163	64.5717259399	23.099635185	74.4489771143	66.1788378775	63.9359299474	64.0973872752	66.3871749657	66.5761689082	-48.1497063081	27.6226899837	72.5592208028	63.4112554007	50.9791202395	61.822744093	55.6598877168	68.0179928093	68.5519832612	44.7883345377
47.3348186835	43.8917111963	31.1818158662	44.3824192425	65.0542704574	57.2480390282	51.0971610171	59.098699671	43.6958451209	43.675958115	51.4223048527	47.667683796	57.8505979547	40.7781843717	56.4079456104	26.106846029	50.4456018205	51.8195859363	49.7403655559	58.7097030463	45.5722917016	44.9575855336	48.4532400071	44.4842158748	62.2795170248	50.8790978201	62.2064758639	43.4992168312	45.459453631	51.7324156911	51.4308244711	67.5205336343	45.8023162112	25.487069792	44.3917562813	51.0770001898	50.4670520638	49.3427282207	59.5818639434	38.5944720085	52.4432735136	39.230907275	53.5614572811	45.6916007176	28.575351633	51.0849630329	55.9982509658	40.815316066	39.0427415636	55.5793782845	-25.2924570956	48.4862883253	47.9653490331	54.7897535111	42.6379344137	-29.7592319892	61.0482891978	43.3419173163	87.3684685627	44.2378829168	53.9913004894	45.4733419966	62.814928139	61.3482593494	57.1758573805	57.3500166072	51.8847982489	-38.8962353371	46.0278317467	39.3245007394	46.8829297724	27.5647889029	47.469023225	46.0285458405	69.080629101	32.9106029179	65.618691589
68.5460376893	79.8817020769	67.5647810206	39.7311012212	59.7712312442	72.7937439047	69.2859318387	68.516336893	76.1245307975	63.9204582786	67.126839773	67.7115336076	50.9940221544	70.5844875661	69.0845160927	49.0329239715	65.6056048266	76.4126793302	44.137311053	65.4108751141	72.6871048405	60.7150762732	65.1987009651	75.2332279194	53.226983012	64.9022014648	72.3424021196	75.9712848481	58.3958310556	68.9861543228	64.6761820134	52.2269434234	73.6553954526	61.5942121057	72.5876969339	72.1633061942	70.7513019691	67.1966960132	61.15476768	75.0413380995	66.7145604904	76.3593691236	66.1147529411	55.5378580956	42.3110036726	61.5106020417	42.3243595789	51.2025457782	67.1557705716	66.4308413577	-53.9649765651	73.9852867682	75.4818943716	72.0745134248	68.1586423799	-48.0852889767	58.6454570787	64.5717259399	44.2378829168	87.3684685627	49.5138023261	64.7528944845	63.0273854831	60.1693381446	60.1654821185	76.9354449922	64.8960435684	-50.5195370204	55.1743361289	69.7223439883	60.5655133821	56.0914659565	70.0482749289	63.0984198409	65.6302348815	62.6873426274	57.9179647014
48.171431838	52.5705168876	32.0785639044	65.4070927609	35.9401538641	59.7993169918	34.2387064014	32.9955954534	37.9944399587	35.5859920146	24.8664987459	22.6603674261	41.3445857801	23.8505473867	35.4492974802	24.2096256483	29.8483083437	41.5818217608	39.9426684455	30.869895628	33.3964837713	22.6314689894	28.636901865	36.4844058409	24.872934272	36.2538119042	43.3382602893	42.792944107	46.6322087423	28.3350495429	22.8475569405	63.1857034602	36.4722415802	15.8881978789	33.9026462463	33.345530713	31.1927632778	33.2559180594	34.0434210442	46.5491268575	26.2921930978	38.746687707	36.1832960586	45.0179416861	23.9970252757	19.7505621969	29.7672930151	16.5019119233	26.9994671944	44.8952498158	-32.0682459833	53.6397852791	48.6870364173	45.1570800269	20.396476898	-29.4074465262	23.4393746916	23.099635185	53.9913004894	49.5138023261	87.3684685627	18.7202599119	31.9732519677	29.6473935731	27.847456531	49.1190663467	42.7247085637	-29.6256429554	74.5895956478	22.6210354739	23.6974552145	24.3831924784	44.8624842596	39.9724740252	40.542785966	21.7691022377	52.9175585617
64.2059647284	64.030383628	56.0728829592	23.2278681852	67.3526657213	58.0819110769	79.7635960099	78.919380009	66.608443054	58.5366753962	79.2425164881	84.0098873082	47.5797384552	80.6157647213	77.1727041328	51.3663341329	74.4124892404	70.7702464882	42.9688649826	71.3397860464	79.5430429199	63.4670737734	67.1253442183	73.635393546	59.344314595	72.6613511924	75.6794412367	71.7643330765	56.5520900586	80.4702135721	77.0013596134	48.3104029214	73.390478204	67.5683737699	73.1954528764	78.005287597	78.5046661124	64.0075429336	75.7260862659	63.2171789544	77.3207790202	71.2415017407	68.8348880475	45.5367359093	44.9105270408	75.4353787525	45.1539250364	63.2308728641	66.3626664587	63.9535913289	-49.3797405265	62.9194585229	68.6848217081	73.9364569318	77.5985457114	-42.5624331307	77.6544793898	74.4489771143	45.4733419966	64.7528944845	18.7202599119	87.3684685627	74.2020508246	75.8632985347	75.5822144128	73.928653662	65.1020718064	-54.629246131	18.1162752193	78.3940978293	64.0774872408	52.5329519024	62.3465189308	62.5490095135	73.0134818434	65.1344811588	49.1958414156
54.6830056461	59.9784697542	55.7012826829	30.5300709293	78.2333346355	64.2732957779	74.5403023025	78.9395100058	65.1643858417	58.7189794147	78.5622467318	76.5430515959	47.6204392498	69.2280771219	69.2611547242	39.9388508848	72.4751078131	72.5102569466	44.1390042092	74.5653946363	68.3862182254	68.9006116849	69.3777747994	66.4913406295	74.9295201686	61.5368167417	80.0627740286	65.2275187283	48.4164254642	78.928839644	79.0710349491	54.3545782959	72.7260795531	58.0817076423	63.9423903979	72.5197939682	74.037803525	68.7964856181	78.4260376024	58.7670648032	72.5275506827	62.9079540918	67.1230309059	46.8060035801	42.5848159423	77.2209365591	55.7705107269	57.0627889559	67.2832882553	65.1221591968	-37.6687789852	60.4821905397	60.0915503061	68.9858349891	69.610182415	-37.4162764204	79.3685425764	66.1788378775	62.814928139	63.0273854831	31.9732519677	74.2020508246	87.3684685627	80.3959582685	74.5842264206	75.317265366	64.4998295735	-49.0758411767	28.8962275995	66.8883618377	68.9456508974	39.4522864384	63.0721849505	62.8764278943	81.9865453567	55.8120369959	59.1641888477
51.4439421548	57.1674022548	46.8737908552	28.8979502737	71.9446283674	58.7227590668	75.5697164208	76.8955803448	60.1985944739	54.9111511755	75.3989184932	76.723162688	47.6012089874	69.1292157228	69.9475417599	31.3518096598	70.7359743017	69.696089976	42.3896877549	70.3513732254	68.895401852	64.3289811199	64.8175691537	64.0246912085	69.8532964933	59.8773728155	78.0412979688	61.1057640592	48.5544230811	77.2369581957	74.4330820121	51.9602049391	70.8956313775	54.2119042581	61.0285361668	72.391809061	74.635990532	60.8918348934	81.0295968578	56.8026517417	73.2935971538	60.1449809433	62.377150747	42.6197611152	37.4068827496	76.2585817908	52.2685003626	55.8737533142	63.7166256953	65.5533302263	-40.0581682163	55.1148413356	59.6615813049	67.5131153841	69.4471154451	-36.8355117474	80.9868923982	63.9359299474	61.3482593494	60.1693381446	29.6473935731	75.8632985347	80.3959582685	87.3684685627	79.4825265413	73.7497264186	63.8836540934	-50.6271043235	27.2754985341	68.5937507692	61.7157957468	39.8239969063	56.7104645463	62.804679384	80.8385857781	55.1389665082	57.5769800073
55.972251078	58.103681294	48.6106832159	24.6707219825	68.2400454212	57.4581784813	75.3766640571	73.6140334591	59.790181419	54.5434227631	73.1494145862	76.7353751339	46.0242558157	68.4461610994	73.8613318943	33.5314182945	70.8941795765	66.7665907203	43.3637817486	67.5413665085	71.66082459	62.8743086853	65.1509323899	64.1002490744	65.2428849118	62.1298994258	74.2253563061	62.0397416616	48.3714720722	75.5320327477	71.6995981387	55.5029561058	69.141814592	55.1318684189	62.8971768745	72.3469666525	71.8783872539	63.3682933794	77.4490086274	56.7258220417	72.4946152201	62.6736566335	60.0432873545	42.0443094691	42.9212003579	74.6830619557	53.9357645987	59.4523649087	59.339544414	61.1669000282	-42.8175664508	55.5338510918	62.2954824615	66.3197036228	67.3813088489	-36.7733505257	78.0099190057	64.0973872752	57.1758573805	60.1654821185	27.847456531	75.5822144128	74.5842264206	79.4825265413	87.3684685627	72.8766953373	61.6657044983	-49.3890988806	25.9944077399	68.0481241659	61.6733973592	44.1806457365	55.4097370115	57.1396633116	77.3142919013	52.6499423723	55.0301139638
67.1423344969	76.8312728485	62.6330067173	43.0240898389	70.5635779494	74.8373485753	78.7311100273	77.1460083485	73.7654893086	63.481588493	73.0702079435	74.572641836	53.1377566815	73.5923970412	72.6094751426	45.6978974895	72.2377473303	79.0505080783	48.3650555916	69.3528011261	76.6740407405	67.1690495854	69.1119738996	75.1986762457	61.9215345693	68.9213930219	80.4265653942	75.7017540257	62.6771024485	76.5479347609	71.0553185465	63.8778632296	78.4945725597	61.8939529554	70.6586082473	76.6732912003	77.3940120248	69.3560984847	75.399566366	71.1693139085	72.6414684128	74.2321631813	69.3379138286	56.3027359861	46.5946696737	71.2007718695	52.7842957677	57.6465508054	68.8966296065	71.3061976361	-54.7383853081	71.3720992464	74.2775642096	75.6525823651	71.1169634904	-49.2204614542	71.6233805891	66.3871749657	57.3500166072	76.9354449922	49.1190663467	73.928653662	75.317265366	73.7497264186	72.8766953373	87.3684685627	67.4102386775	-59.922841961	50.6428861648	71.9654696168	62.2722156372	51.1914608482	69.227783153	65.5516122231	75.435229307	61.7397361485	66.6235288678
61.8040223799	59.8112792903	52.7135197223	35.4427456533	63.0229998483	62.8669385285	68.6921453434	69.452920227	64.0793910907	66.6131399423	66.8096870849	65.0615818142	52.0055695004	66.9254298464	66.3924730614	46.9241419277	65.7803925434	68.1274111328	37.2896747671	66.121829523	68.7954248764	57.1255639084	67.9789753605	63.5910172711	59.4834979905	65.6907281904	70.9406396338	63.7717521999	47.4571642403	65.5237770262	64.6272743265	53.0982797999	61.9685088849	45.2022183585	64.5164067886	63.7907290005	66.0703038886	59.8752829663	65.0280191794	64.5529982708	69.470322234	67.3542881933	66.2302638259	39.2678463234	28.7684175353	63.0166661758	45.4722700362	42.2253928622	59.8144163335	58.048192592	-42.6530786562	65.3241165357	63.3508399205	67.056827846	65.4431289933	-39.2540274413	63.0023873082	66.5761689082	51.8847982489	64.8960435684	42.7247085637	65.1020718064	64.4998295735	63.8836540934	61.6657044983	67.4102386775	87.3684685627	-41.6983813264	41.6654175444	64.8171851186	66.009259607	43.3079466343	65.9154041628	56.8182303567	69.2886070212	55.2375638369	47.791705705
-54.297113018	-53.8733938026	-51.209264945	-34.156720714	-51.8312947759	-54.9745301521	-59.037376743	-57.1688079187	-48.6510013705	-42.5338737933	-52.2871474162	-56.2079145047	-42.9726586823	-55.7087498914	-56.8055868069	-42.9431302609	-58.1006736711	-59.0838350772	-57.0163382677	-43.4110673538	-57.0410483584	-53.7685656237	-49.7572583456	-56.8833794277	-43.5337900196	-57.1582208621	-57.0955416274	-61.2205560298	-59.3355888612	-52.4229759329	-49.1320126017	-44.5827265828	-58.6197747365	-45.3118376042	-56.7901859551	-58.7616554412	-52.508952488	-45.5112380384	-51.917650842	-51.2673597392	-46.5553620924	-50.3213201008	-50.2801812921	-51.6282532836	-40.0908348292	-54.0746085371	-38.9070408198	-54.3985314992	-46.2294767159	-51.7760003394	71.0230795254	-50.1416701739	-59.4154810753	-55.9941550302	-52.1950793064	68.8006059312	-46.1275656824	-48.1497063081	-38.8962353371	-50.5195370204	-29.6256429554	-54.629246131	-49.0758411767	-50.6271043235	-49.3890988806	-59.922841961	-41.6983813264	87.3684685627	-29.7699359866	-50.0407502949	-43.0119064987	-42.513821246	-53.0204672889	-47.1996961272	-51.2835420312	-35.6067230642	-49.8998201787
47.338245053	59.2452118135	38.7674936083	59.603847018	35.00100529	61.5485626512	33.1156336805	33.6709741819	48.7932095696	41.7296015653	25.7587568941	21.8583216636	43.5290220781	25.1863111204	33.3823619784	26.3248992867	30.5800235124	46.0612362195	34.415373145	30.9799054355	34.014382327	28.0542195744	29.0854363701	43.9517508354	26.0120849235	38.9264170857	43.3378260863	44.7023031344	47.8491267391	28.6694856008	22.1597668962	56.3552981058	40.3824214417	18.7568396925	37.3642281525	35.1501109961	34.1074431286	37.5758350684	30.0098454036	51.4869398963	29.2321577033	42.6411692743	40.4313816913	46.5780210815	23.6849990292	20.5127762885	35.4234287543	9.92000978731	35.3921033061	50.9742181673	-35.986673517	56.233691769	53.2730163983	44.4260227711	27.5017942857	-34.7087546817	19.4446567561	27.6226899837	46.0278317467	55.1743361289	74.5895956478	18.1162752193	28.8962275995	27.2754985341	25.9944077399	50.6428861648	41.6654175444	-29.7699359866	87.3684685627	26.1340531951	25.4177833781	30.4843359108	47.758242804	38.9974383758	38.5945284838	32.1509892918	54.4440204088
60.8175120771	63.9043202473	60.5077965632	17.0944424212	60.802255964	55.5847879232	74.8383327343	73.4043880387	63.2587612976	65.3892092561	75.0753718067	78.131366629	48.3669368966	80.8753048502	72.1308857114	50.0018481733	69.8034433474	74.3174821342	31.537078654	65.4951743432	77.9730790795	63.3584528144	66.430735893	70.6360325265	53.788802319	68.7920497391	73.0908672648	71.3793056669	52.4085389371	73.3920076572	70.7298908683	41.0145032836	68.6432113905	64.9773021701	68.8535730649	73.1889850235	77.2131169937	58.9863843968	67.7086940167	67.62333869	77.2907632396	70.0998352538	65.5416182657	40.5105245393	38.3594368845	70.8748802014	40.0232227273	51.9279355009	66.0802100169	59.3787940538	-46.184684398	61.5079487673	65.9643351143	69.8478105268	75.4837553995	-36.8231054925	67.5978337376	72.5592208028	39.3245007394	69.7223439883	22.6210354739	78.3940978293	66.8883618377	68.5937507692	68.0481241659	71.9654696168	64.8171851186	-50.0407502949	26.1340531951	87.3684685627	62.6293553331	48.7365495318	60.5698724421	60.0717755679	65.8747761912	65.2955315004	45.1877210287
54.0927518667	53.9687732113	61.5576392679	26.9714508822	66.6521803215	60.013142613	64.0158818537	73.7043862196	63.7132433798	66.1289129484	69.3247508992	66.442771755	47.2880088451	68.3019418221	62.667243189	51.4185033971	66.9305902683	69.3751259199	36.2852814509	72.6747728792	67.9724205222	66.8121064863	70.3371123152	65.5847125689	70.4883625947	62.338921935	68.6341145669	62.4529653193	39.7845247698	70.089935552	74.6051994039	43.5256497993	66.1080498592	55.259005479	66.6861821888	68.5817331276	63.7203184793	67.1859403122	64.7871526634	57.0520534069	65.86951866	64.7274341301	71.498952108	44.4705229753	36.5333140737	64.8036088039	45.8437352192	51.2759402171	69.1611736478	57.5856488478	-35.3445840279	60.5942716994	55.9988218694	63.3739503243	69.830834345	-41.1374860964	64.4158536977	63.4112554007	46.8829297724	60.5655133821	23.6974552145	64.0774872408	68.9456508974	61.7157957468	61.6733973592	62.2722156372	66.009259607	-43.0119064987	25.4177833781	62.6293553331	87.3684685627	43.5329177858	67.3794018095	59.0566911605	68.4306886537	59.4343804634	51.665005163
66.6748486455	61.6294536055	54.1331082551	40.9829372506	48.8938616494	54.6153582018	52.3261752792	53.9649062571	55.5418880132	51.0015006606	47.8995170124	52.825096756	44.6441993626	57.8445656859	55.1395121378	52.9077014388	53.2290541276	46.4068184202	36.3479437717	50.7499660204	61.1237965661	42.4890994857	44.3360696103	63.4138957682	40.0000114022	60.5948241721	47.5433844019	61.1996723268	56.5274612222	49.0440225651	46.2711721006	33.8739344898	49.7990778792	41.4084809815	64.9605856747	58.880606156	47.4351591574	43.2323554497	45.0726581596	54.7179732151	50.3676538284	60.4807454386	47.7285833136	45.8626699016	31.4880839739	36.7462348787	30.7794848667	38.4946658885	53.6335407128	52.696205023	-49.7484703997	59.7954868766	62.4466676194	60.6352047146	56.8017535619	-44.3363586969	41.5757784805	50.9791202395	27.5647889029	56.0914659565	24.3831924784	52.5329519024	39.4522864384	39.8239969063	44.1806457365	51.1914608482	43.3079466343	-42.513821246	30.4843359108	48.7365495318	43.5329177858	87.3684685627	61.0645720168	37.6999730822	42.3537333244	53.5393974686	35.1263498621
71.1367795659	72.9696703511	70.4376147344	48.2130396624	66.9377533639	74.6853312027	67.047768858	69.6595630813	74.1836283803	68.371744279	63.204513255	65.6721670098	54.0225161707	70.115268854	68.5029300957	59.3940738363	68.8636446745	68.750688574	49.0018922349	66.3033971644	71.0420907333	60.6902761615	68.0515974184	75.9464079998	59.9869751083	69.6727124352	68.7628401422	75.2366638783	63.7081907222	68.0971389308	66.4047960637	53.0708633354	72.9984154797	60.33905576	77.6768874619	73.2900297931	66.2552211262	64.2687983916	59.7760855055	70.3209472829	60.4096247782	72.7150759465	72.2550735847	61.9558327361	45.1009779241	57.8651455829	46.1931885857	53.3483865014	69.5879289097	66.9997990043	-58.5259728272	77.6736459792	72.2311024261	72.7589044132	69.2065469291	-56.464542401	55.400970183	61.822744093	47.469023225	70.0482749289	44.8624842596	62.3465189308	63.0721849505	56.7104645463	55.4097370115	69.227783153	65.9154041628	-53.0204672889	47.758242804	60.5698724421	67.3794018095	61.0645720168	87.3684685627	59.6814518713	62.6290804975	61.2174663058	55.0841738045
53.7649840818	59.0455535073	52.348843137	31.0160794966	58.5414163138	60.6103991567	61.2215100986	68.1529938901	58.3972373062	57.6622903249	61.398808511	65.6788052984	44.6834531321	62.8783973009	61.0412576839	39.1831392909	62.9244286782	69.0341013427	40.3578880221	61.8711406017	62.3806012351	59.3004416631	62.4587666772	62.4825351649	53.3863869834	59.001613603	67.5936895498	61.3385207729	44.1938816155	67.9786188999	62.6635451506	46.9738067378	64.5170023307	55.341523734	58.9125734349	66.5815716217	66.9331871669	57.9769112287	64.7136079849	61.1457251972	59.9440222326	59.6052634671	64.1193801303	46.6919708899	33.6537828769	59.681494333	40.455524535	48.7321199442	60.229469911	60.4551173776	-41.7195011651	60.1539510854	57.6396316428	64.9775526806	61.9358664463	-41.9050658837	59.5837107562	55.6598877168	46.0285458405	63.0984198409	39.9724740252	62.5490095135	62.8764278943	62.804679384	57.1396633116	65.5516122231	56.8182303567	-47.1996961272	38.9974383758	60.0717755679	59.0566911605	37.6999730822	59.6814518713	87.3684685627	62.0368267922	55.9545723709	50.8797827577
58.9406939979	62.3953410457	50.929816467	36.9435463245	77.5632039495	67.6243024682	74.5614622182	78.6366504742	66.3476100365	61.1509392946	78.1366889874	75.0611718377	54.7163275339	68.8530899002	73.5932974683	39.2488401677	71.9652276114	73.3117589182	50.5671127761	74.735806092	69.8602055217	64.9109267146	68.2086150489	68.207513477	74.4617398958	65.2669602005	80.4746692816	64.9918669367	52.0141146631	76.1024498871	75.4520952716	62.0887821867	71.9139213089	53.3973036097	65.443720442	74.1184313497	73.5567849224	68.9591533358	76.9948652225	62.6631603683	73.647964704	64.2441507865	67.6869319595	49.4094053895	41.6289195928	74.6482454211	58.946294721	57.1651357452	64.9681106971	69.7824181419	-40.7648540171	62.4084322408	65.0836612398	71.1819899202	69.9227108352	-40.4157917455	79.2945407078	68.0179928093	69.080629101	65.6302348815	40.542785966	73.0134818434	81.9865453567	80.8385857781	77.3142919013	75.435229307	69.2886070212	-51.2835420312	38.5945284838	65.8747761912	68.4306886537	42.3537333244	62.6290804975	62.0368267922	87.3684685627	56.0455990765	64.7062465066
60.2051516567	65.7910758893	53.1541199815	25.6394775807	55.0514541386	56.8485970799	60.2753466113	66.9523374138	63.8941481873	60.4345387594	63.7051402113	61.4802702622	52.8622172636	68.1573006821	62.6113946475	54.1526737808	59.6309985533	64.1348308721	29.3544884803	67.0966062793	66.8353651854	52.2362148383	54.0074300496	71.1546191174	50.925551724	68.4393054302	62.6963695806	66.1228265992	48.5310499126	64.5390525666	61.6964631788	37.1767931098	62.9699368888	62.3681029847	67.44136014	70.2966290664	70.636775979	54.2080938939	58.9114381618	64.3789287919	64.0673173451	65.5661281596	70.720224389	49.2633725946	36.1870376599	56.2303115836	32.3104461685	42.215528007	65.307909612	64.9082986451	-35.9827127538	65.0887592298	60.9705062929	69.5826497272	70.2948280181	-38.3719569824	55.6121417027	68.5519832612	32.9106029179	62.6873426274	21.7691022377	65.1344811588	55.8120369959	55.1389665082	52.6499423723	61.7397361485	55.2375638369	-35.6067230642	32.1509892918	65.2955315004	59.4343804634	53.5393974686	61.2174663058	55.9545723709	56.0455990765	87.3684685627	39.8766692519
52.6685073311	61.6920907475	44.773260782	45.6758956068	55.3847290599	65.4049771125	56.8414764149	59.1187032662	59.9734545686	48.7479179831	53.5864880812	49.7346449874	50.1808027242	46.1174750848	57.328859226	33.2439867373	51.8351608127	63.9869743898	52.7321832748	55.3041074065	49.2454254623	54.7376810513	49.1339454956	54.9630903892	54.1024932072	49.5667834666	63.3679746687	52.1933081865	50.9640905281	52.4113293373	54.1693502528	67.5323073893	62.051817641	40.4281026042	50.4143292736	55.6476786539	56.7349265839	63.9192591876	56.0995833914	47.1671430801	52.2437381478	53.2758039962	57.878714194	60.1525511919	40.4781072784	52.5589717718	48.6536405396	50.5033146761	50.3065176282	59.1028252913	-39.8054711456	55.5140233805	59.4737557735	56.8757432622	49.4616389208	-42.809976654	55.6650511606	44.7883345377	65.618691589	57.9179647014	52.9175585617	49.1958414156	59.1641888477	57.5769800073	55.0301139638	66.6235288678	47.791705705	-49.8998201787	54.4440204088	45.1877210287	51.665005163	35.1263498621	55.0841738045	50.8797827577	64.7062465066	39.8766692519	87.3684685627
Genotype stats (X^T * X): 	26.9690269053
Gene expression - Genotype stats (Y^T * X): 
-10.832611826	-12.6987152831	-9.28940045475	-10.6901797677	-13.6895886288	-16.8875324802	-15.9812569156	-13.7867119052	-12.3009980158	-10.1709005766	-14.3255237529	-11.7759226719	-14.2901318901	-12.8197962508	-13.2133782311	-7.64542019524	-14.5735069333	-12.1143794145	-5.59891390535	-13.2437761595	-13.6159867247	-13.9356708368	-11.3400684416	-12.4368471761	-15.1314445559	-12.2024725109	-14.0637511725	-11.668065126	-6.92185408471	-13.1562125309	-13.508375713	-8.18874147518	-11.2002600002	-6.17135145336	-12.0251589641	-14.9335123301	-13.4869980524	-9.94120800245	-16.8898174535	-9.1413421549	-16.5240380446	-10.3671313227	-9.93970919596	-5.72538897729	-7.45624959104	-11.7160742512	-16.5250909427	-7.69294889357	-13.2877491679	-16.9247512064	5.45216114523	-10.2650565039	-11.2364399632	-13.188908935	-12.599530552	8.82285765886	-15.4188301985	-9.72302996969	-14.0109996437	-11.5831573107	-7.6822572955	-14.0480470342	-13.9745566731	-15.8511065614	-14.8098192156	-15.1833711584	-10.8716588061	7.42927451152	-8.70675484592	-11.1062041106	-13.1051042393	-7.75261043072	-8.28047531026	-8.36293141875	-16.6253713148	-10.1854661732	-15.4089097251