Tissue	braincortex
N_samples	95
Chr	4
Gene	ENSG00000145451.8
SNP	rs2251316
Gene_list	ENSG00000147852.11	ENSG00000136267.9	ENSG00000134343.8	ENSG00000151229.8	ENSG00000054803.3	ENSG00000179841.8	ENSG00000176204.9	ENSG00000113319.7	ENSG00000153956.11	ENSG00000152578.8	ENSG00000185742.6	ENSG00000143061.13	ENSG00000164100.7	ENSG00000111885.5	ENSG00000172673.6	ENSG00000145451.8
Gene expression stats (Y^T * Y): 
87.3684685627	45.4860310977	28.8555228476	29.2626236397	40.1315741002	42.9045530946	48.2479457082	55.9279769966	35.8986825187	55.4273090872	51.9754659906	46.0507505779	32.920459336	25.8940659978	-52.6141378085	55.3802781318
45.4860310977	87.3684685627	41.0235890822	50.3837786304	49.955805238	52.1056494322	60.1047819387	56.236370296	60.7608206853	53.0225164399	57.6903572869	49.877808206	44.0656502434	51.4949475714	-49.0996642406	64.3866951928
28.8555228476	41.0235890822	87.3684685627	53.4002949155	45.8402128898	29.2036274754	47.6704485358	26.7762967088	57.5129590115	44.9395648846	42.2865629927	29.3313961845	25.9859196563	42.9834270496	-29.0059572183	56.4396244454
29.2626236397	50.3837786304	53.4002949155	87.3684685627	41.3641638937	36.029702017	42.6578100477	32.3485970159	61.7330702323	45.0645315821	47.2229669599	32.7633871948	42.6339871	45.7449443873	-24.9545724576	56.0533515336
40.1315741002	49.955805238	45.8402128898	41.3641638937	87.3684685627	43.0094080018	49.5976247599	51.307687694	50.0298574778	58.3340898222	53.274517388	44.7170485396	39.2078918325	48.4437461047	-54.2501122096	57.4910557785
42.9045530946	52.1056494322	29.2036274754	36.029702017	43.0094080018	87.3684685627	59.7932429355	58.0489012107	43.9658947307	56.1253797716	41.3746835822	50.0733960352	50.8978784869	58.6439241205	-49.5682024984	61.3181912644
48.2479457082	60.1047819387	47.6704485358	42.6578100477	49.5976247599	59.7932429355	87.3684685627	52.9973172525	51.8020044336	54.2243051482	48.8594363841	40.1487638337	53.1134240839	51.7009474343	-51.5918870971	61.1394713785
55.9279769966	56.236370296	26.7762967088	32.3485970159	51.307687694	58.0489012107	52.9973172525	87.3684685627	41.2021588307	62.7492819651	60.2484313721	61.6892917717	40.1655081084	41.3379860236	-61.7551082316	56.8725619904
35.8986825187	60.7608206853	57.5129590115	61.7330702323	50.0298574778	43.9658947307	51.8020044336	41.2021588307	87.3684685627	53.6189196543	53.7699816002	40.3984998733	39.451726288	51.8890823642	-37.8721371254	63.1527095075
55.4273090872	53.0225164399	44.9395648846	45.0645315821	58.3340898222	56.1253797716	54.2243051482	62.7492819651	53.6189196543	87.3684685627	58.7391310099	48.1933421429	41.6654585577	44.4379296857	-55.2151973203	59.2132341843
51.9754659906	57.6903572869	42.2865629927	47.2229669599	53.274517388	41.3746835822	48.8594363841	60.2484313721	53.7699816002	58.7391310099	87.3684685627	51.1089984241	36.7691267311	40.4595682424	-49.3645604412	56.7119060335
46.0507505779	49.877808206	29.3313961845	32.7633871948	44.7170485396	50.0733960352	40.1487638337	61.6892917717	40.3984998733	48.1933421429	51.1089984241	87.3684685627	42.8781485571	41.5639583862	-53.0450984195	55.372128187
32.920459336	44.0656502434	25.9859196563	42.6339871	39.2078918325	50.8978784869	53.1134240839	40.1655081084	39.451726288	41.6654585577	36.7691267311	42.8781485571	87.3684685627	61.0914100039	-36.400819971	52.662059412
25.8940659978	51.4949475714	42.9834270496	45.7449443873	48.4437461047	58.6439241205	51.7009474343	41.3379860236	51.8890823642	44.4379296857	40.4595682424	41.5639583862	61.0914100039	87.3684685627	-40.9760766442	62.156330161
-52.6141378085	-49.0996642406	-29.0059572183	-24.9545724576	-54.2501122096	-49.5682024984	-51.5918870971	-61.7551082316	-37.8721371254	-55.2151973203	-49.3645604412	-53.0450984195	-36.400819971	-40.9760766442	87.3684685627	-53.4917313692
55.3802781318	64.3866951928	56.4396244454	56.0533515336	57.4910557785	61.3181912644	61.1394713785	56.8725619904	63.1527095075	59.2132341843	56.7119060335	55.372128187	52.662059412	62.156330161	-53.4917313692	87.3684685627
Genotype stats (X^T * X): 	47.7473684211
Gene expression - Genotype stats (Y^T * X): 
7.62644694149	17.3160896202	19.95305756	21.1408339089	21.9303938417	21.1641302037	19.2869502976	13.992155416	23.8475701749	26.1086100443	13.8416269918	5.51196591983	12.2488610094	21.7331452521	-16.1977172624	23.5808967603