Tissue	braincortex
N_samples	95
Chr	19
Gene	ENSG00000221983.3
SNP	rs11672297
Gene_list	ENSG00000177600.4	ENSG00000115268.5	ENSG00000140988.11	ENSG00000171863.8	ENSG00000130255.8	ENSG00000116251.5	ENSG00000161970.8	ENSG00000166441.8	ENSG00000144713.8	ENSG00000110700.2	ENSG00000105640.8	ENSG00000221983.3	ENSG00000134419.11	ENSG00000137154.8	ENSG00000142676.8	ENSG00000198242.9	ENSG00000228474.1	ENSG00000231500.2	ENSG00000124614.9	ENSG00000198755.6	ENSG00000125691.8	ENSG00000108298.5	ENSG00000168028.9	ENSG00000100316.11	ENSG00000105193.4	ENSG00000188846.9	ENSG00000145592.9	ENSG00000131469.8	ENSG00000105372.2	ENSG00000142937.7	ENSG00000265681.2	ENSG00000178980.10	ENSG00000063177.8	ENSG00000142541.12	ENSG00000142534.2	ENSG00000213741.4	ENSG00000162244.6	ENSG00000123349.9	ENSG00000135390.13	ENSG00000170889.9	ENSG00000143947.8	ENSG00000108107.8	ENSG00000229117.4	ENSG00000092841.14	ENSG00000008988.5	ENSG00000083845.4	ENSG00000171858.13	ENSG00000149806.6	ENSG00000174444.10	ENSG00000137818.7	ENSG00000172809.8	ENSG00000149273.10	ENSG00000138326.14	ENSG00000186468.8	ENSG00000167526.9	ENSG00000156482.6	ENSG00000114391.8	ENSG00000071082.6	ENSG00000109475.12	ENSG00000118181.6	ENSG00000089157.11	ENSG00000136942.10	ENSG00000197958.8	ENSG00000112306.7	ENSG00000148303.12	ENSG00000161016.11	ENSG00000164587.7	ENSG00000145425.5	ENSG00000204628.7	ENSG00000182899.10	ENSG00000197756.5
Gene expression stats (Y^T * Y): 
87.3684685627	74.5756102197	63.4519321908	60.5018340054	72.951586699	54.6253189061	48.4964979393	65.3203929436	66.9378243928	48.8112615416	65.7741096674	63.5614836849	59.0309260289	64.4745936653	66.4048372804	72.9023199376	43.6681445354	62.539265512	62.6010465362	40.8319961814	62.2229346732	72.2880466033	51.001854887	58.3542105122	73.931235652	45.197463721	77.4304615897	64.8840143354	77.4765238949	61.9781319565	57.4885229647	40.9733732899	62.0791717621	75.9864731568	69.1764258117	61.1040956821	59.1061509473	56.7868905814	47.6641735376	66.0708741567	62.7355098283	70.2738056986	65.6885343476	58.3479443578	51.3198355076	54.5485731772	61.7562482754	75.7908058111	44.9323831551	79.4921406066	77.5682845955	65.6090450346	53.1090173128	62.1311948321	68.5460376893	64.2059647284	54.6830056461	37.4290728452	51.4439421548	55.972251078	42.09424132	67.1423344969	61.8040223799	60.8175120771	54.0927518667	71.1367795659	53.7649840818	38.0516267959	35.9209382232	58.9406939979	60.2051516567
74.5756102197	87.3684685627	69.013242566	59.7221535659	77.6826602537	38.2350462726	48.9115749236	68.0132327634	67.6418498249	53.8955945029	77.0320623423	62.6759225194	62.6038201961	65.5989160039	67.2894954368	69.5795598495	37.6114256466	63.3690913604	72.0856170877	46.9276384006	61.8871808819	71.7301067479	57.3891414642	58.5525591745	78.3175457607	49.625074075	71.0800436395	69.8254640206	79.4919221207	66.0535627172	61.3822149756	48.1117690588	75.7539255802	75.5562330658	72.585422821	68.948431364	64.2840929013	60.3268374832	42.1174514519	73.0151245346	62.8879044003	78.1114030919	65.6609314477	50.7317695847	56.6076455405	65.4548355812	70.4344516752	78.1912152615	47.0071432978	79.7312366023	76.3932685713	66.8170057147	54.3708540527	62.8243907029	79.8817020769	64.030383628	59.9784697542	46.1238866114	57.1674022548	58.103681294	50.1331465506	76.8312728485	59.8112792903	63.9043202473	53.9687732113	72.9696703511	59.0455535073	41.2280226934	40.7828786425	62.3953410457	65.7910758893
63.4519321908	69.013242566	87.3684685627	57.8759828768	65.9492254729	36.0343623785	44.7309923473	59.0707872545	61.7190394111	48.4552775681	69.0380604781	67.7946134652	59.3353427854	60.122697234	63.5444235428	59.7934155376	38.8794196329	63.0456460262	65.0654265439	51.0455412167	56.6682579126	65.2017369382	65.1883449335	58.2417751775	71.659161283	49.7224490846	62.2163923699	59.9577829438	74.2150299697	60.1503379683	58.8086639846	47.1860952728	66.2507031419	71.346303718	67.0159616102	59.0695422066	60.2042990605	48.6742844701	40.7621755515	62.7384553579	55.5850325017	70.1888853214	60.8138860716	55.529290741	55.6615235075	62.278756425	55.2257193282	68.1908775702	53.2056220114	67.3726459539	64.4586917594	63.3211731228	44.4625340917	56.8843019132	67.5647810206	56.0728829592	55.7012826829	41.5849611416	46.8737908552	48.6106832159	60.4584124027	62.6330067173	52.7135197223	60.5077965632	61.5576392679	70.4376147344	52.348843137	41.8351454228	56.8022844973	50.929816467	53.1541199815
60.5018340054	59.7221535659	57.8759828768	87.3684685627	67.574238295	52.4949086812	69.0353883395	69.1711065608	77.1198223751	68.5672487284	63.2364874741	57.8513444488	73.7960302243	72.42184159	66.3814274746	69.3060770425	43.4061526138	73.983472428	66.5122455666	54.4442305679	73.2205725801	67.7705890437	64.3940480714	65.3927122348	71.1185799417	76.3047132941	69.0698862792	75.6602725688	68.3544958095	73.6119431404	73.3640631897	42.9248215922	65.7905213657	66.6666743474	73.5449980003	67.0334053873	64.1883422999	72.3373625588	51.0734982471	60.3431005836	69.6570545371	57.1227634702	67.4141659881	44.5536375656	70.0287372102	63.3204593475	69.6648140896	63.0852322579	63.7479344653	63.7626633317	72.6795435057	68.2477815178	72.6363858473	66.7109408114	59.7712312442	67.3526657213	78.2333346355	59.5817848755	71.9446283674	68.2400454212	62.9408778259	70.5635779494	63.0229998483	60.802255964	66.6521803215	66.9377533639	58.5414163138	62.6786018336	56.0614331593	77.5632039495	55.0514541386
72.951586699	77.6826602537	65.9492254729	67.574238295	87.3684685627	44.1261293555	48.9939667694	65.2765216306	68.2959829207	52.1104649019	72.6115421162	64.1452570596	61.524766444	61.1209415933	60.9921061002	68.3944074909	43.4652371153	67.3358467464	70.4447604784	47.5147948875	65.332953227	66.4235008141	57.4596322932	60.5514702964	73.7393977834	60.9265817454	69.6981054359	73.3389619738	76.5187213167	64.7087653121	62.6080795243	43.0921849118	72.1241759006	71.9484677691	69.7066474171	63.5063671583	63.703560884	60.5363815427	50.9958298045	68.9713330019	59.619580668	70.295492761	68.6844184067	47.3483806994	53.745812487	63.087817598	71.6093349577	77.5419782574	45.1225779758	75.5278681227	76.0698632294	63.9216195868	55.6588736224	58.1659696186	72.7937439047	58.0819110769	64.2732957779	47.6405276877	58.7227590668	57.4581784813	50.8457119603	74.8373485753	62.8669385285	55.5847879232	60.013142613	74.6853312027	60.6103991567	41.9361635927	46.423943067	67.6243024682	56.8485970799
54.6253189061	38.2350462726	36.0343623785	52.4949086812	44.1261293555	87.3684685627	58.7475493759	47.0405392971	54.8043966519	49.468673369	44.4504913655	54.2332826327	54.7146704357	50.1594224884	53.876064407	53.533344977	52.6772346378	49.8615805175	47.4446920161	49.4238705399	60.5249937013	51.6126708552	41.1882514717	50.7013181958	47.5560603796	51.0193875806	56.6405595009	51.5542549677	46.356009243	49.4568962317	53.4392456196	25.462050113	33.7682258269	51.6982192796	45.8452656055	44.7943858081	47.0621852738	46.2660075002	43.6943146005	43.4792276341	61.7535355592	43.6570271026	52.3131844747	42.4393454405	44.2497868052	48.219762884	42.670606933	48.2533237221	53.3912071608	45.1909836287	52.3521961685	54.8124460807	51.8305489484	55.9581250321	42.1612127435	50.5615869507	48.5670448342	53.1432793374	44.197809385	44.7906961983	36.2200654814	39.7499084819	56.5426368827	49.681550925	55.0664798115	46.7758463443	40.587603342	57.2587509533	32.4747801601	52.9933213061	51.691003802
48.4964979393	48.9115749236	44.7309923473	69.0353883395	48.9939667694	58.7475493759	87.3684685627	71.5156706112	76.2072331675	79.2961639045	56.6482867355	57.6494802025	75.4269872692	74.009350534	69.2714450708	68.0861316462	40.2824074986	68.5468672959	66.6055039694	64.5261719931	70.7144983432	66.390231409	64.4952530073	62.4165881083	58.9620927394	68.6026191404	61.6683581213	73.8768514448	56.1125786805	72.2983835854	75.3003946533	41.1916664112	59.4804046919	57.5205730013	66.3503078661	69.5828285881	59.6884296598	76.0783564633	48.0363613875	51.7746940379	79.5277651156	57.044004877	62.8933687514	31.9297041405	73.8500768937	62.9046011718	58.1067497065	48.5410155079	70.6133152826	52.0688846912	62.8460999446	68.9228064268	78.9131290668	68.4895540268	53.4593341677	75.2539251772	74.3625322077	59.6548891312	76.9813864305	73.9928121549	62.1299707316	64.8014035917	65.6621205885	70.1410801221	66.2328569061	52.5050623624	55.2523601422	78.4286966001	47.5101492024	74.5208250132	55.3812440313
65.3203929436	68.0132327634	59.0707872545	69.1711065608	65.2765216306	47.0405392971	71.5156706112	87.3684685627	76.5377775078	72.0483476962	68.4759951227	60.2440863396	76.2182204707	78.0619751446	77.9910848501	73.6587269358	34.31464958	74.3300516463	74.0354847676	56.4408524601	67.0545184619	77.2958807408	63.8507313866	69.0207641024	72.5846710624	61.8880373634	69.2764307483	77.9733774182	72.594403453	77.9653408979	72.7300575741	51.7808960031	73.9035568878	71.8693279262	76.4705879884	76.7005065795	67.3839878005	76.2127580604	49.0156155868	67.062571194	74.8086680722	70.6568755904	68.1747347545	49.8928071429	73.0419834905	66.5977227457	64.8548415963	66.3206211531	62.1035881764	71.4395867243	72.8758109582	73.0626271699	75.3901927704	68.2794026625	69.2859318387	79.7635960099	74.5403023025	49.8224945791	75.5697164208	75.3766640571	61.3791689718	78.7311100273	68.6921453434	74.8383327343	64.0158818537	67.047768858	61.2215100986	63.9627278307	50.699927176	74.5614622182	60.2753466113
66.9378243928	67.6418498249	61.7190394111	77.1198223751	68.2959829207	54.8043966519	76.2072331675	76.5377775078	87.3684685627	75.5783626787	69.0423369388	67.5072127175	79.2736502133	79.6173294111	77.4458782105	77.9330138513	45.5269562438	78.2218842084	75.9367297079	62.3291727146	78.3643928995	78.8889925766	71.1991823881	70.7895700886	75.7522049844	72.2239666907	75.5863382922	81.638323348	74.3588766314	79.8957208726	79.5600976327	49.9689957704	74.9169030714	73.8001591727	80.8360118514	77.7694904812	69.5939254262	79.1469498383	59.3900269695	66.1516851382	78.1739602917	71.3218965783	75.8497991381	46.6685295899	75.6471841036	72.6179381562	71.3544650867	68.3786764574	70.5939940296	69.952641046	78.3715957647	78.6881051515	76.4936437406	74.5243127019	68.516336893	78.919380009	78.9395100058	62.0164497572	76.8955803448	73.6140334591	67.3057174871	77.1460083485	69.452920227	73.4043880387	73.7043862196	69.6595630813	68.1529938901	67.8241883108	56.2823000318	78.6366504742	66.9523374138
48.8112615416	53.8955945029	48.4552775681	68.5672487284	52.1104649019	49.468673369	79.2961639045	72.0483476962	75.5783626787	87.3684685627	61.5819985499	59.1994032531	78.4292994591	76.0074099635	70.0800831824	67.7650498876	34.9176765584	70.4786636934	70.8844125613	64.867889373	69.1991273576	67.4986933178	66.172110948	63.0450072689	63.1362618734	68.2926790009	59.3626344731	76.0979273432	59.140327634	75.9191541404	73.4310594702	44.383497701	66.7364844882	56.8230883886	70.3392444587	73.7907698984	61.8163927709	72.0915285968	39.824041012	60.3011858836	74.845340684	58.0386636934	59.4560099518	37.3072402927	78.2274517031	67.9344133572	61.5139332515	51.2282905599	70.812496911	55.2328089143	63.5662462142	72.4351432835	76.8366196861	72.8221353374	59.0326926747	75.4214448824	75.8083080392	57.0508481998	75.9673347538	74.2912985065	67.1950749642	68.904480887	63.5766307392	70.8598602002	61.9466421976	53.1669786894	59.111324394	76.8677190167	55.9562455525	74.353128413	56.4902819337
65.7741096674	77.0320623423	69.0380604781	63.2364874741	72.6115421162	44.4504913655	56.6482867355	68.4759951227	69.0423369388	61.5819985499	87.3684685627	65.3440285548	68.2549860119	67.0950992437	68.4466631596	67.9555530059	43.3466960141	66.6036315649	73.6019767463	59.9359873741	68.6714207776	68.9043564564	63.4000558782	66.4602137296	77.9485110863	59.0658260406	65.1681617959	70.6823362456	73.5800999556	69.9766649572	68.4994925082	43.5033383801	76.1981864753	75.6177694289	73.1394940412	71.0542512653	70.5243705531	58.834285938	41.6335322136	69.2315424834	65.7469352341	76.1362017229	70.7429634201	49.7813039679	64.2030933601	73.4700839883	70.2206524796	74.3880483874	58.1943926983	74.1814678888	71.3582975016	69.4304569818	61.1447901676	66.147421624	76.1245307975	66.608443054	65.1643858417	52.9010126272	60.1985944739	59.790181419	65.4885077531	73.7654893086	64.0793910907	63.2587612976	63.7132433798	74.1836283803	58.3972373062	54.750323189	53.1658560605	66.3476100365	63.8941481873
63.5614836849	62.6759225194	67.7946134652	57.8513444488	64.1452570596	54.2332826327	57.6494802025	60.2440863396	67.5072127175	59.1994032531	65.3440285548	87.3684685627	63.9919290726	61.4279603615	66.9706590161	62.9213083203	53.7928729619	64.1814312806	70.7783348464	61.5233484021	62.8054991017	67.6620886234	65.5471705115	62.3277924952	66.2410518835	55.8046919546	64.5138667914	66.3873505077	64.2089563615	59.906333232	59.9184435937	52.4795683127	63.2494073743	65.3615160665	66.9691763593	62.9206773377	62.1250707323	56.0540165291	53.3424951814	64.4440526627	64.588487592	68.6202301127	63.600179358	52.9357372368	60.7576897963	69.2734816768	58.1281231424	65.8310321023	59.7117501225	60.487236546	64.3013889969	67.3113157123	52.9445690578	64.2927635924	63.9204582786	58.5366753962	58.7189794147	54.2729714378	54.9111511755	54.5434227631	56.8486034543	63.481588493	66.6131399423	65.3892092561	66.1289129484	68.371744279	57.6622903249	52.6232418301	53.0415895147	61.1509392946	60.4345387594
59.0309260289	62.6038201961	59.3353427854	73.7960302243	61.524766444	54.7146704357	75.4269872692	76.2182204707	79.2736502133	78.4292994591	68.2549860119	63.9919290726	87.3684685627	80.159048015	77.6868221043	74.6648723367	44.7607972369	75.8627591248	74.845670546	62.8290669795	76.2491620173	74.8261176342	67.5783272776	67.9739023671	73.6515240072	68.7567075237	68.9489481995	78.6229824411	70.563048942	79.0283065534	79.0544465751	48.3354386828	73.5552677149	70.1231006201	77.4839473608	77.3450162892	68.4879561762	72.7310213052	46.3777612737	65.0496299742	77.88872107	66.9463128612	69.9437300448	51.0885050568	78.0006272429	69.8551886283	66.0684465536	63.2343342749	72.6365075965	67.1897381003	72.3972975902	78.2675415605	76.7940360259	77.6254743247	67.126839773	79.2425164881	78.5622467318	59.393391627	75.3989184932	73.1494145862	69.1083947598	73.0702079435	66.8096870849	75.0753718067	69.3247508992	63.204513255	61.398808511	73.2979661629	59.5444055933	78.1366889874	63.7051402113
64.4745936653	65.5989160039	60.122697234	72.42184159	61.1209415933	50.1594224884	74.009350534	78.0619751446	79.6173294111	76.0074099635	67.0950992437	61.4279603615	80.159048015	87.3684685627	80.7691356196	78.0454559753	34.0242926608	77.4452687152	72.2248508862	61.7893986808	72.3365341174	80.511404752	66.4535548846	70.7549765614	75.5122095973	64.6473697906	72.9201612322	77.3848973393	74.1681702202	82.15759546	79.1767693794	43.6412144397	75.2040787494	74.6071999547	79.1662248423	76.5072315391	64.2387545712	75.9060833607	44.3258776789	65.7507913204	77.5960993071	71.0539966311	68.3181302409	49.3194361269	77.5261395306	67.5903433097	63.9926008314	64.7096924209	71.2331115321	69.7377041041	74.6752979204	78.5071993959	77.0267715592	73.9115527662	67.7115336076	84.0098873082	76.5430515959	51.9290801908	76.723162688	76.7353751339	64.759807305	74.572641836	65.0615818142	78.131366629	66.442771755	65.6721670098	65.6788052984	68.6279973114	54.7481316549	75.0611718377	61.4802702622
66.4048372804	67.2894954368	63.5444235428	66.3814274746	60.9921061002	53.876064407	69.2714450708	77.9910848501	77.4458782105	70.0800831824	68.4466631596	66.9706590161	77.6868221043	80.7691356196	87.3684685627	75.0728969604	37.0875707602	75.5611232123	74.7823677876	63.1286233524	70.8320133883	82.217828392	66.181495983	72.887189804	76.0366873482	60.7771467172	73.7213922869	73.0587163184	75.1144881812	78.6035775855	74.9089023135	49.6635119605	73.2629669758	76.1984289574	79.0881498887	77.8313380398	64.7199587665	71.0987002765	48.7464393036	69.2673522906	76.2979139368	73.3336196004	69.0887111182	55.2875293003	73.285066301	72.5442820333	63.8872724945	67.4832924173	70.5819760396	69.2306349921	74.5335845318	79.1977548821	69.8930968891	74.3515053796	70.5844875661	80.6157647213	69.2280771219	55.4267845132	69.1292157228	68.4461610994	61.3850856405	73.5923970412	66.9254298464	80.8753048502	68.3019418221	70.115268854	62.8783973009	65.1888138857	54.9260212966	68.8530899002	68.1573006821
72.9023199376	69.5795598495	59.7934155376	69.3060770425	68.3944074909	53.533344977	68.0861316462	73.6587269358	77.9330138513	67.7650498876	67.9555530059	62.9213083203	74.6648723367	78.0454559753	75.0728969604	87.3684685627	40.8515716636	73.69862719	70.4528407197	57.0681409206	72.9540026283	76.4566320844	63.8313248265	67.0851553292	75.2922213031	61.4892182194	77.9551521376	75.1316986595	76.0246969022	74.1471068975	74.5244006632	40.4062615069	71.8015809299	77.4397771323	78.1755633911	72.8649420713	64.51506302	70.6198817763	48.0917013049	63.6218247626	74.7743022878	71.8230196628	71.9543284371	49.2679516999	69.1807160121	61.1903348791	66.7853364693	68.9426683558	61.9179729461	75.6516289072	77.3179570892	74.5429800788	71.7709988493	73.6890722702	69.0845160927	77.1727041328	69.2611547242	48.3717182272	69.9475417599	73.8613318943	56.1480609809	72.6094751426	66.3924730614	72.1308857114	62.667243189	68.5029300957	61.0412576839	61.5146376075	46.4220518258	73.5932974683	62.6113946475
43.6681445354	37.6114256466	38.8794196329	43.4061526138	43.4652371153	52.6772346378	40.2824074986	34.31464958	45.5269562438	34.9176765584	43.3466960141	53.7928729619	44.7607972369	34.0242926608	37.0875707602	40.8515716636	87.3684685627	38.4787828381	43.7702115398	42.123126741	52.6454911033	35.5903542306	39.8022002943	33.8329321325	41.569218776	39.6188842005	44.2642911536	42.465571726	36.1996212051	38.154135987	41.3428407947	35.2346873067	33.4209524502	41.5562935971	38.2156400819	37.0610925627	50.4757905576	32.6772472054	49.1878131285	36.7309576711	40.6382313892	40.6126144292	54.1778031095	40.3878511195	33.2047619987	43.7986402429	36.8131665853	46.3651008906	37.3729239936	38.7122663175	43.4849678733	40.8146364952	41.2798078989	44.1243413862	40.1464677634	34.8604705925	42.9925166016	51.6188854961	33.0471758415	28.4515093177	31.259694814	37.2786883182	43.3411469436	32.8106005325	48.6872133525	43.988573973	36.3408637327	38.4139868026	28.0708932263	44.1634529328	45.4564567432
62.539265512	63.3690913604	63.0456460262	73.983472428	67.3358467464	49.8615805175	68.5468672959	74.3300516463	78.2218842084	70.4786636934	66.6036315649	64.1814312806	75.8627591248	77.4452687152	75.5611232123	73.69862719	38.4787828381	87.3684685627	71.8978575381	59.6979633842	69.8303336555	76.4115349495	68.1281188492	66.7036139928	72.6700613646	67.1548573845	71.2948262501	76.7635606385	72.1430369656	75.1520532897	73.8855673365	48.0795695576	72.4156430174	70.7692545642	76.0933212469	73.2826717478	64.0290364043	71.9179625701	49.7963100457	64.858522801	71.4961702303	68.6295216747	72.2445328799	47.1148504447	71.3150902908	70.0083026639	64.4962583002	67.5837302332	61.1447337255	67.3322593776	73.780683082	73.5044423421	68.9067979081	69.0094416094	65.6056048266	74.4124892404	72.4751078131	54.2943996531	70.7359743017	70.8941795765	63.0664642813	72.2377473303	65.7803925434	69.8034433474	66.9305902683	68.8636446745	62.9244286782	60.4293761551	58.2399040156	71.9652276114	59.6309985533
62.6010465362	72.0856170877	65.0654265439	66.5122455666	70.4447604784	47.4446920161	66.6055039694	74.0354847676	75.9367297079	70.8844125613	73.6019767463	70.7783348464	74.845670546	72.2248508862	74.7823677876	70.4528407197	43.7702115398	71.8978575381	87.3684685627	65.730264549	69.2491626557	72.7403228914	72.0381481952	70.4752709086	73.4335162389	64.6375444684	67.7730265592	79.6200006894	71.4969065151	73.7317324599	71.2977798248	61.0775390927	77.0755300856	69.2800905372	74.8741597503	78.2986034218	72.4409219381	69.8877808183	53.6670314838	72.5093730541	72.3661515675	72.4351662864	70.1098196769	50.0203020481	71.3530448593	74.3776858182	70.6929045803	70.3172848382	63.1354328738	69.1004058478	72.3918240845	73.8205674393	67.4488736566	69.6778611339	76.4126793302	70.7702464882	72.5102569466	59.5707110178	69.696089976	66.7665907203	66.5406198457	79.0505080783	68.1274111328	74.3174821342	69.3751259199	68.750688574	69.0341013427	63.2279424395	54.8916852434	73.3117589182	64.1348308721
40.8319961814	46.9276384006	51.0455412167	54.4442305679	47.5147948875	49.4238705399	64.5261719931	56.4408524601	62.3291727146	64.867889373	59.9359873741	61.5233484021	62.8290669795	61.7893986808	63.1286233524	57.0681409206	42.123126741	59.6979633842	65.730264549	87.3684685627	63.0633447974	58.2480328974	64.270557665	69.217048064	53.9789265632	61.4372821749	49.6701019672	61.7880777592	51.7207964787	64.5399072209	66.6816967699	36.6345714626	57.960732101	53.6157170179	57.8476642068	64.7599829411	57.9803775185	58.1957487436	41.4571285414	56.8793539343	65.2202666915	57.586247314	62.2031393675	34.9832214205	64.8082939115	67.1836564722	49.9351173549	51.4084144681	65.9033348	46.3319068704	52.3499602771	61.9423737237	60.8313894014	59.9910012614	56.5199870568	59.1818687534	62.0797941534	59.8358061335	58.5457859327	56.9221254861	67.5274112106	57.5558581112	64.5661139615	63.0771994119	68.2817531133	58.3649459339	58.3517958592	67.8018459721	52.8989881391	59.4902885608	53.4993027802
62.2229346732	61.8871808819	56.6682579126	73.2205725801	65.332953227	60.5249937013	70.7144983432	67.0545184619	78.3643928995	69.1991273576	68.6714207776	62.8054991017	76.2491620173	72.3365341174	70.8320133883	72.9540026283	52.6454911033	69.8303336555	69.2491626557	63.0633447974	87.3684685627	70.9105406467	61.4495953121	68.9190471634	70.4549526493	71.3482672702	68.9327385026	75.3364935876	67.134803415	77.0022256377	77.2213926889	35.2741910802	67.7219750384	69.375803927	74.342591023	70.4328818305	64.6281431056	70.0186457306	49.0684609674	58.4662821118	72.828925253	65.2140022258	73.2288925388	49.5061773362	68.3816969529	66.7538028829	67.1753280172	64.0930310379	69.0312291041	63.9711571798	73.2242771849	73.8207081582	73.7379477216	70.5379414507	65.4108751141	71.3397860464	74.5653946363	65.4898300053	70.3513732254	67.5413665085	62.3735979339	69.3528011261	66.121829523	65.4951743432	72.6747728792	66.3033971644	61.8711406017	67.6318264377	53.4354533462	74.735806092	67.0966062793
72.2880466033	71.7301067479	65.2017369382	67.7705890437	66.4235008141	51.6126708552	66.390231409	77.2958807408	78.8889925766	67.4986933178	68.9043564564	67.6620886234	74.8261176342	80.511404752	82.217828392	76.4566320844	35.5903542306	76.4115349495	72.7403228914	58.2480328974	70.9105406467	87.3684685627	62.8104040492	70.9620645772	77.7950505071	57.4100871012	76.6423640619	75.1097817807	78.0840044205	78.0934082659	72.0502657351	49.4122525241	74.8037710668	77.8436180479	80.6210877528	75.415066422	62.9606794597	72.1690846719	51.9853349764	71.7418146465	75.2040760874	76.8139009052	70.5772631369	57.168808143	70.9017638031	70.153721511	65.2129150649	73.0582517627	65.1385884034	74.9738591745	76.6604579623	77.6880781239	69.2471356469	73.0412485694	72.6871048405	79.5430429199	68.3862182254	52.1622154777	68.895401852	71.66082459	61.372428785	76.6740407405	68.7954248764	77.9730790795	67.9724205222	71.0420907333	62.3806012351	56.9682563082	52.5431498905	69.8602055217	66.8353651854
51.001854887	57.3891414642	65.1883449335	64.3940480714	57.4596322932	41.1882514717	64.4952530073	63.8507313866	71.1991823881	66.172110948	63.4000558782	65.5471705115	67.5783272776	66.4535548846	66.181495983	63.8313248265	39.8022002943	68.1281188492	72.0381481952	64.270557665	61.4495953121	62.8104040492	87.3684685627	66.1311191674	65.1931458319	66.1156762853	55.9688337701	68.7176188164	63.1745887842	66.5274490727	70.1795845223	52.6157366941	65.1500022213	61.5836861885	69.6088875678	67.2412660122	65.2623041294	66.6310432749	52.3438550675	55.6777283477	66.8806024733	62.1329165369	59.869601671	36.2334722464	69.5838282244	68.8784612301	58.2580685667	52.9893338197	63.5372987072	56.0883001203	59.7302739415	65.3457251484	62.430740073	60.5728312606	60.7150762732	63.4670737734	68.9006116849	56.5051533598	64.3289811199	62.8743086853	65.8856287805	67.1690495854	57.1255639084	63.3584528144	66.8121064863	60.6902761615	59.3004416631	63.6373737734	55.6674434104	64.9109267146	52.2362148383
58.3542105122	58.5525591745	58.2417751775	65.3927122348	60.5514702964	50.7013181958	62.4165881083	69.0207641024	70.7895700886	63.0450072689	66.4602137296	62.3277924952	67.9739023671	70.7549765614	72.887189804	67.0851553292	33.8329321325	66.7036139928	70.4752709086	69.217048064	68.9190471634	70.9620645772	66.1311191674	87.3684685627	65.2853203749	65.7167647666	62.3017385185	68.5765765946	64.3059952202	71.521835986	70.2255915279	34.3677009601	67.5606871226	69.0438591649	69.5070143295	68.4552977228	63.5389855914	68.3226702062	48.7137874939	63.6499962426	68.9904115163	65.6691062877	65.6177611583	45.0754543851	68.6126965597	67.8986098314	58.6097888015	63.5631825388	68.6561063052	60.5642067013	63.9536543123	68.1990222163	66.5248027131	59.9180914186	65.1987009651	67.1253442183	69.3777747994	51.1606140841	64.8175691537	65.1509323899	69.8610302636	69.1119738996	67.9789753605	66.430735893	70.3371123152	68.0515974184	62.4587666772	62.512884772	56.1454566543	68.2086150489	54.0074300496
73.931235652	78.3175457607	71.659161283	71.1185799417	73.7393977834	47.5560603796	58.9620927394	72.5846710624	75.7522049844	63.1362618734	77.9485110863	66.2410518835	73.6515240072	75.5122095973	76.0366873482	75.2922213031	41.569218776	72.6700613646	73.4335162389	53.9789265632	70.4549526493	77.7950505071	65.1931458319	65.2853203749	87.3684685627	60.3728912989	77.3234795384	73.9057519857	82.2506874541	74.2689588225	71.0332075166	49.0923292528	77.3144851686	82.2178258229	81.9446889678	73.8789728442	66.8763945541	65.2344941358	47.9969815111	73.4006991728	69.2419956987	76.3712766072	73.0711323249	60.2262816746	67.2118050674	70.5285368157	75.0394842475	76.6128455127	59.8486436928	80.3760442746	80.3613411088	77.4539905824	62.967964082	73.0177985013	75.2332279194	73.635393546	66.4913406295	56.1728658552	64.0246912085	64.1002490744	60.7276535661	75.1986762457	63.5910172711	70.6360325265	65.5847125689	75.9464079998	62.4825351649	53.7672344916	55.1261674691	68.207513477	71.1546191174
45.197463721	49.625074075	49.7224490846	76.3047132941	60.9265817454	51.0193875806	68.6026191404	61.8880373634	72.2239666907	68.2926790009	59.0658260406	55.8046919546	68.7567075237	64.6473697906	60.7771467172	61.4892182194	39.6188842005	67.1548573845	64.6375444684	61.4372821749	71.3482672702	57.4100871012	66.1156762853	65.7167647666	60.3728912989	87.3684685627	56.8259677878	70.3721555522	56.2546565139	69.1509153253	72.2525441753	33.7087496656	62.5254340579	58.4261372639	66.3368247891	62.8311396226	62.7877743436	67.777734862	51.238094266	51.1909264147	63.9861293003	51.0327941551	62.0896714535	33.6530631554	68.328332357	66.0680650049	64.6937465883	51.5954237415	68.1764083953	49.7207912223	62.3845311663	64.2608883995	69.1003662713	59.8954398721	53.226983012	59.344314595	74.9295201686	62.1502500198	69.8532964933	65.2428849118	66.3171015386	61.9215345693	59.4834979905	53.788802319	70.4883625947	59.9869751083	53.3863869834	67.4584012205	63.0073428181	74.4617398958	50.925551724
77.4304615897	71.0800436395	62.2163923699	69.0698862792	69.6981054359	56.6405595009	61.6683581213	69.2764307483	75.5863382922	59.3626344731	65.1681617959	64.5138667914	68.9489481995	72.9201612322	73.7213922869	77.9551521376	44.2642911536	71.2948262501	67.7730265592	49.6701019672	68.9327385026	76.6423640619	55.9688337701	62.3017385185	77.3234795384	56.8259677878	87.3684685627	69.8848991556	78.1744996556	68.6468919921	67.2638655143	43.9888685149	66.3444434778	78.3562221186	75.0777858251	68.6742184082	59.4197089693	65.128663963	50.2644274885	66.1035438648	70.0737528928	70.074244978	73.5882656454	58.2396429891	60.4654245197	60.4911760552	67.7948564443	74.5141433499	58.1530512414	75.4953340723	81.6415700474	73.9859185437	61.6139023108	71.0956903686	64.9022014648	72.6613511924	61.5368167417	48.5842003983	59.8773728155	62.1298994258	49.2655260361	68.9213930219	65.6907281904	68.7920497391	62.338921935	69.6727124352	59.001613603	48.1749422259	44.1146021717	65.2669602005	68.4393054302
64.8840143354	69.8254640206	59.9577829438	75.6602725688	73.3389619738	51.5542549677	73.8768514448	77.9733774182	81.638323348	76.0979273432	70.6823362456	66.3873505077	78.6229824411	77.3848973393	73.0587163184	75.1316986595	42.465571726	76.7635606385	79.6200006894	61.7880777592	75.3364935876	75.1097817807	68.7176188164	68.5765765946	73.9057519857	70.3721555522	69.8848991556	87.3684685627	73.6712178761	79.5190369569	76.9225974531	51.6420605923	76.0108328335	70.0779185875	77.3747116895	77.1541387385	67.3263530244	77.8675850533	52.189897209	68.871179418	76.1510658225	70.107283245	72.2463962765	46.1621711223	73.6815746806	69.4511237631	72.341787984	69.217187961	63.426424038	71.0052115509	76.1698305672	75.8256015174	74.8103923454	72.9619429356	72.3424021196	75.6794412367	80.0627740286	59.9345199097	78.0412979688	74.2253563061	64.9395584814	80.4265653942	70.9406396338	73.0908672648	68.6341145669	68.7628401422	67.5936895498	67.2470085647	53.6369702729	80.4746692816	62.6963695806
77.4765238949	79.4919221207	74.2150299697	68.3544958095	76.5187213167	46.356009243	56.1125786805	72.594403453	74.3588766314	59.140327634	73.5800999556	64.2089563615	70.563048942	74.1681702202	75.1144881812	76.0246969022	36.1996212051	72.1430369656	71.4969065151	51.7207964787	67.134803415	78.0840044205	63.1745887842	64.3059952202	82.2506874541	56.2546565139	78.1744996556	73.6712178761	87.3684685627	72.8758673424	70.063905936	46.9999099863	74.6606140787	81.3154296659	78.1402414324	71.3817608821	62.323286052	64.1496390271	46.0821463215	73.4290707774	69.0917375718	76.3845137129	71.8885248244	56.836645484	63.6030160895	65.2914139675	69.0793335443	77.8078430809	56.0627643394	81.0857915951	80.6513113513	74.0349631152	59.4786852734	69.7633506062	75.9712848481	71.7643330765	65.2275187283	46.4053711729	61.1057640592	62.0397416616	56.8454877952	75.7017540257	63.7717521999	71.3793056669	62.4529653193	75.2366638783	61.3385207729	49.8642908148	49.40373948	64.9918669367	66.1228265992
61.9781319565	66.0535627172	60.1503379683	73.6119431404	64.7087653121	49.4568962317	72.2983835854	77.9653408979	79.8957208726	75.9191541404	69.9766649572	59.906333232	79.0283065534	82.15759546	78.6035775855	74.1471068975	38.154135987	75.1520532897	73.7317324599	64.5399072209	77.0022256377	78.0934082659	66.5274490727	71.521835986	74.2689588225	69.1509153253	68.6468919921	79.5190369569	72.8758673424	87.3684685627	79.6738164702	43.8842076186	76.5533384213	72.7254866429	80.015555645	78.147233076	66.3587763348	76.5984949038	48.8337516518	65.375760371	74.356624212	68.4550746131	69.9458554557	47.7707539316	75.6536663271	70.4936847522	68.2786741859	65.7654499031	72.1353445487	67.8334166048	73.7457832607	77.6584212573	77.3983009475	72.430798809	68.9861543228	80.4702135721	78.928839644	60.6892750685	77.2369581957	75.5320327477	67.3612796544	76.5479347609	65.5237770262	73.3920076572	70.089935552	68.0971389308	67.9786188999	68.9902607777	60.5740534583	76.1024498871	64.5390525666
57.4885229647	61.3822149756	58.8086639846	73.3640631897	62.6080795243	53.4392456196	75.3003946533	72.7300575741	79.5600976327	73.4310594702	68.4994925082	59.9184435937	79.0544465751	79.1767693794	74.9089023135	74.5244006632	41.3428407947	73.8855673365	71.2977798248	66.6816967699	77.2213926889	72.0502657351	70.1795845223	70.2255915279	71.0332075166	72.2525441753	67.2638655143	76.9225974531	70.063905936	79.6738164702	87.3684685627	39.3184224783	73.0842580363	72.1123256338	74.7984130013	71.3130856676	65.423816622	74.7689743611	48.4877697782	58.0262243559	76.6146163115	67.6868931367	71.1683045313	40.3026406622	73.8706921172	68.6601220026	63.7424830659	61.3743970998	73.4218962558	64.477661411	71.2032683967	76.2813996531	76.3557680663	72.4975116819	64.6761820134	77.0013596134	79.0710349491	59.1286081526	74.4330820121	71.6995981387	68.9417111648	71.0553185465	64.6272743265	70.7298908683	74.6051994039	66.4047960637	62.6635451506	73.1194011434	57.6456049904	75.4520952716	61.6964631788
40.9733732899	48.1117690588	47.1860952728	42.9248215922	43.0921849118	25.462050113	41.1916664112	51.7808960031	49.9689957704	44.383497701	43.5033383801	52.4795683127	48.3354386828	43.6412144397	49.6635119605	40.4062615069	35.2346873067	48.0795695576	61.0775390927	36.6345714626	35.2741910802	49.4122525241	52.6157366941	34.3677009601	49.0923292528	33.7087496656	43.9888685149	51.6420605923	46.9999099863	43.8842076186	39.3184224783	87.3684685627	50.1693809398	40.7063101498	47.3269778042	52.0500663843	51.6036644481	43.8184152372	43.5738740101	51.1256283965	45.4890469653	45.8190330385	41.8155872897	35.9177267472	46.8553603569	47.3155890431	44.557061055	45.1211988081	29.8580290478	47.0814424876	47.1079580376	47.2442030616	36.7979472523	48.0409775373	50.0719408987	44.5949226133	44.4985985686	39.3119798264	43.4482334872	40.6470289974	37.5552900543	56.1315698498	48.6789549644	52.9616577755	39.9604383214	44.141376534	42.3924389467	33.4678503136	26.8478803037	44.1645260207	39.6487485854
62.0791717621	75.7539255802	66.2507031419	65.7905213657	72.1241759006	33.7682258269	59.4804046919	73.9035568878	74.9169030714	66.7364844882	76.1981864753	63.2494073743	73.5552677149	75.2040787494	73.2629669758	71.8015809299	33.4209524502	72.4156430174	77.0755300856	57.960732101	67.7219750384	74.8037710668	65.1500022213	67.5606871226	77.3144851686	62.5254340579	66.3444434778	76.0108328335	74.6606140787	76.5533384213	73.0842580363	50.1693809398	87.3684685627	74.4291270496	78.5821792971	76.2442810584	70.2424916085	68.3135223788	46.3367349844	69.1762723451	65.116427497	76.3266752461	69.3265465713	45.7351043652	70.7547795767	72.7666708391	70.1675259364	72.4685673737	60.8769843893	72.5955804836	73.0173666375	73.9695939865	67.1483817439	67.603928954	73.6553954526	73.390478204	72.7260795531	52.3784732248	70.8956313775	69.141814592	68.9309328033	78.4945725597	61.9685088849	68.6432113905	66.1080498592	72.9984154797	64.5170023307	55.6357641517	61.6622998396	71.9139213089	62.9699368888
75.9864731568	75.5562330658	71.346303718	66.6666743474	71.9484677691	51.6982192796	57.5205730013	71.8693279262	73.8001591727	56.8230883886	75.6177694289	65.3615160665	70.1231006201	74.6071999547	76.1984289574	77.4397771323	41.5562935971	70.7692545642	69.2800905372	53.6157170179	69.375803927	77.8436180479	61.5836861885	69.0438591649	82.2178258229	58.4261372639	78.3562221186	70.0779185875	81.3154296659	72.7254866429	72.1123256338	40.7063101498	74.4291270496	87.3684685627	79.2066290759	68.8288068151	64.3166961467	63.2906323521	50.2133619754	69.5486640589	67.4998871549	78.3367035065	72.6707185673	59.2606828622	62.3157781537	66.7182960749	68.0925444827	77.3539507438	60.1536917704	79.0165753297	78.2470722778	75.7674215995	62.0584249213	69.6716060889	72.5876969339	73.1954528764	63.9423903979	50.3079014451	61.0285361668	62.8971768745	58.7313223795	70.6586082473	64.5164067886	68.8535730649	66.6861821888	77.6768874619	58.9125734349	51.0760919514	52.6160796207	65.443720442	67.44136014
69.1764258117	72.585422821	67.0159616102	73.5449980003	69.7066474171	45.8452656055	66.3503078661	76.4705879884	80.8360118514	70.3392444587	73.1394940412	66.9691763593	77.4839473608	79.1662248423	79.0881498887	78.1755633911	38.2156400819	76.0933212469	74.8741597503	57.8476642068	74.342591023	80.6210877528	69.6088875678	69.5070143295	81.9446889678	66.3368247891	75.0777858251	77.3747116895	78.1402414324	80.015555645	74.7984130013	47.3269778042	78.5821792971	79.2066290759	87.3684685627	78.8104895198	66.7161020886	73.0220304699	53.6365790367	70.189358204	72.4374296661	73.9351031765	72.2358746155	55.1150740263	72.7874042187	71.4322248121	74.9520708903	71.3589664409	67.0531355655	74.8065542203	79.2125910813	78.3910132294	71.8639034477	74.1275791049	72.1633061942	78.005287597	72.5197939682	60.6920615157	72.391809061	72.3469666525	64.8926366619	76.6732912003	63.7907290005	73.1889850235	68.5817331276	73.2900297931	66.5815716217	60.2945898279	60.2371146651	74.1184313497	70.2966290664
61.1040956821	68.948431364	59.0695422066	67.0334053873	63.5063671583	44.7943858081	69.5828285881	76.7005065795	77.7694904812	73.7907698984	71.0542512653	62.9206773377	77.3450162892	76.5072315391	77.8313380398	72.8649420713	37.0610925627	73.2826717478	78.2986034218	64.7599829411	70.4328818305	75.415066422	67.2412660122	68.4552977228	73.8789728442	62.8311396226	68.6742184082	77.1541387385	71.3817608821	78.147233076	71.3130856676	52.0500663843	76.2442810584	68.8288068151	78.8104895198	87.3684685627	66.9466189757	73.3434664319	51.7101546617	70.4766622511	74.8208533918	70.3417517051	72.2841488486	45.2288198989	75.2219544457	71.4367823298	70.9299825569	67.6735653451	65.6459624685	67.4410809225	73.6153792833	74.1893820893	72.6252903843	70.926594255	70.7513019691	78.5046661124	74.037803525	61.613909213	74.635990532	71.8783872539	63.9328916321	77.3940120248	66.0703038886	77.2131169937	63.7203184793	66.2552211262	66.9331871669	66.106359386	53.8470147958	73.5567849224	70.636775979
59.1061509473	64.2840929013	60.2042990605	64.1883422999	63.703560884	47.0621852738	59.6884296598	67.3839878005	69.5939254262	61.8163927709	70.5243705531	62.1250707323	68.4879561762	64.2387545712	64.7199587665	64.51506302	50.4757905576	64.0290364043	72.4409219381	57.9803775185	64.6281431056	62.9606794597	65.2623041294	63.5389855914	66.8763945541	62.7877743436	59.4197089693	67.3263530244	62.323286052	66.3587763348	65.423816622	51.6036644481	70.2424916085	64.3166961467	66.7161020886	66.9466189757	87.3684685627	60.6949036618	50.2643785197	58.7058843076	62.4381484782	66.1825869867	65.0972434626	39.4047949024	67.2472544341	68.4882440164	58.2650796189	62.953188547	60.5198019245	62.359421096	64.6626375913	63.5512982866	65.2179047315	60.9585738156	67.1966960132	64.0075429336	68.7964856181	52.1600600259	60.8918348934	63.3682933794	66.5478485574	69.3560984847	59.8752829663	58.9863843968	67.1859403122	64.2687983916	57.9769112287	57.5395557269	54.4824749308	68.9591533358	54.2080938939
56.7868905814	60.3268374832	48.6742844701	72.3373625588	60.5363815427	46.2660075002	76.0783564633	76.2127580604	79.1469498383	72.0915285968	58.834285938	56.0540165291	72.7310213052	75.9060833607	71.0987002765	70.6198817763	32.6772472054	71.9179625701	69.8877808183	58.1957487436	70.0186457306	72.1690846719	66.6310432749	68.3226702062	65.2344941358	67.777734862	65.128663963	77.8675850533	64.1496390271	76.5984949038	74.7689743611	43.8184152372	68.3135223788	63.2906323521	73.0220304699	73.3434664319	60.6949036618	87.3684685627	55.5705037886	57.8194428628	75.8006748169	63.4032843277	65.4776645265	31.3232226265	73.8315246252	63.4297508297	65.9445866393	58.8267677831	64.8764799758	59.6529314965	70.2583739884	68.3864971679	78.0588348147	62.4773511709	61.15476768	75.7260862659	78.4260376024	58.5618220698	81.0295968578	77.4490086274	59.1295079152	75.399566366	65.0280191794	67.7086940167	64.7871526634	59.7760855055	64.7136079849	66.6320890076	47.1056823653	76.9948652225	58.9114381618
47.6641735376	42.1174514519	40.7621755515	51.0734982471	50.9958298045	43.6943146005	48.0363613875	49.0156155868	59.3900269695	39.824041012	41.6335322136	53.3424951814	46.3777612737	44.3258776789	48.7464393036	48.0917013049	49.1878131285	49.7963100457	53.6670314838	41.4571285414	49.0684609674	51.9853349764	52.3438550675	48.7137874939	47.9969815111	51.238094266	50.2644274885	52.189897209	46.0821463215	48.8337516518	48.4877697782	43.5738740101	46.3367349844	50.2133619754	53.6365790367	51.7101546617	50.2643785197	55.5705037886	87.3684685627	47.552817413	50.4629403664	48.6268141919	53.9445792742	30.513085252	41.4050975904	53.8888259979	51.2199007732	49.9819572722	44.282915282	43.4107604733	51.0035203016	48.4838795183	48.5434527135	41.7670036261	44.6928948852	46.3441224747	50.225872518	51.4529768068	49.5928931777	45.2527051392	42.0872986105	50.5427150577	47.1233055905	41.851729528	58.3338765129	50.0586867116	50.2926802669	39.3916542658	36.7241677299	54.1038956804	47.0126897907
66.0708741567	73.0151245346	62.7384553579	60.3431005836	68.9713330019	43.4792276341	51.7746940379	67.062571194	66.1516851382	60.3011858836	69.2315424834	64.4440526627	65.0496299742	65.7507913204	69.2673522906	63.6218247626	36.7309576711	64.858522801	72.5093730541	56.8793539343	58.4662821118	71.7418146465	55.6777283477	63.6499962426	73.4006991728	51.1909264147	66.1035438648	68.871179418	73.4290707774	65.375760371	58.0262243559	51.1256283965	69.1762723451	69.5486640589	70.189358204	70.4766622511	58.7058843076	57.8194428628	47.552817413	87.3684685627	62.7705591611	70.0018337927	64.8916998949	54.6070933135	60.2543876788	69.7565393147	69.9283732088	75.0337004113	50.9132291409	70.9913379565	68.8954885647	70.4069255465	53.0516823201	65.3114202175	75.0413380995	63.2171789544	58.7670648032	51.4883046817	56.8026517417	56.7258220417	54.8588339166	71.1693139085	64.5529982708	67.62333869	57.0520534069	70.3209472829	61.1457251972	48.0320627394	44.1007655685	62.6631603683	64.3789287919
62.7355098283	62.8879044003	55.5850325017	69.6570545371	59.619580668	61.7535355592	79.5277651156	74.8086680722	78.1739602917	74.845340684	65.7469352341	64.588487592	77.88872107	77.5960993071	76.2979139368	74.7743022878	40.6382313892	71.4961702303	72.3661515675	65.2202666915	72.828925253	75.2040760874	66.8806024733	68.9904115163	69.2419956987	63.9861293003	70.0737528928	76.1510658225	69.0917375718	74.356624212	76.6146163115	45.4890469653	65.116427497	67.4998871549	72.4374296661	74.8208533918	62.4381484782	75.8006748169	50.4629403664	62.7705591611	87.3684685627	66.7745846943	68.7067497851	43.0534066489	73.5946860809	65.575355067	63.4088264557	60.4847499071	70.2217939099	66.4455495389	71.2472145127	74.6723575571	75.6601226943	73.7841410574	66.7145604904	77.3207790202	72.5275506827	58.4202994415	73.2935971538	72.4946152201	60.7848851991	72.6414684128	69.470322234	77.2907632396	65.86951866	60.4096247782	59.9440222326	74.297285759	45.6536988326	73.647964704	64.0673173451
70.2738056986	78.1114030919	70.1888853214	57.1227634702	70.295492761	43.6570271026	57.044004877	70.6568755904	71.3218965783	58.0386636934	76.1362017229	68.6202301127	66.9463128612	71.0539966311	73.3336196004	71.8230196628	40.6126144292	68.6295216747	72.4351662864	57.586247314	65.2140022258	76.8139009052	62.1329165369	65.6691062877	76.3712766072	51.0327941551	70.074244978	70.107283245	76.3845137129	68.4550746131	67.6868931367	45.8190330385	76.3266752461	78.3367035065	73.9351031765	70.3417517051	66.1825869867	63.4032843277	48.6268141919	70.0018337927	66.7745846943	87.3684685627	70.3507758345	49.3857109271	61.3560941991	68.7810124334	61.7381043204	76.1612127277	54.4655181545	74.7801989577	73.5793629461	69.731272147	59.8940544987	65.9598249645	76.3593691236	71.2415017407	62.9079540918	48.5215949033	60.1449809433	62.6736566335	59.9984281153	74.2321631813	67.3542881933	70.0998352538	64.7274341301	72.7150759465	59.6052634671	48.7421574608	46.6419150222	64.2441507865	65.5661281596
65.6885343476	65.6609314477	60.8138860716	67.4141659881	68.6844184067	52.3131844747	62.8933687514	68.1747347545	75.8497991381	59.4560099518	70.7429634201	63.600179358	69.9437300448	68.3181302409	69.0887111182	71.9543284371	54.1778031095	72.2445328799	70.1098196769	62.2031393675	73.2288925388	70.5772631369	59.869601671	65.6177611583	73.0711323249	62.0896714535	73.5882656454	72.2463962765	71.8885248244	69.9458554557	71.1683045313	41.8155872897	69.3265465713	72.6707185673	72.2358746155	72.2841488486	65.0972434626	65.4776645265	53.9445792742	64.8916998949	68.7067497851	70.3507758345	87.3684685627	50.2767680164	64.0743948338	66.3811011994	64.4846061228	73.4043189543	58.7740756533	68.9734540678	74.5046684895	70.1710136307	64.0767732185	67.6027862838	66.1147529411	68.8348880475	67.1230309059	60.3244070035	62.377150747	60.0432873545	60.2672971588	69.3379138286	66.2302638259	65.5416182657	71.498952108	72.2550735847	64.1193801303	56.4495469072	50.0081901229	67.6869319595	70.720224389
58.3479443578	50.7317695847	55.529290741	44.5536375656	47.3483806994	42.4393454405	31.9297041405	49.8928071429	46.6685295899	37.3072402927	49.7813039679	52.9357372368	51.0885050568	49.3194361269	55.2875293003	49.2679516999	40.3878511195	47.1148504447	50.0203020481	34.9832214205	49.5061773362	57.168808143	36.2334722464	45.0754543851	60.2262816746	33.6530631554	58.2396429891	46.1621711223	56.836645484	47.7707539316	40.3026406622	35.9177267472	45.7351043652	59.2606828622	55.1150740263	45.2288198989	39.4047949024	31.3232226265	30.513085252	54.6070933135	43.0534066489	49.3857109271	50.2767680164	87.3684685627	41.1761495461	48.0351023444	45.087770717	58.439836263	42.3000090562	58.6749402715	53.782135534	56.157619262	34.6300250157	52.8301954102	50.0175103605	46.1747483797	36.3448665942	32.9356467218	30.7799832568	32.6205976764	38.2637534077	43.5011648374	42.0596835979	50.4557102919	44.9239707717	54.744326113	37.5460235024	29.5678030929	40.7362950415	38.275667638	48.8402915691
51.3198355076	56.6076455405	55.6615235075	70.0287372102	53.745812487	44.2497868052	73.8500768937	73.0419834905	75.6471841036	78.2274517031	64.2030933601	60.7576897963	78.0006272429	77.5261395306	73.285066301	69.1807160121	33.2047619987	71.3150902908	71.3530448593	64.8082939115	68.3816969529	70.9017638031	69.5838282244	68.6126965597	67.2118050674	68.328332357	60.4654245197	73.6815746806	63.6030160895	75.6536663271	73.8706921172	46.8553603569	70.7547795767	62.3157781537	72.7874042187	75.2219544457	67.2472544341	73.8315246252	41.4050975904	60.2543876788	73.5946860809	61.3560941991	64.0743948338	41.1761495461	87.3684685627	68.069247778	62.0963400798	54.6179806463	72.5213940236	58.8635450375	64.2507611531	70.69819679	75.5700392273	69.0308344126	61.5106020417	75.4353787525	77.2209365591	53.3788820371	76.2585817908	74.6830619557	71.3574752345	71.2007718695	63.0166661758	70.8748802014	64.8036088039	57.8651455829	59.681494333	72.8030126808	58.7660739655	74.6482454211	56.2303115836
54.5485731772	65.4548355812	62.278756425	63.3204593475	63.087817598	48.219762884	62.9046011718	66.5977227457	72.6179381562	67.9344133572	73.4700839883	69.2734816768	69.8551886283	67.5903433097	72.5442820333	61.1903348791	43.7986402429	70.0083026639	74.3776858182	67.1836564722	66.7538028829	70.153721511	68.8784612301	67.8986098314	70.5285368157	66.0680650049	60.4911760552	69.4511237631	65.2914139675	70.4936847522	68.6601220026	47.3155890431	72.7666708391	66.7182960749	71.4322248121	71.4367823298	68.4882440164	63.4297508297	53.8888259979	69.7565393147	65.575355067	68.7810124334	66.3811011994	48.0351023444	68.069247778	87.3684685627	67.6039517161	66.6899479422	68.0101051638	59.9990735584	64.5847048646	71.5133169487	62.4916323875	65.6596551522	67.1557705716	66.3626664587	67.2832882553	63.6137191321	63.7166256953	59.339544414	68.7575696651	68.8966296065	59.8144163335	66.0802100169	69.1611736478	69.5879289097	60.229469911	61.0136077276	62.6932513406	64.9681106971	65.307909612
61.7562482754	70.4344516752	55.2257193282	69.6648140896	71.6093349577	42.670606933	58.1067497065	64.8548415963	71.3544650867	61.5139332515	70.2206524796	58.1281231424	66.0684465536	63.9926008314	63.8872724945	66.7853364693	36.8131665853	64.4962583002	70.6929045803	49.9351173549	67.1753280172	65.2129150649	58.2580685667	58.6097888015	75.0394842475	64.6937465883	67.7948564443	72.341787984	69.0793335443	68.2786741859	63.7424830659	44.557061055	70.1675259364	68.0925444827	74.9520708903	70.9299825569	58.2650796189	65.9445866393	51.2199007732	69.9283732088	63.4088264557	61.7381043204	64.4846061228	45.087770717	62.0963400798	67.6039517161	87.3684685627	68.1547191717	54.5253727541	69.4070829544	73.9695366799	68.2791248435	60.776451148	65.3332986527	66.4308413577	63.9535913289	65.1221591968	60.1271708738	65.5533302263	61.1669000282	53.783372552	71.3061976361	58.048192592	59.3787940538	57.5856488478	66.9997990043	60.4551173776	51.2959235935	49.0610081404	69.7824181419	64.9082986451
75.7908058111	78.1912152615	68.1908775702	63.0852322579	77.5419782574	48.2533237221	48.5410155079	66.3206211531	68.3786764574	51.2282905599	74.3880483874	65.8310321023	63.2343342749	64.7096924209	67.4832924173	68.9426683558	46.3651008906	67.5837302332	70.3172848382	51.4084144681	64.0930310379	73.0582517627	52.9893338197	63.5631825388	76.6128455127	51.5954237415	74.5141433499	69.217187961	77.8078430809	65.7654499031	61.3743970998	45.1211988081	72.4685673737	77.3539507438	71.3589664409	67.6735653451	62.953188547	58.8267677831	49.9819572722	75.0337004113	60.4847499071	76.1612127277	73.4043189543	58.439836263	54.6179806463	66.6899479422	68.1547191717	87.3684685627	47.5039006072	77.283633027	76.9200638018	68.7463783953	54.1209154411	61.695900374	73.9852867682	62.9194585229	60.4821905397	48.8965969427	55.1148413356	55.5338510918	52.4025128766	71.3720992464	65.3241165357	61.5079487673	60.5942716994	77.6736459792	60.1539510854	40.1845625873	46.7122971363	62.4084322408	65.0887592298
44.9323831551	47.0071432978	53.2056220114	63.7479344653	45.1225779758	53.3912071608	70.6133152826	62.1035881764	70.5939940296	70.812496911	58.1943926983	59.7117501225	72.6365075965	71.2331115321	70.5819760396	61.9179729461	37.3729239936	61.1447337255	63.1354328738	65.9033348	69.0312291041	65.1385884034	63.5372987072	68.6561063052	59.8486436928	68.1764083953	58.1530512414	63.426424038	56.0627643394	72.1353445487	73.4218962558	29.8580290478	60.8769843893	60.1536917704	67.0531355655	65.6459624685	60.5198019245	64.8764799758	44.282915282	50.9132291409	70.2217939099	54.4655181545	58.7740756533	42.3000090562	72.5213940236	68.0101051638	54.5253727541	47.5039006072	87.3684685627	47.2428920736	57.4217345388	69.5427155311	68.8160178419	66.5558183576	51.8917850904	69.2069749819	69.0981672054	60.3636883307	64.3682699372	63.1067821595	69.6134494957	56.6024925166	53.8187187555	66.0402700803	71.1751234297	53.7471310109	54.4709432019	71.3470346294	64.3140454103	65.0198379898	58.4784548437
79.4921406066	79.7312366023	67.3726459539	63.7626633317	75.5278681227	45.1909836287	52.0688846912	71.4395867243	69.952641046	55.2328089143	74.1814678888	60.487236546	67.1897381003	69.7377041041	69.2306349921	75.6516289072	38.7122663175	67.3322593776	69.1004058478	46.3319068704	63.9711571798	74.9738591745	56.0883001203	60.5642067013	80.3760442746	49.7207912223	75.4953340723	71.0052115509	81.0857915951	67.8334166048	64.477661411	47.0814424876	72.5955804836	79.0165753297	74.8065542203	67.4410809225	62.359421096	59.6529314965	43.4107604733	70.9913379565	66.4455495389	74.7801989577	68.9734540678	58.6749402715	58.8635450375	59.9990735584	69.4070829544	77.283633027	47.2428920736	87.3684685627	78.7466570401	70.9082974462	58.7686886119	68.5673928548	75.4818943716	68.6848217081	60.0915503061	40.628746259	59.6615813049	62.2954824615	52.9822056462	74.2775642096	63.3508399205	65.9643351143	55.9988218694	72.2311024261	57.6396316428	44.7106127594	41.4027712979	65.0836612398	60.9705062929
77.5682845955	76.3932685713	64.4586917594	72.6795435057	76.0698632294	52.3521961685	62.8460999446	72.8758109582	78.3715957647	63.5662462142	71.3582975016	64.3013889969	72.3972975902	74.6752979204	74.5335845318	77.3179570892	43.4849678733	73.780683082	72.3918240845	52.3499602771	73.2242771849	76.6604579623	59.7302739415	63.9536543123	80.3613411088	62.3845311663	81.6415700474	76.1698305672	80.6513113513	73.7457832607	71.2032683967	47.1079580376	73.0173666375	78.2470722778	79.2125910813	73.6153792833	64.6626375913	70.2583739884	51.0035203016	68.8954885647	71.2472145127	73.5793629461	74.5046684895	53.782135534	64.2507611531	64.5847048646	73.9695366799	76.9200638018	57.4217345388	78.7466570401	87.3684685627	74.2842264855	66.6818937444	71.618236656	72.0745134248	73.9364569318	68.9858349891	53.7557796881	67.5131153841	66.3197036228	54.5883837477	75.6525823651	67.056827846	69.8478105268	63.3739503243	72.7589044132	64.9775526806	52.2140085866	49.6586886914	71.1819899202	69.5826497272
65.6090450346	66.8170057147	63.3211731228	68.2477815178	63.9216195868	54.8124460807	68.9228064268	73.0626271699	78.6881051515	72.4351432835	69.4304569818	67.3113157123	78.2675415605	78.5071993959	79.1977548821	74.5429800788	40.8146364952	73.5044423421	73.8205674393	61.9423737237	73.8207081582	77.6880781239	65.3457251484	68.1990222163	77.4539905824	64.2608883995	73.9859185437	75.8256015174	74.0349631152	77.6584212573	76.2813996531	47.2442030616	73.9695939865	75.7674215995	78.3910132294	74.1893820893	63.5512982866	68.3864971679	48.4838795183	70.4069255465	74.6723575571	69.731272147	70.1710136307	56.157619262	70.69819679	71.5133169487	68.2791248435	68.7463783953	69.5427155311	70.9082974462	74.2842264855	87.3684685627	68.0172168588	76.3966022654	68.1586423799	77.5985457114	69.610182415	58.7708368265	69.4471154451	67.3813088489	61.9673089576	71.1169634904	65.4431289933	75.4837553995	69.830834345	69.2065469291	61.9358664463	66.331262008	58.281754002	69.9227108352	70.2948280181
53.1090173128	54.3708540527	44.4625340917	72.6363858473	55.6588736224	51.8305489484	78.9131290668	75.3901927704	76.4936437406	76.8366196861	61.1447901676	52.9445690578	76.7940360259	77.0267715592	69.8930968891	71.7709988493	41.2798078989	68.9067979081	67.4488736566	60.8313894014	73.7379477216	69.2471356469	62.430740073	66.5248027131	62.967964082	69.1003662713	61.6139023108	74.8103923454	59.4786852734	77.3983009475	76.3557680663	36.7979472523	67.1483817439	62.0584249213	71.8639034477	72.6252903843	65.2179047315	78.0588348147	48.5434527135	53.0516823201	75.6601226943	59.8940544987	64.0767732185	34.6300250157	75.5700392273	62.4916323875	60.776451148	54.1209154411	68.8160178419	58.7686886119	66.6818937444	68.0172168588	87.3684685627	66.7426967582	58.6454570787	77.6544793898	79.3685425764	57.8091149372	80.9868923982	78.0099190057	63.7594184407	71.6233805891	63.0023873082	67.5978337376	64.4158536977	55.400970183	59.5837107562	74.6416421622	49.4259288303	79.2945407078	55.6121417027
62.1311948321	62.8243907029	56.8843019132	66.7109408114	58.1659696186	55.9581250321	68.4895540268	68.2794026625	74.5243127019	72.8221353374	66.147421624	64.2927635924	77.6254743247	73.9115527662	74.3515053796	73.6890722702	44.1243413862	69.0094416094	69.6778611339	59.9910012614	70.5379414507	73.0412485694	60.5728312606	59.9180914186	73.0177985013	59.8954398721	71.0956903686	72.9619429356	69.7633506062	72.430798809	72.4975116819	48.0409775373	67.603928954	69.6716060889	74.1275791049	70.926594255	60.9585738156	62.4773511709	41.7670036261	65.3114202175	73.7841410574	65.9598249645	67.6027862838	52.8301954102	69.0308344126	65.6596551522	65.3332986527	61.695900374	66.5558183576	68.5673928548	71.618236656	76.3966022654	66.7426967582	87.3684685627	64.5717259399	74.4489771143	66.1788378775	56.9196372901	63.9359299474	64.0973872752	60.7378539724	66.3871749657	66.5761689082	72.5592208028	63.4112554007	61.822744093	55.6598877168	63.9176424129	53.9006467895	68.0179928093	68.5519832612
68.5460376893	79.8817020769	67.5647810206	59.7712312442	72.7937439047	42.1612127435	53.4593341677	69.2859318387	68.516336893	59.0326926747	76.1245307975	63.9204582786	67.126839773	67.7115336076	70.5844875661	69.0845160927	40.1464677634	65.6056048266	76.4126793302	56.5199870568	65.4108751141	72.6871048405	60.7150762732	65.1987009651	75.2332279194	53.226983012	64.9022014648	72.3424021196	75.9712848481	68.9861543228	64.6761820134	50.0719408987	73.6553954526	72.5876969339	72.1633061942	70.7513019691	67.1966960132	61.15476768	44.6928948852	75.0413380995	66.7145604904	76.3593691236	66.1147529411	50.0175103605	61.5106020417	67.1557705716	66.4308413577	73.9852867682	51.8917850904	75.4818943716	72.0745134248	68.1586423799	58.6454570787	64.5717259399	87.3684685627	64.7528944845	63.0273854831	50.3643832199	60.1693381446	60.1654821185	56.8095865067	76.9354449922	64.8960435684	69.7223439883	60.5655133821	70.0482749289	63.0984198409	51.3246100247	43.5879072032	65.6302348815	62.6873426274
64.2059647284	64.030383628	56.0728829592	67.3526657213	58.0819110769	50.5615869507	75.2539251772	79.7635960099	78.919380009	75.4214448824	66.608443054	58.5366753962	79.2425164881	84.0098873082	80.6157647213	77.1727041328	34.8604705925	74.4124892404	70.7702464882	59.1818687534	71.3397860464	79.5430429199	63.4670737734	67.1253442183	73.635393546	59.344314595	72.6613511924	75.6794412367	71.7643330765	80.4702135721	77.0013596134	44.5949226133	73.390478204	73.1954528764	78.005287597	78.5046661124	64.0075429336	75.7260862659	46.3441224747	63.2171789544	77.3207790202	71.2415017407	68.8348880475	46.1747483797	75.4353787525	66.3626664587	63.9535913289	62.9194585229	69.2069749819	68.6848217081	73.9364569318	77.5985457114	77.6544793898	74.4489771143	64.7528944845	87.3684685627	74.2020508246	52.213504737	75.8632985347	75.5822144128	61.5069769305	73.928653662	65.1020718064	78.3940978293	64.0774872408	62.3465189308	62.5490095135	67.9288229307	50.3828824857	73.0134818434	65.1344811588
54.6830056461	59.9784697542	55.7012826829	78.2333346355	64.2732957779	48.5670448342	74.3625322077	74.5403023025	78.9395100058	75.8083080392	65.1643858417	58.7189794147	78.5622467318	76.5430515959	69.2280771219	69.2611547242	42.9925166016	72.4751078131	72.5102569466	62.0797941534	74.5653946363	68.3862182254	68.9006116849	69.3777747994	66.4913406295	74.9295201686	61.5368167417	80.0627740286	65.2275187283	78.928839644	79.0710349491	44.4985985686	72.7260795531	63.9423903979	72.5197939682	74.037803525	68.7964856181	78.4260376024	50.225872518	58.7670648032	72.5275506827	62.9079540918	67.1230309059	36.3448665942	77.2209365591	67.2832882553	65.1221591968	60.4821905397	69.0981672054	60.0915503061	68.9858349891	69.610182415	79.3685425764	66.1788378775	63.0273854831	74.2020508246	87.3684685627	60.8718681259	80.3959582685	74.5842264206	69.0441003977	75.317265366	64.4998295735	66.8883618377	68.9456508974	63.0721849505	62.8764278943	71.8698253797	58.1932919426	81.9865453567	55.8120369959
37.4290728452	46.1238866114	41.5849611416	59.5817848755	47.6405276877	53.1432793374	59.6548891312	49.8224945791	62.0164497572	57.0508481998	52.9010126272	54.2729714378	59.393391627	51.9290801908	55.4267845132	48.3717182272	51.6188854961	54.2943996531	59.5707110178	59.8358061335	65.4898300053	52.1622154777	56.5051533598	51.1606140841	56.1728658552	62.1502500198	48.5842003983	59.9345199097	46.4053711729	60.6892750685	59.1286081526	39.3119798264	52.3784732248	50.3079014451	60.6920615157	61.613909213	52.1600600259	58.5618220698	51.4529768068	51.4883046817	58.4202994415	48.5215949033	60.3244070035	32.9356467218	53.3788820371	63.6137191321	60.1271708738	48.8965969427	60.3636883307	40.628746259	53.7557796881	58.7708368265	57.8091149372	56.9196372901	50.3643832199	52.213504737	60.8718681259	87.3684685627	57.8481519531	49.1090428103	48.2072678666	52.3204276085	49.6821583519	53.2458221471	61.5988560056	51.6818728291	52.2476092751	60.5026576766	48.8493590776	59.0186897533	70.5809368273
51.4439421548	57.1674022548	46.8737908552	71.9446283674	58.7227590668	44.197809385	76.9813864305	75.5697164208	76.8955803448	75.9673347538	60.1985944739	54.9111511755	75.3989184932	76.723162688	69.1292157228	69.9475417599	33.0471758415	70.7359743017	69.696089976	58.5457859327	70.3513732254	68.895401852	64.3289811199	64.8175691537	64.0246912085	69.8532964933	59.8773728155	78.0412979688	61.1057640592	77.2369581957	74.4330820121	43.4482334872	70.8956313775	61.0285361668	72.391809061	74.635990532	60.8918348934	81.0295968578	49.5928931777	56.8026517417	73.2935971538	60.1449809433	62.377150747	30.7799832568	76.2585817908	63.7166256953	65.5533302263	55.1148413356	64.3682699372	59.6615813049	67.5131153841	69.4471154451	80.9868923982	63.9359299474	60.1693381446	75.8632985347	80.3959582685	57.8481519531	87.3684685627	79.4825265413	62.0122475761	73.7497264186	63.8836540934	68.5937507692	61.7157957468	56.7104645463	62.804679384	71.6171431025	50.8535427775	80.8385857781	55.1389665082
55.972251078	58.103681294	48.6106832159	68.2400454212	57.4581784813	44.7906961983	73.9928121549	75.3766640571	73.6140334591	74.2912985065	59.790181419	54.5434227631	73.1494145862	76.7353751339	68.4461610994	73.8613318943	28.4515093177	70.8941795765	66.7665907203	56.9221254861	67.5413665085	71.66082459	62.8743086853	65.1509323899	64.1002490744	65.2428849118	62.1298994258	74.2253563061	62.0397416616	75.5320327477	71.6995981387	40.6470289974	69.141814592	62.8971768745	72.3469666525	71.8783872539	63.3682933794	77.4490086274	45.2527051392	56.7258220417	72.4946152201	62.6736566335	60.0432873545	32.6205976764	74.6830619557	59.339544414	61.1669000282	55.5338510918	63.1067821595	62.2954824615	66.3197036228	67.3813088489	78.0099190057	64.0973872752	60.1654821185	75.5822144128	74.5842264206	49.1090428103	79.4825265413	87.3684685627	62.5512044228	72.8766953373	61.6657044983	68.0481241659	61.6733973592	55.4097370115	57.1396633116	66.5540129069	50.130001061	77.3142919013	52.6499423723
42.09424132	50.1331465506	60.4584124027	62.9408778259	50.8457119603	36.2200654814	62.1299707316	61.3791689718	67.3057174871	67.1950749642	65.4885077531	56.8486034543	69.1083947598	64.759807305	61.3850856405	56.1480609809	31.259694814	63.0664642813	66.5406198457	67.5274112106	62.3735979339	61.372428785	65.8856287805	69.8610302636	60.7276535661	66.3171015386	49.2655260361	64.9395584814	56.8454877952	67.3612796544	68.9417111648	37.5552900543	68.9309328033	58.7313223795	64.8926366619	63.9328916321	66.5478485574	59.1295079152	42.0872986105	54.8588339166	60.7848851991	59.9984281153	60.2672971588	38.2637534077	71.3574752345	68.7575696651	53.783372552	52.4025128766	69.6134494957	52.9822056462	54.5883837477	61.9673089576	63.7594184407	60.7378539724	56.8095865067	61.5069769305	69.0441003977	48.2072678666	62.0122475761	62.5512044228	87.3684685627	61.862102069	57.5482535227	59.3437478001	71.3931881794	57.5971512871	54.3928804963	61.2100773257	68.8924703347	65.3226766585	44.7620443124
67.1423344969	76.8312728485	62.6330067173	70.5635779494	74.8373485753	39.7499084819	64.8014035917	78.7311100273	77.1460083485	68.904480887	73.7654893086	63.481588493	73.0702079435	74.572641836	73.5923970412	72.6094751426	37.2786883182	72.2377473303	79.0505080783	57.5558581112	69.3528011261	76.6740407405	67.1690495854	69.1119738996	75.1986762457	61.9215345693	68.9213930219	80.4265653942	75.7017540257	76.5479347609	71.0553185465	56.1315698498	78.4945725597	70.6586082473	76.6732912003	77.3940120248	69.3560984847	75.399566366	50.5427150577	71.1693139085	72.6414684128	74.2321631813	69.3379138286	43.5011648374	71.2007718695	68.8966296065	71.3061976361	71.3720992464	56.6024925166	74.2775642096	75.6525823651	71.1169634904	71.6233805891	66.3871749657	76.9354449922	73.928653662	75.317265366	52.3204276085	73.7497264186	72.8766953373	61.862102069	87.3684685627	67.4102386775	71.9654696168	62.2722156372	69.227783153	65.5516122231	58.2221390127	46.2045288603	75.435229307	61.7397361485
61.8040223799	59.8112792903	52.7135197223	63.0229998483	62.8669385285	56.5426368827	65.6621205885	68.6921453434	69.452920227	63.5766307392	64.0793910907	66.6131399423	66.8096870849	65.0615818142	66.9254298464	66.3924730614	43.3411469436	65.7803925434	68.1274111328	64.5661139615	66.121829523	68.7954248764	57.1255639084	67.9789753605	63.5910172711	59.4834979905	65.6907281904	70.9406396338	63.7717521999	65.5237770262	64.6272743265	48.6789549644	61.9685088849	64.5164067886	63.7907290005	66.0703038886	59.8752829663	65.0280191794	47.1233055905	64.5529982708	69.470322234	67.3542881933	66.2302638259	42.0596835979	63.0166661758	59.8144163335	58.048192592	65.3241165357	53.8187187555	63.3508399205	67.056827846	65.4431289933	63.0023873082	66.5761689082	64.8960435684	65.1020718064	64.4998295735	49.6821583519	63.8836540934	61.6657044983	57.5482535227	67.4102386775	87.3684685627	64.8171851186	66.009259607	65.9154041628	56.8182303567	57.5550290292	45.5145913416	69.2886070212	55.2375638369
60.8175120771	63.9043202473	60.5077965632	60.802255964	55.5847879232	49.681550925	70.1410801221	74.8383327343	73.4043880387	70.8598602002	63.2587612976	65.3892092561	75.0753718067	78.131366629	80.8753048502	72.1308857114	32.8106005325	69.8034433474	74.3174821342	63.0771994119	65.4951743432	77.9730790795	63.3584528144	66.430735893	70.6360325265	53.788802319	68.7920497391	73.0908672648	71.3793056669	73.3920076572	70.7298908683	52.9616577755	68.6432113905	68.8535730649	73.1889850235	77.2131169937	58.9863843968	67.7086940167	41.851729528	67.62333869	77.2907632396	70.0998352538	65.5416182657	50.4557102919	70.8748802014	66.0802100169	59.3787940538	61.5079487673	66.0402700803	65.9643351143	69.8478105268	75.4837553995	67.5978337376	72.5592208028	69.7223439883	78.3940978293	66.8883618377	53.2458221471	68.5937507692	68.0481241659	59.3437478001	71.9654696168	64.8171851186	87.3684685627	62.6293553331	60.5698724421	60.0717755679	66.904199999	47.1320573325	65.8747761912	65.2955315004
54.0927518667	53.9687732113	61.5576392679	66.6521803215	60.013142613	55.0664798115	66.2328569061	64.0158818537	73.7043862196	61.9466421976	63.7132433798	66.1289129484	69.3247508992	66.442771755	68.3019418221	62.667243189	48.6872133525	66.9305902683	69.3751259199	68.2817531133	72.6747728792	67.9724205222	66.8121064863	70.3371123152	65.5847125689	70.4883625947	62.338921935	68.6341145669	62.4529653193	70.089935552	74.6051994039	39.9604383214	66.1080498592	66.6861821888	68.5817331276	63.7203184793	67.1859403122	64.7871526634	58.3338765129	57.0520534069	65.86951866	64.7274341301	71.498952108	44.9239707717	64.8036088039	69.1611736478	57.5856488478	60.5942716994	71.1751234297	55.9988218694	63.3739503243	69.830834345	64.4158536977	63.4112554007	60.5655133821	64.0774872408	68.9456508974	61.5988560056	61.7157957468	61.6733973592	71.3931881794	62.2722156372	66.009259607	62.6293553331	87.3684685627	67.3794018095	59.0566911605	63.1857835065	64.6307231776	68.4306886537	59.4343804634
71.1367795659	72.9696703511	70.4376147344	66.9377533639	74.6853312027	46.7758463443	52.5050623624	67.047768858	69.6595630813	53.1669786894	74.1836283803	68.371744279	63.204513255	65.6721670098	70.115268854	68.5029300957	43.988573973	68.8636446745	68.750688574	58.3649459339	66.3033971644	71.0420907333	60.6902761615	68.0515974184	75.9464079998	59.9869751083	69.6727124352	68.7628401422	75.2366638783	68.0971389308	66.4047960637	44.141376534	72.9984154797	77.6768874619	73.2900297931	66.2552211262	64.2687983916	59.7760855055	50.0586867116	70.3209472829	60.4096247782	72.7150759465	72.2550735847	54.744326113	57.8651455829	69.5879289097	66.9997990043	77.6736459792	53.7471310109	72.2311024261	72.7589044132	69.2065469291	55.400970183	61.822744093	70.0482749289	62.3465189308	63.0721849505	51.6818728291	56.7104645463	55.4097370115	57.5971512871	69.227783153	65.9154041628	60.5698724421	67.3794018095	87.3684685627	59.6814518713	47.753585923	53.7485035287	62.6290804975	61.2174663058
53.7649840818	59.0455535073	52.348843137	58.5414163138	60.6103991567	40.587603342	55.2523601422	61.2215100986	68.1529938901	59.111324394	58.3972373062	57.6622903249	61.398808511	65.6788052984	62.8783973009	61.0412576839	36.3408637327	62.9244286782	69.0341013427	58.3517958592	61.8711406017	62.3806012351	59.3004416631	62.4587666772	62.4825351649	53.3863869834	59.001613603	67.5936895498	61.3385207729	67.9786188999	62.6635451506	42.3924389467	64.5170023307	58.9125734349	66.5815716217	66.9331871669	57.9769112287	64.7136079849	50.2926802669	61.1457251972	59.9440222326	59.6052634671	64.1193801303	37.5460235024	59.681494333	60.229469911	60.4551173776	60.1539510854	54.4709432019	57.6396316428	64.9775526806	61.9358664463	59.5837107562	55.6598877168	63.0984198409	62.5490095135	62.8764278943	52.2476092751	62.804679384	57.1396633116	54.3928804963	65.5516122231	56.8182303567	60.0717755679	59.0566911605	59.6814518713	87.3684685627	52.9851265212	45.5646002178	62.0368267922	55.9545723709
38.0516267959	41.2280226934	41.8351454228	62.6786018336	41.9361635927	57.2587509533	78.4286966001	63.9627278307	67.8241883108	76.8677190167	54.750323189	52.6232418301	73.2979661629	68.6279973114	65.1888138857	61.5146376075	38.4139868026	60.4293761551	63.2279424395	67.8018459721	67.6318264377	56.9682563082	63.6373737734	62.512884772	53.7672344916	67.4584012205	48.1749422259	67.2470085647	49.8642908148	68.9902607777	73.1194011434	33.4678503136	55.6357641517	51.0760919514	60.2945898279	66.106359386	57.5395557269	66.6320890076	39.3916542658	48.0320627394	74.297285759	48.7421574608	56.4495469072	29.5678030929	72.8030126808	61.0136077276	51.2959235935	40.1845625873	71.3470346294	44.7106127594	52.2140085866	66.331262008	74.6416421622	63.9176424129	51.3246100247	67.9288229307	71.8698253797	60.5026576766	71.6171431025	66.5540129069	61.2100773257	58.2221390127	57.5550290292	66.904199999	63.1857835065	47.753585923	52.9851265212	87.3684685627	49.8587384185	68.399262254	52.1740820668
35.9209382232	40.7828786425	56.8022844973	56.0614331593	46.423943067	32.4747801601	47.5101492024	50.699927176	56.2823000318	55.9562455525	53.1658560605	53.0415895147	59.5444055933	54.7481316549	54.9260212966	46.4220518258	28.0708932263	58.2399040156	54.8916852434	52.8989881391	53.4354533462	52.5431498905	55.6674434104	56.1454566543	55.1261674691	63.0073428181	44.1146021717	53.6369702729	49.40373948	60.5740534583	57.6456049904	26.8478803037	61.6622998396	52.6160796207	60.2371146651	53.8470147958	54.4824749308	47.1056823653	36.7241677299	44.1007655685	45.6536988326	46.6419150222	50.0081901229	40.7362950415	58.7660739655	62.6932513406	49.0610081404	46.7122971363	64.3140454103	41.4027712979	49.6586886914	58.281754002	49.4259288303	53.9006467895	43.5879072032	50.3828824857	58.1932919426	48.8493590776	50.8535427775	50.130001061	68.8924703347	46.2045288603	45.5145913416	47.1320573325	64.6307231776	53.7485035287	45.5646002178	49.8587384185	87.3684685627	52.7755100225	46.2130924184
58.9406939979	62.3953410457	50.929816467	77.5632039495	67.6243024682	52.9933213061	74.5208250132	74.5614622182	78.6366504742	74.353128413	66.3476100365	61.1509392946	78.1366889874	75.0611718377	68.8530899002	73.5932974683	44.1634529328	71.9652276114	73.3117589182	59.4902885608	74.735806092	69.8602055217	64.9109267146	68.2086150489	68.207513477	74.4617398958	65.2669602005	80.4746692816	64.9918669367	76.1024498871	75.4520952716	44.1645260207	71.9139213089	65.443720442	74.1184313497	73.5567849224	68.9591533358	76.9948652225	54.1038956804	62.6631603683	73.647964704	64.2441507865	67.6869319595	38.275667638	74.6482454211	64.9681106971	69.7824181419	62.4084322408	65.0198379898	65.0836612398	71.1819899202	69.9227108352	79.2945407078	68.0179928093	65.6302348815	73.0134818434	81.9865453567	59.0186897533	80.8385857781	77.3142919013	65.3226766585	75.435229307	69.2886070212	65.8747761912	68.4306886537	62.6290804975	62.0368267922	68.399262254	52.7755100225	87.3684685627	56.0455990765
60.2051516567	65.7910758893	53.1541199815	55.0514541386	56.8485970799	51.691003802	55.3812440313	60.2753466113	66.9523374138	56.4902819337	63.8941481873	60.4345387594	63.7051402113	61.4802702622	68.1573006821	62.6113946475	45.4564567432	59.6309985533	64.1348308721	53.4993027802	67.0966062793	66.8353651854	52.2362148383	54.0074300496	71.1546191174	50.925551724	68.4393054302	62.6963695806	66.1228265992	64.5390525666	61.6964631788	39.6487485854	62.9699368888	67.44136014	70.2966290664	70.636775979	54.2080938939	58.9114381618	47.0126897907	64.3789287919	64.0673173451	65.5661281596	70.720224389	48.8402915691	56.2303115836	65.307909612	64.9082986451	65.0887592298	58.4784548437	60.9705062929	69.5826497272	70.2948280181	55.6121417027	68.5519832612	62.6873426274	65.1344811588	55.8120369959	70.5809368273	55.1389665082	52.6499423723	44.7620443124	61.7397361485	55.2375638369	65.2955315004	59.4343804634	61.2174663058	55.9545723709	52.1740820668	46.2130924184	56.0455990765	87.3684685627
Genotype stats (X^T * X): 	51.1312594316
Gene expression - Genotype stats (Y^T * X): 
-20.8970085082	-17.1975688776	-20.2881725093	-14.2713497096	-19.2677099854	-18.5011227504	-9.70156929391	-8.65290693173	-14.0908000079	-11.4414980333	-11.1124264698	-35.4914366365	-12.6570550527	-10.6332067458	-8.90909133201	-14.5732533026	-15.8476507286	-14.5604206307	-14.5245314521	-11.9286612393	-11.3253490923	-13.3964058016	-17.3373012099	-9.97360197496	-16.6228004952	-11.0332936374	-17.5976117925	-16.9087620313	-15.4209271819	-7.17965613332	-9.41668937318	-11.2936191427	-9.90542325627	-15.3871832705	-15.1313963932	-6.93390319536	-9.95121245885	-9.95642562784	-15.5900460157	-16.2026205058	-14.4222537203	-17.9290254834	-9.07538015264	-16.5259488976	-4.95165131147	-12.9142601305	-13.8314186023	-15.7428116094	-7.86268948099	-14.958178471	-15.1256069116	-14.3262940164	-3.52159266503	-15.9785624559	-13.5101805236	-6.04695253573	-8.85518814592	-11.668277773	-4.44709065146	-8.9236282451	-8.9466606057	-10.7999380099	-19.451473175	-10.7187551461	-13.9696745199	-18.4400215303	-14.6934318348	-5.16288981307	-10.7284447613	-12.58789988	-12.9605931551