Tissue	braincortex
N_samples	95
Chr	3
Gene	ENSG00000181061.9
SNP	rs339683
Gene_list	ENSG00000131584.14	ENSG00000170540.10	ENSG00000111716.8	ENSG00000174748.14	ENSG00000154723.8	ENSG00000181061.9	ENSG00000177576.6	ENSG00000169245.4	ENSG00000165678.15	ENSG00000173915.8	ENSG00000111897.6	ENSG00000128609.10	ENSG00000070087.9	ENSG00000150625.12	ENSG00000143742.8
Gene expression stats (Y^T * Y): 
87.3684685627	-53.0994336986	-51.3755286763	-42.1439095311	-30.7913161287	-58.4066232423	-36.8674527779	-42.2761628062	-39.1879220306	-43.6936309997	-38.9606662261	-36.7618010515	-46.0361485724	-46.7278280348	-55.6622661769
-53.0994336986	87.3684685627	51.2903663422	48.1690612674	53.7771960345	69.4108977921	61.4551228492	49.7965016232	55.3453879369	56.7479097353	54.3942103965	62.0482970423	65.8805511601	60.493887242	51.7427353542
-51.3755286763	51.2903663422	87.3684685627	41.4765939641	47.727019426	61.7749966949	53.7578258689	49.743464073	52.4339102814	47.0934812486	39.4435183413	42.8852903341	43.5713319632	53.435802765	54.4349962455
-42.1439095311	48.1690612674	41.4765939641	87.3684685627	53.0613689365	54.2488606327	44.4509209679	40.8926644301	35.6855867012	49.6655863483	34.5831726101	36.8661325065	33.0746631254	30.8176339297	52.1426195756
-30.7913161287	53.7771960345	47.727019426	53.0613689365	87.3684685627	53.4293588296	59.6957199319	32.1958931173	42.8691569673	72.100698645	38.5261248262	61.1870139789	42.9004626612	29.4154960371	47.0573791525
-58.4066232423	69.4108977921	61.7749966949	54.2488606327	53.4293588296	87.3684685627	67.237637166	52.8609893416	60.7762492346	55.1333621744	53.1924386311	56.8826575083	57.7755104438	53.6375937444	60.8192913958
-36.8674527779	61.4551228492	53.7578258689	44.4509209679	59.6957199319	67.237637166	87.3684685627	52.7528400731	48.3712133271	63.622100304	53.5433813433	69.2607844595	56.9323243968	53.6852979384	48.7619845124
-42.2761628062	49.7965016232	49.743464073	40.8926644301	32.1958931173	52.8609893416	52.7528400731	87.3684685627	35.1259046085	41.220626238	33.6797106896	53.5106278353	45.6326851352	57.1576374011	36.2228730847
-39.1879220306	55.3453879369	52.4339102814	35.6855867012	42.8691569673	60.7762492346	48.3712133271	35.1259046085	87.3684685627	39.1215906229	41.9778045619	43.751238833	46.4757223674	28.9655231591	40.1638477663
-43.6936309997	56.7479097353	47.0934812486	49.6655863483	72.100698645	55.1333621744	63.622100304	41.220626238	39.1215906229	87.3684685627	41.8802408059	63.408822807	49.4136603899	43.8549401801	46.4611402198
-38.9606662261	54.3942103965	39.4435183413	34.5831726101	38.5261248262	53.1924386311	53.5433813433	33.6797106896	41.9778045619	41.8802408059	87.3684685627	41.5807999645	59.2830804158	38.7060638575	42.8603265083
-36.7618010515	62.0482970423	42.8852903341	36.8661325065	61.1870139789	56.8826575083	69.2607844595	53.5106278353	43.751238833	63.408822807	41.5807999645	87.3684685627	53.6404349959	41.651907236	43.2808606869
-46.0361485724	65.8805511601	43.5713319632	33.0746631254	42.9004626612	57.7755104438	56.9323243968	45.6326851352	46.4757223674	49.4136603899	59.2830804158	53.6404349959	87.3684685627	52.1597466632	47.7946440157
-46.7278280348	60.493887242	53.435802765	30.8176339297	29.4154960371	53.6375937444	53.6852979384	57.1576374011	28.9655231591	43.8549401801	38.7060638575	41.651907236	52.1597466632	87.3684685627	42.2834660082
-55.6622661769	51.7427353542	54.4349962455	52.1426195756	47.0573791525	60.8192913958	48.7619845124	36.2228730847	40.1638477663	46.4611402198	42.8603265083	43.2808606869	47.7946440157	42.2834660082	87.3684685627
Genotype stats (X^T * X): 	31.5058665895
Gene expression - Genotype stats (Y^T * X): 
-1.81155171364	8.27364711844	-0.73756671753	6.94369118802	5.13658082888	17.4814023419	3.92218270858	-2.17303619493	0.767589427908	5.58415881284	0.547714535877	4.01749099913	2.33905227905	0.604895699022	6.7003559659