Tissue	braincortex
N_samples	95
Chr	11
Gene	ENSG00000021300.9
SNP	rs7103745
Gene_list	ENSG00000177600.4	ENSG00000115268.5	ENSG00000111674.4	ENSG00000166441.8	ENSG00000132639.8	ENSG00000163032.7	ENSG00000105649.5	ENSG00000137154.8	ENSG00000167191.7	ENSG00000129538.9	ENSG00000165795.16	ENSG00000142676.8	ENSG00000198242.9	ENSG00000204655.7	ENSG00000180354.11	ENSG00000128245.10	ENSG00000175130.6	ENSG00000184221.8	ENSG00000108298.5	ENSG00000168314.13	ENSG00000105193.4	ENSG00000173786.12	ENSG00000145592.9	ENSG00000154277.8	ENSG00000105372.2	ENSG00000010282.10	ENSG00000244274.3	ENSG00000140264.15	ENSG00000160014.12	ENSG00000160307.5	ENSG00000087086.9	ENSG00000104888.5	ENSG00000142541.12	ENSG00000142534.2	ENSG00000213741.4	ENSG00000064787.8	ENSG00000167614.9	ENSG00000108107.8	ENSG00000108387.10	ENSG00000168309.12	ENSG00000139970.12	ENSG00000162188.5	ENSG00000133318.9	ENSG00000014641.13	ENSG00000137818.7	ENSG00000172809.8	ENSG00000021300.9	ENSG00000197971.10	ENSG00000104435.9	ENSG00000198668.6	ENSG00000172005.6	ENSG00000156482.6	ENSG00000166925.4	ENSG00000099194.5	ENSG00000109846.3	ENSG00000163399.11	ENSG00000154096.9	ENSG00000155368.12	ENSG00000154146.8	ENSG00000107902.9	ENSG00000136942.10	ENSG00000136854.13	ENSG00000106976.14	ENSG00000167123.14	ENSG00000112306.7	ENSG00000091513.10	ENSG00000104419.10	ENSG00000130558.14	ENSG00000107317.7	ENSG00000107331.12	ENSG00000160781.11	ENSG00000128656.9	ENSG00000189058.4	ENSG00000159176.9	ENSG00000187514.10
Gene expression stats (Y^T * Y): 
87.3684685627	74.5756102197	-45.2047535292	65.3203929436	-51.589036345	-52.7283321052	-33.019344832	64.4745936653	31.9241429004	23.2298675553	46.5670680906	66.4048372804	72.9023199376	16.9749953302	28.0433128305	-52.8344158034	38.0190104436	41.8073415521	72.2880466033	28.0999807758	73.931235652	21.8266338813	77.4304615897	-51.7743344995	77.4765238949	32.6050793572	27.6027571913	67.3881445365	-41.1273217033	58.3212273353	54.4828045204	-49.5676966761	75.9864731568	69.1764258117	61.1040956821	39.9551941245	44.1694946626	70.2738056986	37.6210484027	52.1535814072	-59.2689925465	-34.0364518854	-58.4426267228	-58.4336224533	79.4921406066	77.5682845955	57.8429134852	27.083654098	-55.2189327129	-43.1973907818	31.3791665082	64.2059647284	51.929126985	18.4909132957	36.1050228921	-45.5755781894	-49.6026918534	54.6761520879	-36.8807431614	44.9633389847	67.1423344969	-54.297113018	-47.0140428088	23.0379959895	60.8175120771	21.3850079414	32.0890080569	-29.420952765	43.1679991655	30.6093640458	47.9472971362	-55.135531636	40.74001334	45.2871017255	49.1575855863
74.5756102197	87.3684685627	-49.8938808124	68.0132327634	-54.1000941546	-54.1466450998	-38.8706151029	65.5989160039	30.9838237582	22.8556244175	47.602887195	67.2894954368	69.5795598495	17.2435914025	31.4794011495	-56.8227431551	33.6550540304	41.2117859063	71.7301067479	31.611295888	78.3175457607	22.4312300372	71.0800436395	-49.5271910006	79.4919221207	24.8754663294	29.0600094308	67.7269537508	-47.2422409166	53.0547936247	62.1117861529	-49.3196272078	75.5562330658	72.585422821	68.948431364	43.9469355037	44.0869854042	78.1114030919	41.7864248305	54.0780431264	-58.7236324497	-39.3919560698	-61.6313242054	-56.8291476916	79.7312366023	76.3932685713	53.0804448255	34.6662868856	-56.2847729427	-47.983525802	32.2420321448	64.030383628	52.7529248226	14.019411546	40.2114301881	-51.2273962045	-52.9771287527	48.7599266015	-34.6054649971	43.4844105042	76.8312728485	-53.8733938026	-46.8726208626	25.2811112313	63.9043202473	21.8689456843	34.8134370076	-32.5857723721	44.6534298266	34.4103792079	48.7008741527	-55.8389497581	35.3559774116	42.2085311217	42.4113101414
-45.2047535292	-49.8938808124	87.3684685627	-57.5046898835	62.5292185504	55.6571601115	64.5466200266	-55.0986252952	-48.7322556281	-10.1086976501	-63.8346863679	-48.3108068689	-57.3386725353	-8.7467789627	-22.8517974086	60.6307069835	-37.544324516	-43.0775331173	-49.8181937446	-26.5224761749	-50.6094141903	-22.3903732018	-49.9884941374	69.4100696268	-52.3667861912	-23.5714476546	-16.6006837605	-55.0672127795	60.4924370949	-55.7268159983	-43.349451073	56.0176133234	-48.8869278102	-54.4726968298	-51.83221663	-24.0072412921	-56.9907757906	-46.5898875264	-22.6796895039	-61.6373960128	68.6055655534	56.6294122335	60.0137303517	55.0883641249	-55.9770754097	-51.7350789473	-53.8961033808	-7.72142280636	61.696060814	38.2827989875	-24.1538624781	-55.5607488421	-61.3267458706	-24.0213137589	-23.3037418575	67.0575101975	62.8187337682	-53.2003372741	61.7316403263	-23.3880750962	-58.1057133793	69.936621638	74.0068247557	-9.26876438297	-45.6663479069	-12.6391674546	-19.3970555102	23.9357784242	-31.1354649365	-14.6079094237	-37.8422568273	47.3986588017	-41.0557776524	-63.811112766	-30.9078119481
65.3203929436	68.0132327634	-57.5046898835	87.3684685627	-50.5143514707	-49.3636453785	-59.2478359759	78.0619751446	42.1916604708	25.4916353257	50.941866558	77.9910848501	73.6587269358	24.3997189282	41.2739303508	-54.0377234394	35.4995139557	34.9034707634	77.2958807408	38.000471925	72.5846710624	25.0317579985	69.2764307483	-55.2529338891	72.594403453	24.8386471872	29.6272313298	58.6176443098	-54.2884724569	57.7345727631	61.7842193424	-52.20230256	71.8693279262	76.4705879884	76.7005065795	45.8765992507	41.8242831898	70.6568755904	41.8613796968	57.5761072665	-55.5195370926	-48.3905138554	-54.408556162	-48.3034291483	71.4395867243	72.8758109582	55.1429041454	29.919891013	-48.1253523178	-38.4611473435	35.2995049395	79.7635960099	51.478078402	17.0200587523	37.0683419488	-64.2449382242	-65.3817830149	57.9153179219	-55.5034829211	34.669047927	78.7311100273	-59.037376743	-64.3709012419	25.3277346037	74.8383327343	22.0485230596	39.6719577579	-36.7255484809	40.1586628244	30.6200197914	47.2592818732	-50.9526908501	44.4610885988	50.9739245732	45.4593548338
-51.589036345	-54.1000941546	62.5292185504	-50.5143514707	87.3684685627	81.9425525812	58.9006694904	-55.6138751627	-52.1473489267	-27.0834917773	-59.971109233	-56.0584849473	-57.526363472	-23.7511260528	-30.0813819324	72.4947642655	-33.9019986105	-32.1311819107	-56.9781360923	-34.8937061601	-57.3473500294	-35.8893298312	-54.7555821313	62.9266011356	-62.1768831278	-32.6719020168	-37.1104821559	-55.3594615621	69.2165620959	-57.8959578195	-56.8124191722	65.2114545892	-61.7266716616	-59.5372893497	-48.0524757991	-39.9070976128	-50.8000177971	-54.5636306709	-41.2213050112	-66.1246301499	79.2588704507	56.0116772413	73.1642722667	73.8433148833	-58.186313359	-54.3716081488	-62.4141305392	-31.1361343639	71.4303635012	63.6790985371	-37.3892544723	-54.285124447	-56.3326234354	-24.128085736	-48.9091371292	49.9869971267	61.463168624	-49.6361138165	51.7829456778	-37.0455701201	-51.0016842416	69.6417769671	57.328474353	-26.8768420836	-48.9007700146	-31.5764973009	-42.2669877248	53.9353335085	-48.147363097	-42.5745605388	-45.6494764814	73.7134053658	-45.3865431802	-65.7786764904	-37.1290385493
-52.7283321052	-54.1466450998	55.6571601115	-49.3636453785	81.9425525812	87.3684685627	50.136667782	-52.6168331572	-49.7154385219	-36.6438793345	-60.0215512128	-56.0581347413	-54.9039080431	-33.2252636325	-38.4411161358	75.1352901404	-40.7794649076	-37.5747461507	-56.7803197371	-43.7650114752	-55.0674212734	-44.3394163676	-53.9787525813	61.8760021897	-62.4662971133	-34.0474662287	-44.0345589969	-52.1140100143	64.3961769774	-60.2759453694	-53.0511333396	59.4880260656	-60.4902598245	-53.9994892785	-45.0543308373	-49.72168147	-52.4479253344	-55.1393418638	-51.27301439	-57.9321456452	78.2918171086	52.2721393218	75.8305085072	74.011768759	-58.330448402	-50.86265161	-63.7048451513	-39.8467775815	66.3103539608	63.9132181988	-45.7431634775	-50.3215730934	-60.3491039965	-33.3639890798	-50.4138147904	49.0316822401	55.6532730756	-46.3313608205	48.0756357014	-44.0346485246	-47.7494060519	66.6831786996	51.4303506484	-36.8280045277	-51.9874129532	-38.6486569719	-47.912851708	54.997160221	-51.7074206009	-50.6301937014	-54.8572764752	80.5264254546	-46.0712597167	-63.3183728353	-38.8662006849
-33.019344832	-38.8706151029	64.5466200266	-59.2478359759	58.9006694904	50.136667782	87.3684685627	-63.092797356	-62.3326484119	-19.5120937366	-53.8502170496	-59.5683084144	-59.0993028749	-22.9545643368	-37.2983178587	53.8417527207	-27.5762242562	-24.3432057376	-52.1419142266	-32.6419066619	-49.7027660111	-27.5659461101	-48.7430769605	58.5113195593	-46.8179663996	-20.1048959613	-28.9567635893	-38.255378575	66.5840784728	-51.6579821883	-51.5405831803	58.4854638761	-48.490097041	-58.3121984381	-59.0788761588	-32.7446417088	-32.8576644579	-41.0245301829	-33.8578447744	-64.0170207138	59.5132869571	69.7113285295	45.2565845605	51.6104332711	-44.1362134941	-49.1642583292	-53.8753170984	-19.7784266462	49.7486678847	34.4180141234	-30.3926106469	-65.2265058523	-43.9317002866	-21.5543447072	-40.1100681994	66.3639456052	68.9298210032	-50.3130776143	71.3413609456	-17.7610363882	-50.8446698383	54.1208858519	72.7347903931	-17.7841144733	-56.3381844177	-24.2768272463	-38.4090567088	47.4405054121	-26.854146608	-26.5008398148	-29.6671677551	48.0048743659	-44.8377033903	-61.5182241316	-34.5963954157
64.4745936653	65.5989160039	-55.0986252952	78.0619751446	-55.6138751627	-52.6168331572	-63.092797356	87.3684685627	47.2404537597	28.6358129995	51.8089633949	80.7691356196	78.0454559753	27.9650917508	50.8267459198	-56.3616006211	33.9051820916	30.5236755016	80.511404752	43.2821671061	75.5122095973	28.3836807569	72.9201612322	-53.6408428711	74.1681702202	28.6361466702	35.0524641075	57.3416795665	-61.5137200991	60.3357602594	68.239655691	-54.3595586101	74.6071999547	79.1662248423	76.5072315391	52.34184798	36.2518598063	71.0539966311	47.2043014841	65.1159524992	-56.230861613	-57.9087635409	-52.5801009422	-50.8749587692	69.7377041041	74.6752979204	60.691574309	35.8338037816	-49.6958033157	-43.2430181169	38.3787801537	84.0098873082	49.4333790329	18.9170111937	47.6424001497	-59.9445140812	-66.0917744769	57.6787735657	-60.8303232012	37.033698309	74.572641836	-56.2079145047	-62.1523409005	28.4303459813	78.131366629	28.1209841232	50.1563823967	-49.3217276358	41.8341636799	33.4276250235	48.5842776392	-51.039309918	49.7048998538	53.0982022587	50.9072026932
31.9241429004	30.9838237582	-48.7322556281	42.1916604708	-52.1473489267	-49.7154385219	-62.3326484119	47.2404537597	87.3684685627	53.6661202403	53.035468155	47.720598591	46.68002505	51.7177412088	41.6791019401	-53.2410078127	54.3614655809	42.7388068514	45.5428653791	49.2617476839	37.4722042141	60.3263028176	42.3409992122	-47.7006440363	36.7415778582	49.6023228854	56.8025676793	38.1085977461	-58.7345709479	63.163109398	45.7343689564	-54.4686113564	40.0839559335	44.1590440516	45.1973656843	48.8580877137	38.8653686341	35.8226188602	53.1445688882	49.8525922543	-56.5938659519	-58.5958994983	-36.5106267243	-42.5931062297	37.1725653499	37.5155817262	69.3305802395	38.1288937868	-47.1972096608	-42.8448582937	58.4546856789	52.2232985705	55.0443077657	52.3180839743	53.5776518501	-49.7353529974	-55.1191795128	48.3943834463	-56.0650036443	45.2623355941	35.9145388698	-40.6397173371	-55.1238397823	48.7110636533	50.5003459074	56.9459007084	51.0471329623	-53.6271108935	46.7628472726	49.2616417359	50.1857576887	-49.9533129109	63.6066871731	71.0224298618	51.791374742
23.2298675553	22.8556244175	-10.1086976501	25.4916353257	-27.0834917773	-36.6438793345	-19.5120937366	28.6358129995	53.6661202403	87.3684685627	26.7890567594	36.9123441797	21.8757372524	79.6774105902	56.0121727444	-38.2013676792	52.0364978744	46.8864314084	36.7171299651	64.3214404985	18.9443545623	79.5509957073	28.0633408199	-13.7056608218	23.1717496486	53.6464877497	79.3322467782	16.281545535	-29.4839216161	43.9546305286	26.9601073319	-20.2614763642	23.7408659745	22.478762823	31.859159032	66.8210000582	19.2953921238	30.9260970595	69.6868816906	11.3930779771	-29.6233977618	-23.132950499	-20.2394910268	-17.0951827205	18.5226841035	21.6653729049	52.8421922076	64.7136035111	-13.4969739277	-35.9984818131	76.9102803586	30.9327851341	38.8329167168	56.9593966967	46.9846523109	-20.4578055181	-19.5519074021	11.2375249398	-19.2560861878	59.8367617931	21.0580264367	-14.8884712047	-14.8868197782	77.4821102545	42.7575386053	81.5162205715	58.23600222	-41.8117878004	44.420327285	72.6651267165	58.789573042	-40.0098493647	59.3515452074	39.9686508972	37.0806629534
46.5670680906	47.602887195	-63.8346863679	50.941866558	-59.971109233	-60.0215512128	-53.8502170496	51.8089633949	53.035468155	26.7890567594	87.3684685627	48.1021956062	59.1490922304	23.5396283846	29.7317382445	-66.3556981199	54.1235434766	40.262802499	46.5736295835	37.4354954106	47.8051261187	38.7426644093	50.4619010547	-67.0342598536	52.6131782688	32.1677361465	28.6682924136	45.0859331384	-54.4589150517	71.7380616964	51.5665165668	-56.0384549463	54.5007527386	48.8961779365	47.7257082584	35.6658995831	74.813722595	53.7748588993	42.7816917497	64.7501672531	-68.2536695026	-51.8171086634	-59.248457631	-52.3535471309	52.8213264331	49.3261123096	64.2721687622	23.6692625366	-58.0878782255	-43.1712728934	43.3358666785	51.6345942307	69.4539918795	39.0175545173	30.8746704693	-54.0395094567	-64.0083176043	49.4488615826	-54.0454594889	34.8222453425	49.1763474065	-55.8770301267	-58.1044613663	26.0964169091	48.4334702312	23.9719644018	27.0340265133	-39.5421436975	48.7965451626	29.7948050627	52.6154528034	-60.1031571222	45.8502036474	64.9683105782	26.3087232153
66.4048372804	67.2894954368	-48.3108068689	77.9910848501	-56.0584849473	-56.0581347413	-59.5683084144	80.7691356196	47.720598591	36.9123441797	48.1021956062	87.3684685627	75.0728969604	35.0451538712	53.2071104133	-54.8920317476	38.009821336	35.8230833863	82.217828392	47.0122229846	76.0366873482	35.8685200925	73.7213922869	-49.0157793917	75.1144881812	33.4901804404	42.2628769255	55.9655180573	-52.4549927756	59.9839514695	65.3729678364	-48.217947587	76.1984289574	79.0881498887	77.8313380398	57.231463339	33.9557185228	73.3336196004	52.9033385685	57.2676431667	-56.9728428022	-47.9944758921	-51.427507758	-53.9937192504	69.2306349921	74.5335845318	61.8408377745	42.4623944066	-44.9315096548	-40.3120281322	44.0834516926	80.6157647213	48.1555243667	24.7982551522	47.1205792114	-57.1657696273	-58.7648744104	52.4173482217	-52.4952580861	46.2277815895	73.5923970412	-55.7087498914	-58.2861706971	36.6260171696	80.8753048502	34.3695785014	50.3177748031	-46.230130697	41.0927174034	41.5213461113	53.7913976351	-55.8680992999	49.5969606245	53.8042455684	47.4346883386
72.9023199376	69.5795598495	-57.3386725353	73.6587269358	-57.526363472	-54.9039080431	-59.0993028749	78.0454559753	46.68002505	21.8757372524	59.1490922304	75.0728969604	87.3684685627	18.3207587813	38.074763983	-56.2545499105	37.9808322298	35.5932498004	76.4566320844	34.6177456314	75.2922213031	23.8215642266	77.9551521376	-58.6921344221	76.0246969022	28.593643951	26.1186454714	62.284470792	-56.5251643771	65.2705231105	63.2696120421	-55.9690849452	77.4397771323	78.1755633911	72.8649420713	43.3013362575	49.2398504307	71.8230196628	40.5404094937	69.3011046521	-63.357174148	-51.0269921042	-57.0054800852	-57.6970958291	75.6516289072	77.3179570892	62.119478301	25.4137829389	-57.8564618847	-41.2552341402	33.4669287371	77.1727041328	53.1505035609	20.1683853637	39.1116775009	-62.2876377436	-66.7126940686	60.3644622957	-59.903186369	32.1329574193	72.6094751426	-56.8055868069	-62.3484127127	21.1039487215	72.1308857114	20.1767373362	35.8803705374	-40.1022723987	38.7933499908	25.4721870823	45.8436753466	-56.2022157405	45.2471814919	55.2623401172	43.4095682007
16.9749953302	17.2435914025	-8.7467789627	24.3997189282	-23.7511260528	-33.2252636325	-22.9545643368	27.9650917508	51.7177412088	79.6774105902	23.5396283846	35.0451538712	18.3207587813	87.3684685627	65.9944536003	-35.9015007397	52.098341444	44.8342813949	34.5065074065	74.2420636182	14.341113193	79.4256928255	22.693976253	-14.021075444	20.1740285704	51.590753062	82.0213920832	12.9882333076	-28.000021189	43.3708481811	25.4356846958	-17.0294459061	18.2454682878	20.2513884044	30.8116863538	73.4021959315	15.9218728963	27.9904316883	75.3718882167	9.2693442024	-24.9690239664	-22.6317661537	-16.7168705509	-15.1782220332	13.3641596209	18.3222630882	53.1749503729	71.6738159438	-7.94345801601	-31.2324713799	77.3076817642	31.8415024085	38.3659797852	58.6594999205	49.4585953117	-24.6168679194	-17.8729121964	11.0007999789	-22.5864669971	62.0555107449	19.2372388797	-14.3851707697	-15.9343549432	81.616816099	44.3465967022	81.394066937	64.1753129626	-42.9138294589	37.2276284009	77.8087280319	63.1821895565	-37.2190905879	53.2528601581	35.0130648837	35.5673564016
28.0433128305	31.4794011495	-22.8517974086	41.2739303508	-30.0813819324	-38.4411161358	-37.2983178587	50.8267459198	41.6791019401	56.0121727444	29.7317382445	53.2071104133	38.074763983	65.9944536003	87.3684685627	-38.8530710522	43.0243808281	43.2882577547	47.8273469645	78.9618939042	32.7218377421	58.0711427937	35.3754687777	-22.4981694753	37.2526022028	36.2472930441	64.5097996384	21.9347857538	-34.3061611563	43.8124647333	41.2974319952	-17.4767974229	33.1513706186	36.6078373975	44.3733990029	78.662953234	13.0457143248	41.303692858	73.3271706684	25.3187011513	-29.5550580404	-35.5244004568	-23.062182294	-25.8221518038	28.4674099595	32.5313075623	53.1959627883	72.1090495406	-8.98851662228	-26.3099723018	63.5191798639	50.9003782934	35.4028532483	43.5214832386	50.1300449241	-40.7604875416	-23.4192816848	14.9526024672	-35.0978100818	58.0032158213	35.9309870605	-24.4012661244	-29.496342851	61.8585501276	63.8916077545	58.9984499711	65.0021201639	-44.7500905631	28.4955167991	60.6252245849	63.3702638251	-35.4527095662	46.8770832314	32.4024833539	34.8516991365
-52.8344158034	-56.8227431551	60.6307069835	-54.0377234394	72.4947642655	75.1352901404	53.8417527207	-56.3616006211	-53.2410078127	-38.2013676792	-66.3556981199	-54.8920317476	-56.2545499105	-35.9015007397	-38.8530710522	87.3684685627	-46.9020118296	-39.0482481098	-57.656772459	-48.4845483044	-56.113173417	-48.0757499868	-54.7694467013	69.4529625104	-61.4203769775	-40.7563496287	-45.4146954986	-53.2696347363	71.0538955029	-65.191297523	-51.7872271717	66.7578219707	-58.6066134759	-54.6319854745	-49.2162692217	-50.954665968	-59.4242474906	-56.2989524406	-57.2603090553	-61.749317224	77.0610723802	61.0222948041	74.8928163113	65.2653989967	-59.7871371111	-53.5806750077	-65.5357887553	-42.0096420319	67.6761898611	68.4133434425	-48.649936609	-54.839777214	-69.2482087297	-36.5566115064	-50.4045776692	51.6799510645	64.5098300872	-47.0959130234	57.7376153305	-42.9906253666	-53.1581819107	61.6889063582	56.780166006	-39.5911636319	-53.8720799907	-39.7366189296	-46.9215288721	57.5438167287	-55.941031859	-52.4557683977	-60.1232178646	74.4985655542	-54.1972860898	-66.5996559132	-44.4958687177
38.0190104436	33.6550540304	-37.544324516	35.4995139557	-33.9019986105	-40.7794649076	-27.5762242562	33.9051820916	54.3614655809	52.0364978744	54.1235434766	38.009821336	37.9808322298	52.098341444	43.0243808281	-46.9020118296	87.3684685627	63.2121489639	37.9339551337	57.7290662319	28.1980138122	63.2233520369	35.663689954	-38.4867654163	35.4849623807	54.23163348	53.3673232368	36.9160061402	-33.0027887145	67.4160819379	37.3428305414	-30.8311025488	33.5511503624	27.2994868288	35.0410679812	53.8394179333	58.5387780664	39.3331471483	59.0662384858	27.9985169201	-43.4269967031	-24.9596211457	-31.8389783685	-27.607198495	37.4928970519	34.3090750091	65.8062779918	45.4081645631	-34.5701873858	-31.0112982388	64.9137910143	37.1260996505	69.4055101272	65.059967605	39.4258774674	-40.3044767916	-34.9656746292	38.5043787456	-34.6958789319	60.9156287728	34.5269335682	-30.5629423709	-36.0668895026	53.8724629311	45.0556842168	52.3348523076	38.3673728679	-31.3679101986	48.7150982296	48.5679420778	68.7310713217	-44.5474437193	49.7573490869	52.6170908843	37.2028573089
41.8073415521	41.2117859063	-43.0775331173	34.9034707634	-32.1311819107	-37.5747461507	-24.3432057376	30.5236755016	42.7388068514	46.8864314084	40.262802499	35.8230833863	35.5932498004	44.8342813949	43.2882577547	-39.0482481098	63.2121489639	87.3684685627	36.1520195579	52.9040651697	26.2866779106	53.2331335441	35.756250985	-34.6612838824	34.5516983641	48.1026245861	50.2116914245	36.9206161533	-28.2088446662	51.6630469567	20.3850065292	-20.3835138553	28.8239017269	26.2011460185	32.2217266759	50.3719878249	42.1672060824	38.2961035181	50.3836345248	19.7840758509	-41.8733429531	-18.8973089798	-31.9234243906	-30.6308104581	37.2398008156	36.3919005248	57.9199589675	40.5846711064	-28.4001328809	-23.1367873473	53.116345166	34.249541155	57.6328743765	48.6134584137	20.2374406547	-43.2734114802	-23.6356227338	21.8416750478	-28.9554287271	60.3484969687	35.4781934009	-34.9812346628	-33.3926759779	48.5810821269	39.1533480934	45.914569805	25.0747768673	-14.8105187902	29.4773963943	44.4148559492	62.6388401634	-35.5367105268	46.0084826502	41.8239226532	32.7641796275
72.2880466033	71.7301067479	-49.8181937446	77.2958807408	-56.9781360923	-56.7803197371	-52.1419142266	80.511404752	45.5428653791	36.7171299651	46.5736295835	82.217828392	76.4566320844	34.5065074065	47.8273469645	-57.656772459	37.9339551337	36.1520195579	87.3684685627	45.4252467528	77.7950505071	35.3522304835	76.6423640619	-49.6527669602	78.0840044205	35.0722702468	43.2379908671	62.1058007054	-57.104673136	62.1692496475	64.7881781842	-53.8240805231	77.8436180479	80.6210877528	75.415066422	57.375186521	36.8155510763	76.8139009052	52.7122936428	58.1676591707	-58.0819282876	-46.9963708824	-56.1574472267	-54.7945367399	74.9738591745	76.6604579623	62.7011685399	42.3976258501	-51.854098986	-49.3648918291	43.476143819	79.5430429199	51.1913770264	23.1474578935	50.700607735	-53.260287041	-61.7347232688	58.3512064015	-50.7233489223	45.9293209799	76.6740407405	-57.0410483584	-56.6485507431	37.3570765407	77.9730790795	35.0358968237	50.2019999451	-47.485514121	44.9112406601	43.2364548043	55.3743770156	-58.5263858261	50.7838269836	52.4432018036	55.2991737391
28.0999807758	31.611295888	-26.5224761749	38.000471925	-34.8937061601	-43.7650114752	-32.6419066619	43.2821671061	49.2617476839	64.3214404985	37.4354954106	47.0122229846	34.6177456314	74.2420636182	78.9618939042	-48.4845483044	57.7290662319	52.9040651697	45.4252467528	87.3684685627	27.5274874845	71.9816459372	33.687277773	-26.2748179522	34.9017639726	49.8772565246	73.0607118909	23.9169839345	-37.3570322485	53.5636733578	36.0888893247	-19.9892567431	30.6602414104	31.0949188248	39.5089479399	81.2390387033	30.4446588205	40.9178556871	80.1992320973	23.2860106687	-35.8959750513	-29.7850060949	-29.0296740314	-27.1684892987	29.0931524831	29.8904793865	61.205735663	76.9066135134	-19.4537444622	-34.7717085109	73.6491142174	45.8038880607	48.879622538	57.7467406741	49.879619434	-41.5987171245	-26.0538965678	15.1907416809	-32.8763297035	68.285468801	34.5534023276	-27.7162286649	-28.6577850417	71.2399171827	58.0791031479	66.3064684684	63.9138143359	-45.3992812672	40.3943128374	70.1403885626	76.9259434683	-44.1472178186	52.1799132841	39.8108853513	35.7160708516
73.931235652	78.3175457607	-50.6094141903	72.5846710624	-57.3473500294	-55.0674212734	-49.7027660111	75.5122095973	37.4722042141	18.9443545623	47.8051261187	76.0366873482	75.2922213031	14.341113193	32.7218377421	-56.113173417	28.1980138122	26.2866779106	77.7950505071	27.5274874845	87.3684685627	17.3591008344	77.3234795384	-55.0316797407	82.2506874541	25.5724028724	25.4599676273	70.9218567705	-49.3920148266	52.3419855304	68.4929167265	-53.3531929152	82.2178258229	81.9446889678	73.8789728442	41.5278243869	35.9409031428	76.3712766072	37.2492132618	60.4775112579	-59.402600386	-47.2239950953	-61.25985011	-63.8182521058	80.3760442746	80.3613411088	54.9824348136	29.1445238013	-59.3954727086	-45.9949175593	28.3426953207	73.635393546	48.0728821023	11.3904397606	47.214919786	-50.9288129246	-57.5569204982	60.7680313863	-42.038426836	38.0528925297	75.1986762457	-56.8833794277	-55.594254642	21.1244153005	70.6360325265	18.5279516383	41.9265791486	-38.6451611534	44.2392595989	29.5049498815	42.4628415589	-55.5632365262	39.4305324754	48.695232018	51.7211860076
21.8266338813	22.4312300372	-22.3903732018	25.0317579985	-35.8893298312	-44.3394163676	-27.5659461101	28.3836807569	60.3263028176	79.5509957073	38.7426644093	35.8685200925	23.8215642266	79.4256928255	58.0711427937	-48.0757499868	63.2233520369	53.2331335441	35.3522304835	71.9816459372	17.3591008344	87.3684685627	26.4028928557	-24.1806751404	23.1944587511	54.040465704	79.8242509619	16.6635563442	-35.6694274063	55.323583835	29.5123000976	-24.5629590021	23.7254676072	21.4847217756	30.8583779314	67.1086982293	33.0756727869	32.7253384395	73.8110229776	21.6813773296	-38.3835693778	-27.2117684345	-26.5459300109	-23.4763292793	19.7338802806	21.6346755267	59.2844967401	65.0886864256	-21.7542691386	-38.5269730099	80.5774377846	31.9783202721	50.59624304	64.6916231184	48.8653354685	-28.7285625013	-26.3877177813	14.6537313765	-29.1581456569	62.4213835717	22.2653083011	-22.0192166371	-22.1602514123	76.0796908569	43.0016067737	79.9108549758	58.7536016739	-47.2734992594	45.3607461882	74.6069626177	67.1646758378	-45.670070511	63.4878745186	47.9554944295	32.4468011217
77.4304615897	71.0800436395	-49.9884941374	69.2764307483	-54.7555821313	-53.9787525813	-48.7430769605	72.9201612322	42.3409992122	28.0633408199	50.4619010547	73.7213922869	77.9551521376	22.693976253	35.3754687777	-54.7694467013	35.663689954	35.756250985	76.6423640619	33.687277773	77.3234795384	26.4028928557	87.3684685627	-53.3931957882	78.1744996556	33.7606930864	31.7196897881	65.0411264374	-46.6298492585	59.3682395435	57.896711532	-50.2062859481	78.3562221186	75.0777858251	68.6742184082	45.2644354196	41.1235390678	70.074244978	41.9487898026	59.228708175	-61.7528713523	-43.887988465	-60.0789800106	-61.726864555	75.4953340723	81.6415700474	61.9771537092	30.4278223266	-54.8166235183	-42.4277181875	36.7995856673	72.6613511924	49.1827663279	22.4431219363	41.6769886952	-51.4957516942	-57.545575658	58.9197724499	-47.7729052128	42.1069728444	68.9213930219	-57.1582208621	-54.1664656181	26.2276454477	68.7920497391	26.5283684677	37.3417747264	-35.4508827882	40.2592292158	32.9550202502	48.7669312572	-55.4083175694	43.0260158402	52.8981467698	50.7540708166
-51.7743344995	-49.5271910006	69.4100696268	-55.2529338891	62.9266011356	61.8760021897	58.5113195593	-53.6408428711	-47.7006440363	-13.7056608218	-67.0342598536	-49.0157793917	-58.6921344221	-14.021075444	-22.4981694753	69.4529625104	-38.4867654163	-34.6612838824	-49.6527669602	-26.2748179522	-55.0316797407	-24.1806751404	-53.3931957882	87.3684685627	-58.1194603498	-27.5614132559	-21.1312989502	-55.5431535961	60.6198260482	-60.0373810325	-42.7874924724	65.9109842644	-57.7411152404	-53.4710727518	-47.0405635451	-28.4552913712	-57.1394625751	-49.3299161214	-31.509902502	-63.8214968754	74.0349858612	59.361989466	70.2260195597	66.6847650027	-61.2927340889	-55.1726303545	-56.665552675	-12.3304623575	68.1957122589	43.8120347149	-25.1916102462	-54.3075344594	-63.3338507293	-28.5352502242	-32.0677664939	60.2578311133	66.6550199257	-60.0786077197	61.8558803244	-26.0308354266	-49.4870334124	60.8270411596	70.4841914825	-14.944942807	-46.1475390622	-14.1935734796	-32.1300248722	34.127961838	-38.5635758795	-23.1807691269	-42.3834259113	61.2183343078	-37.0019015942	-61.6087820861	-40.7192629693
77.4765238949	79.4919221207	-52.3667861912	72.594403453	-62.1768831278	-62.4662971133	-46.8179663996	74.1681702202	36.7415778582	23.1717496486	52.6131782688	75.1144881812	76.0246969022	20.1740285704	37.2526022028	-61.4203769775	35.4849623807	34.5516983641	78.0840044205	34.9017639726	82.2506874541	23.1944587511	78.1744996556	-58.1194603498	87.3684685627	29.8103342163	30.1198605032	69.6172059748	-52.1595980098	58.6644717107	67.176188991	-54.5015820732	81.3154296659	78.1402414324	71.3817608821	47.4620511138	44.1607152326	76.3845137129	44.2117874923	60.6440562676	-64.8572732231	-45.7185615431	-67.5034583966	-65.3619306622	81.0857915951	80.6513113513	60.3120802959	34.8821700964	-60.6782338973	-49.8942278718	33.6700891005	71.7643330765	53.9633583451	16.4052736767	46.8337168195	-53.8901855298	-59.0654129252	58.8749990766	-44.9986985138	43.2948462674	75.7017540257	-61.2205560298	-54.4026105187	26.3166333026	71.3793056669	22.7845550291	41.7349821845	-39.2240768364	46.7191358145	35.6124752191	51.0701416285	-63.1217437447	38.6953344744	49.3378282548	49.4794222058
32.6050793572	24.8754663294	-23.5714476546	24.8386471872	-32.6719020168	-34.0474662287	-20.1048959613	28.6361466702	49.6023228854	53.6464877497	32.1677361465	33.4901804404	28.593643951	51.590753062	36.2472930441	-40.7563496287	54.23163348	48.1026245861	35.0722702468	49.8772565246	25.5724028724	54.040465704	33.7606930864	-27.5614132559	29.8103342163	87.3684685627	55.1532786911	39.7829376187	-28.2523529781	51.3635877813	24.1370586543	-28.8743256972	29.211030919	26.127354393	23.8507731102	50.759947865	30.1924035922	28.3882183858	53.1427822783	17.1858994546	-37.8953888076	-16.6380906681	-31.0451221719	-32.0867334707	29.5014965406	30.1184465566	61.0572439486	44.0067367981	-32.3295455856	-34.2479192139	55.4345121193	31.5746977156	44.2944133996	43.476342461	37.2316824895	-25.1477807968	-19.2644061213	22.6443082296	-26.1853785921	59.3277510492	25.1694630198	-28.1854918923	-24.7804011398	58.5267497744	32.8943267002	51.5715221759	37.1571492251	-30.7377419628	42.2001933701	51.9878672593	59.7248578828	-36.9402985344	46.3609551246	37.9308284392	39.8865736426
27.6027571913	29.0600094308	-16.6006837605	29.6272313298	-37.1104821559	-44.0345589969	-28.9567635893	35.0524641075	56.8025676793	79.3322467782	28.6682924136	42.2628769255	26.1186454714	82.0213920832	64.5097996384	-45.4146954986	53.3673232368	50.2116914245	43.2379908671	73.0607118909	25.4599676273	79.8242509619	31.7196897881	-21.1312989502	30.1198605032	55.1532786911	87.3684685627	25.847852233	-38.8513459203	47.6923656614	35.225527906	-27.9951302743	30.1284617685	29.5499592098	35.1328867078	74.7919004371	20.0170108374	37.1874671747	77.8897209769	19.7266663259	-36.1107855146	-29.4689510543	-28.4650418194	-27.8520094356	24.1859873883	27.9033487869	59.6316768273	73.3845542114	-20.9416383304	-43.6792920131	78.1838780633	38.5406561421	41.8486389035	55.2904454908	59.7555578846	-26.2675252473	-25.3993920469	18.5442802657	-24.4170032323	65.8733988712	26.3594982546	-22.7914648764	-20.9633755201	78.8213673392	48.5052619664	81.9871214542	67.1622841583	-50.1172745843	44.8106721409	80.89791571	65.8751694125	-45.5503228348	58.9241350829	40.8938345622	43.4015477666
67.3881445365	67.7269537508	-55.0672127795	58.6176443098	-55.3594615621	-52.1140100143	-38.255378575	57.3416795665	38.1085977461	16.281545535	45.0859331384	55.9655180573	62.284470792	12.9882333076	21.9347857538	-53.2696347363	36.9160061402	36.9206161533	62.1058007054	23.9169839345	70.9218567705	16.6635563442	65.0411264374	-55.5431535961	69.6172059748	39.7829376187	25.847852233	87.3684685627	-46.4782029538	50.2003715636	55.537408385	-52.4470509839	68.4569931535	66.3847461132	53.4275740915	36.4465337874	41.2945619581	60.1805348329	31.5471757548	50.0408816905	-59.1372401676	-37.7412819427	-61.5853374977	-62.1477381454	73.354023082	67.8568493331	55.8023267949	22.3602669019	-60.8434026877	-47.7941261273	27.3093595429	56.5520900586	51.5001160749	14.7011395942	43.6500177724	-46.9082502247	-47.3562291375	62.1649710068	-36.3708679994	40.863643867	62.6771024485	-59.3355888612	-54.5626532001	21.2956785198	52.4085389371	18.7078326922	32.2058453786	-26.7921678251	45.6679973194	26.4843746966	43.2714085015	-51.3127200034	33.0700699416	45.5388197194	55.7145348357
-41.1273217033	-47.2422409166	60.4924370949	-54.2884724569	69.2165620959	64.3961769774	66.5840784728	-61.5137200991	-58.7345709479	-29.4839216161	-54.4589150517	-52.4549927756	-56.5251643771	-28.000021189	-34.3061611563	71.0538955029	-33.0027887145	-28.2088446662	-57.104673136	-37.3570322485	-49.3920148266	-35.6694274063	-46.6298492585	60.6198260482	-52.1595980098	-28.2523529781	-38.8513459203	-46.4782029538	87.3684685627	-57.7077067224	-54.1887413215	73.5870812723	-50.6420584425	-56.3875588797	-50.3091370372	-43.2066405843	-43.1604314657	-47.329742424	-44.6814157158	-68.1919402257	67.3447327173	74.1965247133	61.8299009039	53.0546473342	-51.4699279298	-48.7039469674	-60.4588371756	-31.2110682725	62.5701488855	70.758916179	-34.1267113679	-58.9776032347	-56.1022319376	-22.4552754557	-52.8578241239	50.8541251708	75.1947348903	-54.0678331129	68.7904651285	-24.3366383158	-51.3976958063	54.7074917811	58.7213197526	-27.9622583078	-50.9090194996	-33.2429232594	-47.3033028614	65.6942393568	-45.4271803744	-40.3856597698	-41.3846231365	62.125564889	-51.687805167	-65.6199711534	-47.9750145697
58.3212273353	53.0547936247	-55.7268159983	57.7345727631	-57.8959578195	-60.2759453694	-51.6579821883	60.3357602594	63.163109398	43.9546305286	71.7380616964	59.9839514695	65.2705231105	43.3708481811	43.8124647333	-65.191297523	67.4160819379	51.6630469567	62.1692496475	53.5636733578	52.3419855304	55.323583835	59.3682395435	-60.0373810325	58.6644717107	51.3635877813	47.6923656614	50.2003715636	-57.7077067224	87.3684685627	55.9933088754	-56.0977293127	60.8141624665	54.5668323309	53.9113975854	52.9071976707	63.9709492876	60.7673697118	60.1339484663	60.8465511292	-65.7161158063	-50.6764621681	-54.1228442745	-50.9650665966	58.716919616	56.819320555	76.6195339936	39.8913177027	-54.2345268681	-47.1713434814	57.5501475106	62.057591947	74.1059493902	51.9477184442	45.7126690725	-53.5174893491	-61.5976267057	53.5906378998	-58.341404758	52.354461132	54.4323780226	-50.791407034	-56.6159541879	44.5548769835	58.8793854067	42.7138461234	43.6160093163	-52.3818825476	53.1875446348	46.051386483	67.116932639	-64.2062071739	57.0204266705	65.8145114066	41.6052305943
54.4828045204	62.1117861529	-43.349451073	61.7842193424	-56.8124191722	-53.0511333396	-51.5405831803	68.239655691	45.7343689564	26.9601073319	51.5665165668	65.3729678364	63.2696120421	25.4356846958	41.2974319952	-51.7872271717	37.3428305414	20.3850065292	64.7881781842	36.0888893247	68.4929167265	29.5123000976	57.896711532	-42.7874924724	67.176188991	24.1370586543	35.225527906	55.537408385	-54.1887413215	55.9933088754	87.3684685627	-54.07478097	67.0294130638	69.6207562154	66.1516929978	45.5434102927	36.7630426523	66.4770234712	44.6829177335	61.2913067597	-50.6055659128	-53.7068213726	-46.4532333146	-49.5608973767	60.7104228457	62.7403142204	56.3382327708	40.3088280586	-50.2583982809	-48.5929500676	40.4401334978	67.5683737699	46.3029246693	14.1140576546	63.9388450634	-47.0625929144	-56.753301992	53.0913464646	-41.2885594003	34.9260476549	61.8939529554	-45.3118376042	-48.2810081369	27.4131181027	64.9773021701	30.3388613229	52.9443707718	-55.02203923	55.879218485	38.1148863954	41.7921826295	-50.6274425858	42.3325655469	47.7054944876	45.5940423072
-49.5676966761	-49.3196272078	56.0176133234	-52.20230256	65.2114545892	59.4880260656	58.4854638761	-54.3595586101	-54.4686113564	-20.2614763642	-56.0384549463	-48.217947587	-55.9690849452	-17.0294459061	-17.4767974229	66.7578219707	-30.8311025488	-20.3835138553	-53.8240805231	-19.9892567431	-53.3531929152	-24.5629590021	-50.2062859481	65.9109842644	-54.5015820732	-28.8743256972	-27.9951302743	-52.4470509839	73.5870812723	-56.0977293127	-54.07478097	87.3684685627	-54.964670319	-55.1624400618	-45.5051349483	-29.4007675939	-46.5199473802	-47.4030748788	-33.0019798967	-68.0571754865	68.6828299252	67.6434216606	60.9134410688	56.3405642993	-57.2268756869	-52.0143850339	-55.2172476939	-18.2744178772	69.7449956963	63.2273039199	-26.8136545275	-55.028034733	-52.0330403765	-17.7458282911	-48.0921679594	46.6174933823	75.9110572576	-61.0753726816	57.4008805844	-20.1581851774	-50.4213321252	52.2477591932	62.5755273825	-17.2904149099	-43.6338320294	-23.1330300777	-39.5412519649	57.4642389807	-47.8423553523	-30.9826509883	-33.9403048091	60.8607942659	-43.0027213434	-61.6451944554	-50.6084985848
75.9864731568	75.5562330658	-48.8869278102	71.8693279262	-61.7266716616	-60.4902598245	-48.490097041	74.6071999547	40.0839559335	23.7408659745	54.5007527386	76.1984289574	77.4397771323	18.2454682878	33.1513706186	-58.6066134759	33.5511503624	28.8239017269	77.8436180479	30.6602414104	82.2178258229	23.7254676072	78.3562221186	-57.7411152404	81.3154296659	29.211030919	30.1284617685	68.4569931535	-50.6420584425	60.8141624665	67.0294130638	-54.964670319	87.3684685627	79.2066290759	68.8288068151	43.1882866995	44.2314114211	78.3367035065	41.8448372391	64.5253813719	-64.5444236799	-45.6511766619	-64.292626747	-67.1690733566	79.0165753297	78.2470722778	58.9127913701	30.4847780433	-60.5264957762	-47.5673713599	33.4517401867	73.1954528764	50.8095316918	16.6329319049	46.4480624312	-49.5276583305	-60.4941495392	60.0685429505	-43.5652398776	40.1356093598	70.6586082473	-56.7901859551	-54.4292208007	24.7643148885	68.8535730649	21.444312032	40.8222243544	-43.1424635432	47.3023656911	33.4962558123	47.1462020069	-62.7425853412	42.8411380628	52.1582218351	48.0182026664
69.1764258117	72.585422821	-54.4726968298	76.4705879884	-59.5372893497	-53.9994892785	-58.3121984381	79.1662248423	44.1590440516	22.478762823	48.8961779365	79.0881498887	78.1755633911	20.2513884044	36.6078373975	-54.6319854745	27.2994868288	26.2011460185	80.6210877528	31.0949188248	81.9446889678	21.4847217756	75.0777858251	-53.4710727518	78.1402414324	26.127354393	29.5499592098	66.3847461132	-56.3875588797	54.5668323309	69.6207562154	-55.1624400618	79.2066290759	87.3684685627	78.8104895198	43.6166056632	35.1476683376	73.9351031765	39.0297283897	64.8959659845	-59.710700214	-50.7975917479	-56.4699883824	-57.3231947207	74.8065542203	79.2125910813	56.4751939554	30.2727539444	-55.4241798615	-45.5708791191	30.0786421579	78.005287597	46.6377717058	11.0945992039	47.2483424826	-55.6917894077	-63.3506632316	60.864833791	-50.2786084815	33.5051815518	76.6732912003	-58.7616554412	-59.7322016881	23.2506830114	73.1889850235	23.5004244115	41.9116803815	-42.2160568498	41.8377464592	32.4733101137	40.3029527875	-52.6724212751	44.5383047621	53.9256894663	49.8281362949
61.1040956821	68.948431364	-51.83221663	76.7005065795	-48.0524757991	-45.0543308373	-59.0788761588	76.5072315391	45.1973656843	31.859159032	47.7257082584	77.8313380398	72.8649420713	30.8116863538	44.3733990029	-49.2162692217	35.0410679812	32.2217266759	75.415066422	39.5089479399	73.8789728442	30.8583779314	68.6742184082	-47.0405635451	71.3817608821	23.8507731102	35.1328867078	53.4275740915	-50.3091370372	53.9113975854	66.1516929978	-45.5051349483	68.8288068151	78.8104895198	87.3684685627	48.0765451643	35.3099106556	70.3417517051	44.2040986774	55.2218659828	-51.3075855007	-48.7765279246	-46.326573204	-42.7661242639	67.4410809225	73.6153792833	54.2546776653	35.1483503501	-44.3562726022	-33.8098616678	38.6083378473	78.5046661124	47.7626252188	17.7869828848	43.1617702294	-60.9019242579	-59.5923585219	50.0135851431	-50.8406824237	36.4087415051	77.3940120248	-52.508952488	-57.4465915412	30.2004050692	77.2131169937	32.1093462186	42.8769008734	-37.6935176441	41.2040220923	36.0431715176	43.5524605053	-44.7988024374	45.9188491281	51.0939158103	42.0603861099
39.9551941245	43.9469355037	-24.0072412921	45.8765992507	-39.9070976128	-49.72168147	-32.7446417088	52.34184798	48.8580877137	66.8210000582	35.6658995831	57.231463339	43.3013362575	73.4021959315	78.662953234	-50.954665968	53.8394179333	50.3719878249	57.375186521	81.2390387033	41.5278243869	67.1086982293	45.2644354196	-28.4552913712	47.4620511138	50.759947865	74.7919004371	36.4465337874	-43.2066405843	52.9071976707	45.5434102927	-29.4007675939	43.1882866995	43.6166056632	48.0765451643	87.3684685627	27.4051847988	51.4118002671	81.6245974232	28.8003629578	-40.3585045343	-34.7348523767	-36.9824896626	-35.0111336327	40.7924883969	41.6328683262	64.5217633299	79.2619544892	-24.4723781257	-45.2636701022	71.5483371942	52.3512873446	48.247155272	53.1050731919	58.4712623789	-41.4273560747	-31.9111485653	26.5412796012	-33.8428938366	68.5152498607	43.5542229922	-31.3091794595	-30.3875745763	73.4388600467	65.9030731265	68.0700608237	69.3972099268	-51.9917577271	45.5523645218	72.9846827595	76.071405092	-50.777716571	51.0097015405	41.4071487068	48.1204041779
44.1694946626	44.0869854042	-56.9907757906	41.8242831898	-50.8000177971	-52.4479253344	-32.8576644579	36.2518598063	38.8653686341	19.2953921238	74.813722595	33.9557185228	49.2398504307	15.9218728963	13.0457143248	-59.4242474906	58.5387780664	42.1672060824	36.8155510763	30.4446588205	35.9409031428	33.0756727869	41.1235390678	-57.1394625751	44.1607152326	30.1924035922	20.0170108374	41.2945619581	-43.1604314657	63.9709492876	36.7630426523	-46.5199473802	44.2314114211	35.1476683376	35.3099106556	27.4051847988	87.3684685627	48.2592731226	33.0983241845	49.2685801518	-58.7993795155	-30.5933947001	-54.9207880139	-41.6734109999	49.1262565676	39.7027733622	52.6172252394	17.1430851947	-58.3056285819	-42.0462019493	37.4684473715	36.7038238912	68.2082440327	38.4212757698	16.1030596647	-47.3775027644	-53.6265171072	41.1379473076	-39.6225622098	33.4814007747	43.0852339173	-50.0610006161	-45.8655389075	20.5592914179	33.7993146135	16.2293124127	12.6001524942	-22.8569274135	48.5935449082	22.5753831769	52.070888233	-53.1275884995	32.2555456405	55.4686297686	16.482316284
70.2738056986	78.1114030919	-46.5898875264	70.6568755904	-54.5636306709	-55.1393418638	-41.0245301829	71.0539966311	35.8226188602	30.9260970595	53.7748588993	73.3336196004	71.8230196628	27.9904316883	41.303692858	-56.2989524406	39.3331471483	38.2961035181	76.8139009052	40.9178556871	76.3712766072	32.7253384395	70.074244978	-49.3299161214	76.3845137129	28.3882183858	37.1874671747	60.1805348329	-47.329742424	60.7673697118	66.4770234712	-47.4030748788	78.3367035065	73.9351031765	70.3417517051	51.4118002671	48.2592731226	87.3684685627	48.9180976077	58.0203480359	-54.7287298169	-38.7150901756	-55.9194020647	-53.7340113811	74.7801989577	73.5793629461	56.6474777342	40.3271226624	-51.1391674701	-46.5719021518	42.575659173	71.2415017407	54.0700773887	19.9669318539	44.3247022121	-48.881699152	-55.4391550084	48.2971312053	-37.9036934356	47.3082806537	74.2321631813	-50.3213201008	-47.0534795488	33.4493291265	70.0998352538	27.9870107538	43.0682011151	-41.1644921021	49.3414297361	40.8051674203	55.5270196469	-56.9797850629	42.7825047209	45.7482744131	39.9955761955
37.6210484027	41.7864248305	-22.6796895039	41.8613796968	-41.2213050112	-51.27301439	-33.8578447744	47.2043014841	53.1445688882	69.6868816906	42.7816917497	52.9033385685	40.5404094937	75.3718882167	73.3271706684	-57.2603090553	59.0662384858	50.3836345248	52.7122936428	80.1992320973	37.2492132618	73.8110229776	41.9487898026	-31.509902502	44.2117874923	53.1427822783	77.8897209769	31.5471757548	-44.6814157158	60.1339484663	44.6829177335	-33.0019798967	41.8448372391	39.0297283897	44.2040986774	81.6245974232	33.0983241845	48.9180976077	87.3684685627	31.0428012366	-44.0418453469	-36.3783714709	-39.5820363439	-35.3989921299	37.3538506404	38.6566741496	67.1062235448	78.318786229	-26.8687467642	-47.9017100509	75.1892283751	48.2639006842	53.1546953404	56.5325158784	58.3493447868	-38.047254013	-34.5233929735	24.0415619053	-34.6532066554	67.4674101625	39.8686412677	-29.1984789633	-28.6580190348	74.9243865766	60.5109009966	70.2184958724	66.6858149876	-57.5061604494	48.5335239397	77.4477757823	76.9128869911	-55.8472197857	54.5898523287	43.2988653841	42.5856019941
52.1535814072	54.0780431264	-61.6373960128	57.5761072665	-66.1246301499	-57.9321456452	-64.0170207138	65.1159524992	49.8525922543	11.3930779771	64.7501672531	57.2676431667	69.3011046521	9.2693442024	25.3187011513	-61.749317224	27.9985169201	19.7840758509	58.1676591707	23.2860106687	60.4775112579	21.6813773296	59.228708175	-63.8214968754	60.6440562676	17.1858994546	19.7266663259	50.0408816905	-68.1919402257	60.8465511292	61.2913067597	-68.0571754865	64.5253813719	64.8959659845	55.2218659828	28.8003629578	49.2685801518	58.0203480359	31.0428012366	87.3684685627	-66.2955093638	-66.3085468822	-59.1841049854	-57.8128542982	58.4597936917	61.5027068684	55.9090315652	13.5320034405	-61.5429952117	-51.1111323241	24.7879762591	63.2308728641	52.0914631246	16.0907180968	41.8024413631	-54.5768185822	-74.1388447111	62.1448117831	-65.1808998093	16.8225240492	57.6465508054	-54.3985314992	-61.3869324333	9.58921893589	51.9279355009	15.027007261	35.1531983335	-54.9127624049	37.2796248489	20.9673592537	33.2531932068	-53.557276576	43.795021208	63.319906184	33.7431957223
-59.2689925465	-58.7236324497	68.6055655534	-55.5195370926	79.2588704507	78.2918171086	59.5132869571	-56.230861613	-56.5938659519	-29.6233977618	-68.2536695026	-56.9728428022	-63.357174148	-24.9690239664	-29.5550580404	77.0610723802	-43.4269967031	-41.8733429531	-58.0819282876	-35.8959750513	-59.402600386	-38.3835693778	-61.7528713523	74.0349858612	-64.8572732231	-37.8953888076	-36.1107855146	-59.1372401676	67.3447327173	-65.7161158063	-50.6055659128	68.6828299252	-64.5444236799	-59.710700214	-51.3075855007	-40.3585045343	-58.7993795155	-54.7287298169	-44.0418453469	-66.2955093638	87.3684685627	58.2548611363	78.3124924005	75.3652318303	-65.3546580064	-59.5575425694	-67.472450823	-28.0329640369	73.6778337968	57.8528436288	-38.218345878	-56.0253848111	-66.6068093047	-33.2552532182	-42.3517541853	57.5125586874	66.7359879613	-56.662300141	58.8238665703	-38.6583351308	-54.2931921848	71.0622223734	64.2983374497	-28.9131681959	-52.0897611685	-31.289150819	-36.7501650962	46.322049145	-45.7335105867	-40.4226067753	-51.0159906726	75.3043785913	-48.239348402	-71.6219571411	-41.9918467893
-34.0364518854	-39.3919560698	56.6294122335	-48.3905138554	56.0116772413	52.2721393218	69.7113285295	-57.9087635409	-58.5958994983	-23.132950499	-51.8171086634	-47.9944758921	-51.0269921042	-22.6317661537	-35.5244004568	61.0222948041	-24.9596211457	-18.8973089798	-46.9963708824	-29.7850060949	-47.2239950953	-27.2117684345	-43.887988465	59.361989466	-45.7185615431	-16.6380906681	-29.4689510543	-37.7412819427	74.1965247133	-50.6764621681	-53.7068213726	67.6434216606	-45.6511766619	-50.7975917479	-48.7765279246	-34.7348523767	-30.5933947001	-38.7150901756	-36.3783714709	-66.3085468822	58.2548611363	87.3684685627	48.8333926755	50.187482499	-43.6192699627	-44.6862910205	-52.5876208714	-23.8231786923	52.1219560611	53.0689935985	-28.6860833823	-57.5336102743	-47.8516175626	-21.3722573275	-53.2776406843	51.1795939903	67.5575316779	-52.5565687449	67.8878749335	-15.122064718	-41.5640048156	41.4582438744	59.864807299	-21.0439757965	-49.7495841639	-28.9406978793	-46.8979917235	64.4549374958	-38.1753602572	-30.323486925	-29.7411618721	49.3032059028	-47.6803376904	-63.2526152829	-48.8106744007
-58.4426267228	-61.6313242054	60.0137303517	-54.408556162	73.1642722667	75.8305085072	45.2565845605	-52.5801009422	-36.5106267243	-20.2394910268	-59.248457631	-51.427507758	-57.0054800852	-16.7168705509	-23.062182294	74.8928163113	-31.8389783685	-31.9234243906	-56.1574472267	-29.0296740314	-61.25985011	-26.5459300109	-60.0789800106	70.2260195597	-67.5034583966	-31.0451221719	-28.4650418194	-61.5853374977	61.8299009039	-54.1228442745	-46.4532333146	60.9134410688	-64.292626747	-56.4699883824	-46.326573204	-36.9824896626	-54.9207880139	-55.9194020647	-39.5820363439	-59.1841049854	78.3124924005	48.8333926755	87.3684685627	74.9562455965	-66.73219301	-58.5266981948	-57.4821688204	-24.8246065006	71.8966739745	63.4507130479	-28.6729129495	-49.3797405265	-58.9039381387	-20.2181813151	-37.6117374136	50.163324341	59.6215628647	-52.1752757075	48.9048424068	-33.5118609702	-54.7383853081	71.0230795254	51.8159078328	-23.1246313966	-46.184684398	-21.0301202181	-32.9612475903	40.9467498054	-43.9982790011	-37.5641062517	-48.0680160289	73.1439984901	-33.7111822438	-56.126553856	-38.8067619098
-58.4336224533	-56.8291476916	55.0883641249	-48.3034291483	73.8433148833	74.011768759	51.6104332711	-50.8749587692	-42.5931062297	-17.0951827205	-52.3535471309	-53.9937192504	-57.6970958291	-15.1782220332	-25.8221518038	65.2653989967	-27.607198495	-30.6308104581	-54.7945367399	-27.1684892987	-63.8182521058	-23.4763292793	-61.726864555	66.6847650027	-65.3619306622	-32.0867334707	-27.8520094356	-62.1477381454	53.0546473342	-50.9650665966	-49.5608973767	56.3405642993	-67.1690733566	-57.3231947207	-42.7661242639	-35.0111336327	-41.6734109999	-53.7340113811	-35.3989921299	-57.8128542982	75.3652318303	50.187482499	74.9562455965	87.3684685627	-65.1433548283	-58.030686165	-58.6371349363	-25.0634820532	70.0933550493	51.6653744746	-27.959560356	-50.9141077765	-49.9958327163	-21.7199362736	-44.7601871558	48.2247024183	52.3460532838	-54.9132392902	45.2236859214	-36.0041209739	-45.1894768637	63.5252512803	54.9988796523	-22.4486866109	-47.7895249244	-20.7853349723	-37.8198925205	42.0213572129	-40.656647462	-35.8072884769	-42.2066346746	72.0597293778	-34.853986243	-57.1583037703	-44.8094366177
79.4921406066	79.7312366023	-55.9770754097	71.4395867243	-58.186313359	-58.330448402	-44.1362134941	69.7377041041	37.1725653499	18.5226841035	52.8213264331	69.2306349921	75.6516289072	13.3641596209	28.4674099595	-59.7871371111	37.4928970519	37.2398008156	74.9738591745	29.0931524831	80.3760442746	19.7338802806	75.4953340723	-61.2927340889	81.0857915951	29.5014965406	24.1859873883	73.354023082	-51.4699279298	58.716919616	60.7104228457	-57.2268756869	79.0165753297	74.8065542203	67.4410809225	40.7924883969	49.1262565676	74.7801989577	37.3538506404	58.4597936917	-65.3546580064	-43.6192699627	-66.73219301	-65.1433548283	87.3684685627	78.7466570401	58.181486178	26.5677257102	-65.8536026373	-48.270545604	29.7140636541	68.6848217081	56.9726665032	18.5386810289	40.5481611675	-55.4940094192	-60.1693607658	62.5950375526	-43.7708779979	40.0158948287	74.2775642096	-59.4154810753	-57.200184647	21.6538922175	65.9643351143	17.3531722132	37.2859495716	-33.7691414376	47.9308350901	28.1324366668	48.1239547086	-61.4482756123	39.3366811182	50.5992815982	52.7317122056
77.5682845955	76.3932685713	-51.7350789473	72.8758109582	-54.3716081488	-50.86265161	-49.1642583292	74.6752979204	37.5155817262	21.6653729049	49.3261123096	74.5335845318	77.3179570892	18.3222630882	32.5313075623	-53.5806750077	34.3090750091	36.3919005248	76.6604579623	29.8904793865	80.3613411088	21.6346755267	81.6415700474	-55.1726303545	80.6513113513	30.1184465566	27.9033487869	67.8568493331	-48.7039469674	56.819320555	62.7403142204	-52.0143850339	78.2470722778	79.2125910813	73.6153792833	41.6328683262	39.7027733622	73.5793629461	38.6566741496	61.5027068684	-59.5575425694	-44.6862910205	-58.5266981948	-58.030686165	78.7466570401	87.3684685627	58.1661792829	27.4496853224	-56.1286144337	-41.3055393212	31.6970344631	73.9364569318	49.5413966066	16.8096930748	41.459115014	-54.9879158199	-59.2377150377	60.5432772267	-46.4022979825	39.4196359526	75.6525823651	-55.9941550302	-55.0041564159	23.0249018346	69.8478105268	22.9691187385	36.4536575206	-34.509094643	39.1758653917	30.8037214864	45.1672610688	-51.3078548662	40.1002963612	48.8365988051	48.5883561773
57.8429134852	53.0804448255	-53.8961033808	55.1429041454	-62.4141305392	-63.7048451513	-53.8753170984	60.691574309	69.3305802395	52.8421922076	64.2721687622	61.8408377745	62.119478301	53.1749503729	53.1959627883	-65.5357887553	65.8062779918	57.9199589675	62.7011685399	61.205735663	54.9824348136	59.2844967401	61.9771537092	-56.665552675	60.3120802959	61.0572439486	59.6316768273	55.8023267949	-60.4588371756	76.6195339936	56.3382327708	-55.2172476939	58.9127913701	56.4751939554	54.2546776653	64.5217633299	52.6172252394	56.6474777342	67.1062235448	55.9090315652	-67.472450823	-52.5876208714	-57.4821688204	-58.6371349363	58.181486178	58.1661792829	87.3684685627	52.84093908	-56.2866432324	-53.2686422731	60.6196144579	62.3894686234	71.4734996585	54.8353210133	54.6714708401	-55.0024867692	-56.2012083187	54.6493690068	-56.1360250007	63.3866940778	53.6291446425	-53.8075979248	-55.5499753037	56.1304779555	63.2009435342	53.9410415167	54.3252500208	-55.511355873	54.785451417	58.3742488055	72.4199867573	-65.5115669481	59.705088219	68.1186037168	54.6513531689
27.083654098	34.6662868856	-7.72142280636	29.919891013	-31.1361343639	-39.8467775815	-19.7784266462	35.8338037816	38.1288937868	64.7136035111	23.6692625366	42.4623944066	25.4137829389	71.6738159438	72.1090495406	-42.0096420319	45.4081645631	40.5846711064	42.3976258501	76.9066135134	29.1445238013	65.0886864256	30.4278223266	-12.3304623575	34.8821700964	44.0067367981	73.3845542114	22.3602669019	-31.2110682725	39.8913177027	40.3088280586	-18.2744178772	30.4847780433	30.2727539444	35.1483503501	79.2619544892	17.1430851947	40.3271226624	78.318786229	13.5320034405	-28.0329640369	-23.8231786923	-24.8246065006	-25.0634820532	26.5677257102	27.4496853224	52.84093908	87.3684685627	-15.4758134797	-40.9453642616	66.0922220265	36.4885674307	37.4616174611	46.3451771486	57.3368513176	-23.9805237133	-16.5820116508	9.0018097499	-13.6751412366	66.602148806	28.1956917111	-15.9975277945	-13.7548181878	71.9718110015	51.7227407969	66.7760650071	66.207072054	-48.5071627422	44.7262568694	75.5969357416	67.9642655315	-42.4381189236	41.1061564026	29.0610035277	38.0962099639
-55.2189327129	-56.2847729427	61.696060814	-48.1253523178	71.4303635012	66.3103539608	49.7486678847	-49.6958033157	-47.1972096608	-13.4969739277	-58.0878782255	-44.9315096548	-57.8564618847	-7.94345801601	-8.98851662228	67.6761898611	-34.5701873858	-28.4001328809	-51.854098986	-19.4537444622	-59.3954727086	-21.7542691386	-54.8166235183	68.1957122589	-60.6782338973	-32.3295455856	-20.9416383304	-60.8434026877	62.5701488855	-54.2345268681	-50.2583982809	69.7449956963	-60.5264957762	-55.4241798615	-44.3562726022	-24.4723781257	-58.3056285819	-51.1391674701	-26.8687467642	-61.5429952117	73.6778337968	52.1219560611	71.8966739745	70.0933550493	-65.8536026373	-56.1286144337	-56.2866432324	-15.4758134797	87.3684685627	60.300321276	-23.9871442205	-49.3589570197	-56.205699896	-19.897823376	-40.6956714328	49.7292890529	63.9017295477	-59.6759255518	45.182964693	-28.9075577594	-51.4513588067	59.164465039	56.5338129533	-15.4384463271	-39.7483373484	-15.9527787635	-31.5087923428	40.1071259435	-51.9418435423	-27.3292654805	-38.688345887	65.1619115082	-37.3513219706	-59.7252571185	-45.394489468
-43.1973907818	-47.983525802	38.2827989875	-38.4611473435	63.6790985371	63.9132181988	34.4180141234	-43.2430181169	-42.8448582937	-35.9984818131	-43.1712728934	-40.3120281322	-41.2552341402	-31.2324713799	-26.3099723018	68.4133434425	-31.0112982388	-23.1367873473	-49.3648918291	-34.7717085109	-45.9949175593	-38.5269730099	-42.4277181875	43.8120347149	-49.8942278718	-34.2479192139	-43.6792920131	-47.7941261273	70.758916179	-47.1713434814	-48.5929500676	63.2273039199	-47.5673713599	-45.5708791191	-33.8098616678	-45.2636701022	-42.0462019493	-46.5719021518	-47.9017100509	-51.1111323241	57.8528436288	53.0689935985	63.4507130479	51.6653744746	-48.270545604	-41.3055393212	-53.2686422731	-40.9453642616	60.300321276	87.3684685627	-38.8246362002	-39.5506451878	-48.9061601273	-19.6136539711	-56.4658120626	23.2147207201	55.1588780853	-42.0539639658	37.9086799083	-34.6881501045	-39.8082323251	44.2960427721	29.4281598286	-36.6948947729	-36.3755838243	-38.0445051031	-47.647880622	62.5058547394	-54.0191662363	-51.0964208198	-45.4643079567	62.8105592363	-45.6284466775	-53.2453222513	-48.5401888178
31.3791665082	32.2420321448	-24.1538624781	35.2995049395	-37.3892544723	-45.7431634775	-30.3926106469	38.3787801537	58.4546856789	76.9102803586	43.3358666785	44.0834516926	33.4669287371	77.3076817642	63.5191798639	-48.649936609	64.9137910143	53.116345166	43.476143819	73.6491142174	28.3426953207	80.5774377846	36.7995856673	-25.1916102462	33.6700891005	55.4345121193	78.1838780633	27.3093595429	-34.1267113679	57.5501475106	40.4401334978	-26.8136545275	33.4517401867	30.0786421579	38.6083378473	71.5483371942	37.4684473715	42.575659173	75.1892283751	24.7879762591	-38.218345878	-28.6860833823	-28.6729129495	-27.959560356	29.7140636541	31.6970344631	60.6196144579	66.0922220265	-23.9871442205	-38.8246362002	87.3684685627	42.0421426534	50.1988047751	58.6986944166	54.6796219848	-32.5359500905	-29.9745925239	21.5402441756	-29.3162896686	67.1153378303	31.8216123543	-26.7985447136	-25.2650178722	75.932028086	52.4927187424	77.3859638828	61.9302000218	-46.1277799046	49.5074658737	72.6991233348	69.141732042	-47.3248140796	63.6842452413	45.9392357246	38.1996716624
64.2059647284	64.030383628	-55.5607488421	79.7635960099	-54.285124447	-50.3215730934	-65.2265058523	84.0098873082	52.2232985705	30.9327851341	51.6345942307	80.6157647213	77.1727041328	31.8415024085	50.9003782934	-54.839777214	37.1260996505	34.249541155	79.5430429199	45.8038880607	73.635393546	31.9783202721	72.6613511924	-54.3075344594	71.7643330765	31.5746977156	38.5406561421	56.5520900586	-58.9776032347	62.057591947	67.5683737699	-55.028034733	73.1954528764	78.005287597	78.5046661124	52.3512873446	36.7038238912	71.2415017407	48.2639006842	63.2308728641	-56.0253848111	-57.5336102743	-49.3797405265	-50.9141077765	68.6848217081	73.9364569318	62.3894686234	36.4885674307	-49.3589570197	-39.5506451878	42.0421426534	87.3684685627	48.7771082643	21.2293066305	48.9231563001	-61.5065107279	-65.7416865917	57.0151225775	-61.03184859	40.3813168134	73.928653662	-54.629246131	-63.793613355	30.3900855821	78.3940978293	31.2830054017	50.4207109853	-49.2568766073	43.4897585596	36.6381055186	50.1977159453	-49.9259489878	52.51182475	54.8076927351	51.9978761982
51.929126985	52.7529248226	-61.3267458706	51.478078402	-56.3326234354	-60.3491039965	-43.9317002866	49.4333790329	55.0443077657	38.8329167168	69.4539918795	48.1555243667	53.1505035609	38.3659797852	35.4028532483	-69.2482087297	69.4055101272	57.6328743765	51.1913770264	48.879622538	48.0728821023	50.59624304	49.1827663279	-63.3338507293	53.9633583451	44.2944133996	41.8486389035	51.5001160749	-56.1022319376	74.1059493902	46.3029246693	-52.0330403765	50.8095316918	46.6377717058	47.7626252188	48.247155272	68.2082440327	54.0700773887	53.1546953404	52.0914631246	-66.6068093047	-47.8516175626	-58.9039381387	-49.9958327163	56.9726665032	49.5413966066	71.4734996585	37.4616174611	-56.205699896	-48.9061601273	50.1988047751	48.7771082643	87.3684685627	52.8463454648	37.5609149433	-54.2543074193	-56.7834165374	51.5092830748	-51.4336383551	52.501087162	51.6071051259	-52.9894029746	-57.617693086	42.5084853494	51.4658012684	38.4617912267	37.8216157201	-40.3430376402	51.9178683317	43.1475125179	65.5304846553	-62.2423930222	50.79718743	67.5287586855	41.1720656214
18.4909132957	14.019411546	-24.0213137589	17.0200587523	-24.128085736	-33.3639890798	-21.5543447072	18.9170111937	52.3180839743	56.9593966967	39.0175545173	24.7982551522	20.1683853637	58.6594999205	43.5214832386	-36.5566115064	65.059967605	48.6134584137	23.1474578935	57.7467406741	11.3904397606	64.6916231184	22.4431219363	-28.5352502242	16.4052736767	43.476342461	55.2904454908	14.7011395942	-22.4552754557	51.9477184442	14.1140576546	-17.7458282911	16.6329319049	11.0945992039	17.7869828848	53.1050731919	38.4212757698	19.9669318539	56.5325158784	16.0907180968	-33.2552532182	-21.3722573275	-20.2181813151	-21.7199362736	18.5386810289	16.8096930748	54.8353210133	46.3451771486	-19.897823376	-19.6136539711	58.6986944166	21.2293066305	52.8463454648	87.3684685627	30.56862651	-33.9358858353	-20.6936193266	26.8026954913	-25.1629422244	51.7701283559	13.0156277351	-17.1700575506	-27.3012321456	56.8411884759	33.7843156955	58.2996994623	41.0611892562	-29.3652954692	35.1499008376	47.3343637401	60.0698997522	-38.0447529042	41.7591978923	47.3686168634	31.9586495208
36.1050228921	40.2114301881	-23.3037418575	37.0683419488	-48.9091371292	-50.4138147904	-40.1100681994	47.6424001497	53.5776518501	46.9846523109	30.8746704693	47.1205792114	39.1116775009	49.4585953117	50.1300449241	-50.4045776692	39.4258774674	20.2374406547	50.700607735	49.879619434	47.214919786	48.8653354685	41.6769886952	-32.0677664939	46.8337168195	37.2316824895	59.7555578846	43.6500177724	-52.8578241239	45.7126690725	63.9388450634	-48.0921679594	46.4480624312	47.2483424826	43.1617702294	58.4712623789	16.1030596647	44.3247022121	58.3493447868	41.8024413631	-42.3517541853	-53.2776406843	-37.6117374136	-44.7601871558	40.5481611675	41.459115014	54.6714708401	57.3368513176	-40.6956714328	-56.4658120626	54.6796219848	48.9231563001	37.5609149433	30.56862651	87.3684685627	-25.3626806649	-41.2112038139	45.3173371342	-33.8691839739	42.5156735607	33.5624141245	-28.6047091063	-30.3405389229	49.774020124	53.0505005532	57.1916132785	71.1306312011	-64.8014921831	51.8221726969	59.9465941488	45.0273338874	-48.377115672	51.9557017974	46.4613719739	59.7973177354
-45.5755781894	-51.2273962045	67.0575101975	-64.2449382242	49.9869971267	49.0316822401	66.3639456052	-59.9445140812	-49.7353529974	-20.4578055181	-54.0395094567	-57.1657696273	-62.2876377436	-24.6168679194	-40.7604875416	51.6799510645	-40.3044767916	-43.2734114802	-53.260287041	-41.5987171245	-50.9288129246	-28.7285625013	-51.4957516942	60.2578311133	-53.8901855298	-25.1477807968	-26.2675252473	-46.9082502247	50.8541251708	-53.5174893491	-47.0625929144	46.6174933823	-49.5276583305	-55.6917894077	-60.9019242579	-41.4273560747	-47.3775027644	-48.881699152	-38.047254013	-54.5768185822	57.5125586874	51.1795939903	50.163324341	48.2247024183	-55.4940094192	-54.9879158199	-55.0024867692	-23.9805237133	49.7292890529	23.2147207201	-32.5359500905	-61.5065107279	-54.2543074193	-33.9358858353	-25.3626806649	87.3684685627	57.0390401489	-46.2080346541	59.3714628754	-29.7737557386	-62.7697831553	58.4365554667	72.7037655175	-23.192525017	-60.4541529668	-22.1396899719	-32.3551947962	29.6739675505	-32.4725397047	-25.3191188211	-47.3643243584	47.1638282124	-34.5515919451	-51.252253158	-30.8867195961
-49.6026918534	-52.9771287527	62.8187337682	-65.3817830149	61.463168624	55.6532730756	68.9298210032	-66.0917744769	-55.1191795128	-19.5519074021	-64.0083176043	-58.7648744104	-66.7126940686	-17.8729121964	-23.4192816848	64.5098300872	-34.9656746292	-23.6356227338	-61.7347232688	-26.0538965678	-57.5569204982	-26.3877177813	-57.545575658	66.6550199257	-59.0654129252	-19.2644061213	-25.3993920469	-47.3562291375	75.1947348903	-61.5976267057	-56.753301992	75.9110572576	-60.4941495392	-63.3506632316	-59.5923585219	-31.9111485653	-53.6265171072	-55.4391550084	-34.5233929735	-74.1388447111	66.7359879613	67.5575316779	59.6215628647	52.3460532838	-60.1693607658	-59.2377150377	-56.2012083187	-16.5820116508	63.9017295477	55.1588780853	-29.9745925239	-65.7416865917	-56.7834165374	-20.6936193266	-41.2112038139	57.0390401489	87.3684685627	-64.4371738714	67.5187075761	-18.1197773703	-60.4197806978	55.069125266	66.8349760883	-17.483055875	-55.831329578	-20.5144055125	-35.7654796904	52.1026732943	-43.6694432887	-27.9042792917	-36.8451167527	58.9241597899	-46.7551077342	-65.8592915128	-44.6221937483
54.6761520879	48.7599266015	-53.2003372741	57.9153179219	-49.6361138165	-46.3313608205	-50.3130776143	57.6787735657	48.3943834463	11.2375249398	49.4488615826	52.4173482217	60.3644622957	11.0007999789	14.9526024672	-47.0959130234	38.5043787456	21.8416750478	58.3512064015	15.1907416809	60.7680313863	14.6537313765	58.9197724499	-60.0786077197	58.8749990766	22.6443082296	18.5442802657	62.1649710068	-54.0678331129	53.5906378998	53.0913464646	-61.0753726816	60.0685429505	60.864833791	50.0135851431	26.5412796012	41.1379473076	48.2971312053	24.0415619053	62.1448117831	-56.662300141	-52.5565687449	-52.1752757075	-54.9132392902	62.5950375526	60.5432772267	54.6493690068	9.0018097499	-59.6759255518	-42.0539639658	21.5402441756	57.0151225775	51.5092830748	26.8026954913	45.3173371342	-46.2080346541	-64.4371738714	87.3684685627	-52.6339409706	19.1677911218	53.6118850007	-51.8906920992	-60.0923072792	13.2848480408	50.8217820436	15.7466946235	33.6753148147	-35.7530580757	35.2579746155	16.5674457555	31.1313145478	-47.792752382	36.0091049432	58.5757791136	56.7864654728
-36.8807431614	-34.6054649971	61.7316403263	-55.5034829211	51.7829456778	48.0756357014	71.3413609456	-60.8303232012	-56.0650036443	-19.2560861878	-54.0454594889	-52.4952580861	-59.903186369	-22.5864669971	-35.0978100818	57.7376153305	-34.6958789319	-28.9554287271	-50.7233489223	-32.8763297035	-42.038426836	-29.1581456569	-47.7729052128	61.8558803244	-44.9986985138	-26.1853785921	-24.4170032323	-36.3708679994	68.7904651285	-58.341404758	-41.2885594003	57.4008805844	-43.5652398776	-50.2786084815	-50.8406824237	-33.8428938366	-39.6225622098	-37.9036934356	-34.6532066554	-65.1808998093	58.8238665703	67.8878749335	48.9048424068	45.2236859214	-43.7708779979	-46.4022979825	-56.1360250007	-13.6751412366	45.182964693	37.9086799083	-29.3162896686	-61.03184859	-51.4336383551	-25.1629422244	-33.8691839739	59.3714628754	67.5187075761	-52.6339409706	87.3684685627	-13.8280707703	-47.8609339612	52.7029015431	65.9167738141	-20.3770028487	-52.2001575111	-22.603352231	-32.7154963544	50.4078092119	-23.4298084577	-21.5141268694	-34.2951088759	46.8586047456	-45.2754498428	-61.0096702768	-33.8321322498
44.9633389847	43.4844105042	-23.3880750962	34.669047927	-37.0455701201	-44.0346485246	-17.7610363882	37.033698309	45.2623355941	59.8367617931	34.8222453425	46.2277815895	32.1329574193	62.0555107449	58.0032158213	-42.9906253666	60.9156287728	60.3484969687	45.9293209799	68.285468801	38.0528925297	62.4213835717	42.1069728444	-26.0308354266	43.2948462674	59.3277510492	65.8733988712	40.863643867	-24.3366383158	52.354461132	34.9260476549	-20.1581851774	40.1356093598	33.5051815518	36.4087415051	68.5152498607	33.4814007747	47.3082806537	67.4674101625	16.8225240492	-38.6583351308	-15.122064718	-33.5118609702	-36.0041209739	40.0158948287	39.4196359526	63.3866940778	66.602148806	-28.9075577594	-34.6881501045	67.1153378303	40.3813168134	52.501087162	51.7701283559	42.5156735607	-29.7737557386	-18.1197773703	19.1677911218	-13.8280707703	87.3684685627	36.7670337792	-29.7940884157	-23.5233502814	65.8468031365	49.0730830783	59.3754291029	53.7064852361	-31.4834968225	47.0878746981	64.7438450999	74.3438093037	-44.6642626365	46.5183674009	38.1577075683	42.4301755261
67.1423344969	76.8312728485	-58.1057133793	78.7311100273	-51.0016842416	-47.7494060519	-50.8446698383	74.572641836	35.9145388698	21.0580264367	49.1763474065	73.5923970412	72.6094751426	19.2372388797	35.9309870605	-53.1581819107	34.5269335682	35.4781934009	76.6740407405	34.5534023276	75.1986762457	22.2653083011	68.9213930219	-49.4870334124	75.7017540257	25.1694630198	26.3594982546	62.6771024485	-51.3976958063	54.4323780226	61.8939529554	-50.4213321252	70.6586082473	76.6732912003	77.3940120248	43.5542229922	43.0852339173	74.2321631813	39.8686412677	57.6465508054	-54.2931921848	-41.5640048156	-54.7383853081	-45.1894768637	74.2775642096	75.6525823651	53.6291446425	28.1956917111	-51.4513588067	-39.8082323251	31.8216123543	73.928653662	51.6071051259	13.0156277351	33.5624141245	-62.7697831553	-60.4197806978	53.6118850007	-47.8609339612	36.7670337792	87.3684685627	-59.922841961	-60.4277947764	22.9671526191	71.9654696168	19.6071896565	32.9726385656	-31.7304765	38.308734848	28.2480160366	47.1586588821	-48.2150222849	38.8819379066	43.9193993823	38.1030880453
-54.297113018	-53.8733938026	69.936621638	-59.037376743	69.6417769671	66.6831786996	54.1208858519	-56.2079145047	-40.6397173371	-14.8884712047	-55.8770301267	-55.7087498914	-56.8055868069	-14.3851707697	-24.4012661244	61.6889063582	-30.5629423709	-34.9812346628	-57.0410483584	-27.7162286649	-56.8833794277	-22.0192166371	-57.1582208621	60.8270411596	-61.2205560298	-28.1854918923	-22.7914648764	-59.3355888612	54.7074917811	-50.791407034	-45.3118376042	52.2477591932	-56.7901859551	-58.7616554412	-52.508952488	-31.3091794595	-50.0610006161	-50.3213201008	-29.1984789633	-54.3985314992	71.0622223734	41.4582438744	71.0230795254	63.5252512803	-59.4154810753	-55.9941550302	-53.8075979248	-15.9975277945	59.164465039	44.2960427721	-26.7985447136	-54.629246131	-52.9894029746	-17.1700575506	-28.6047091063	58.4365554667	55.069125266	-51.8906920992	52.7029015431	-29.7940884157	-59.922841961	87.3684685627	64.1201745832	-14.2506887993	-50.0407502949	-17.030585308	-23.4866542798	25.5915658488	-31.4544964143	-25.8171580454	-42.5111288062	56.6588605296	-34.1129949541	-57.722118541	-30.9121893194
-47.0140428088	-46.8726208626	74.0068247557	-64.3709012419	57.328474353	51.4303506484	72.7347903931	-62.1523409005	-55.1238397823	-14.8868197782	-58.1044613663	-58.2861706971	-62.3484127127	-15.9343549432	-29.496342851	56.780166006	-36.0668895026	-33.3926759779	-56.6485507431	-28.6577850417	-55.594254642	-22.1602514123	-54.1664656181	70.4841914825	-54.4026105187	-24.7804011398	-20.9633755201	-54.5626532001	58.7213197526	-56.6159541879	-48.2810081369	62.5755273825	-54.4292208007	-59.7322016881	-57.4465915412	-30.3875745763	-45.8655389075	-47.0534795488	-28.6580190348	-61.3869324333	64.2983374497	59.864807299	51.8159078328	54.9988796523	-57.200184647	-55.0041564159	-55.5499753037	-13.7548181878	56.5338129533	29.4281598286	-25.2650178722	-63.793613355	-57.617693086	-27.3012321456	-30.3405389229	72.7037655175	66.8349760883	-60.0923072792	65.9167738141	-23.5233502814	-60.4277947764	64.1201745832	87.3684685627	-13.3279472695	-56.3629465889	-16.0525185017	-30.6931602596	31.3746272568	-31.5385033087	-16.6980011601	-37.2297236415	49.0866305482	-38.7945226197	-61.3633700453	-38.9884470979
23.0379959895	25.2811112313	-9.26876438297	25.3277346037	-26.8768420836	-36.8280045277	-17.7841144733	28.4303459813	48.7110636533	77.4821102545	26.0964169091	36.6260171696	21.1039487215	81.616816099	61.8585501276	-39.5911636319	53.8724629311	48.5810821269	37.3570765407	71.2399171827	21.1244153005	76.0796908569	26.2276454477	-14.944942807	26.3166333026	58.5267497744	78.8213673392	21.2956785198	-27.9622583078	44.5548769835	27.4131181027	-17.2904149099	24.7643148885	23.2506830114	30.2004050692	73.4388600467	20.5592914179	33.4493291265	74.9243865766	9.58921893589	-28.9131681959	-21.0439757965	-23.1246313966	-22.4486866109	21.6538922175	23.0249018346	56.1304779555	71.9718110015	-15.4384463271	-36.6948947729	75.932028086	30.3900855821	42.5084853494	56.8411884759	49.774020124	-23.192525017	-17.483055875	13.2848480408	-20.3770028487	65.8468031365	22.9671526191	-14.2506887993	-13.3279472695	87.3684685627	45.5885232634	77.6142361488	61.3696203621	-43.9879684346	43.5585294005	77.0975964087	66.1054779622	-42.9121169332	53.2343704913	34.8649522235	37.6278161251
60.8175120771	63.9043202473	-45.6663479069	74.8383327343	-48.9007700146	-51.9874129532	-56.3381844177	78.131366629	50.5003459074	42.7575386053	48.4334702312	80.8753048502	72.1308857114	44.3465967022	63.8916077545	-53.8720799907	45.0556842168	39.1533480934	77.9730790795	58.0791031479	70.6360325265	43.0016067737	68.7920497391	-46.1475390622	71.3793056669	32.8943267002	48.5052619664	52.4085389371	-50.9090194996	58.8793854067	64.9773021701	-43.6338320294	68.8535730649	73.1889850235	77.2131169937	65.9030731265	33.7993146135	70.0998352538	60.5109009966	51.9279355009	-52.0897611685	-49.7495841639	-46.184684398	-47.7895249244	65.9643351143	69.8478105268	63.2009435342	51.7227407969	-39.7483373484	-36.3755838243	52.4927187424	78.3940978293	51.4658012684	33.7843156955	53.0505005532	-60.4541529668	-55.831329578	50.8217820436	-52.2001575111	49.0730830783	71.9654696168	-50.0407502949	-56.3629465889	45.5885232634	87.3684685627	43.1270671102	56.569415324	-47.1857961685	43.0060331048	47.0724130016	59.422944047	-52.9154217859	51.5862323355	51.3152858582	50.5966240839
21.3850079414	21.8689456843	-12.6391674546	22.0485230596	-31.5764973009	-38.6486569719	-24.2768272463	28.1209841232	56.9459007084	81.5162205715	23.9719644018	34.3695785014	20.1767373362	81.394066937	58.9984499711	-39.7366189296	52.3348523076	45.914569805	35.0358968237	66.3064684684	18.5279516383	79.9108549758	26.5283684677	-14.1935734796	22.7845550291	51.5715221759	81.9871214542	18.7078326922	-33.2429232594	42.7138461234	30.3388613229	-23.1330300777	21.444312032	23.5004244115	32.1093462186	68.0700608237	16.2293124127	27.9870107538	70.2184958724	15.027007261	-31.289150819	-28.9406978793	-21.0301202181	-20.7853349723	17.3531722132	22.9691187385	53.9410415167	66.7760650071	-15.9527787635	-38.0445051031	77.3859638828	31.2830054017	38.4617912267	58.2996994623	57.1916132785	-22.1396899719	-20.5144055125	15.7466946235	-22.603352231	59.3754291029	19.6071896565	-17.030585308	-16.0525185017	77.6142361488	43.1270671102	87.3684685627	62.4868273841	-46.7906705851	42.8772445329	76.7433214379	56.8576161978	-38.8040571004	61.1599448739	43.4197153777	42.2438144495
32.0890080569	34.8134370076	-19.3970555102	39.6719577579	-42.2669877248	-47.912851708	-38.4090567088	50.1563823967	51.0471329623	58.23600222	27.0340265133	50.3177748031	35.8803705374	64.1753129626	65.0021201639	-46.9215288721	38.3673728679	25.0747768673	50.2019999451	63.9138143359	41.9265791486	58.7536016739	37.3417747264	-32.1300248722	41.7349821845	37.1571492251	67.1622841583	32.2058453786	-47.3033028614	43.6160093163	52.9443707718	-39.5412519649	40.8222243544	41.9116803815	42.8769008734	69.3972099268	12.6001524942	43.0682011151	66.6858149876	35.1531983335	-36.7501650962	-46.8979917235	-32.9612475903	-37.8198925205	37.2859495716	36.4536575206	54.3252500208	66.207072054	-31.5087923428	-47.647880622	61.9302000218	50.4207109853	37.8216157201	41.0611892562	71.1306312011	-32.3551947962	-35.7654796904	33.6753148147	-32.7154963544	53.7064852361	32.9726385656	-23.4866542798	-30.6931602596	61.3696203621	56.569415324	62.4868273841	87.3684685627	-60.5647661146	48.4928061721	63.801305362	53.9081880386	-46.4843873535	51.8578491462	40.3540455462	56.1869055508
-29.420952765	-32.5857723721	23.9357784242	-36.7255484809	53.9353335085	54.997160221	47.4405054121	-49.3217276358	-53.6271108935	-41.8117878004	-39.5421436975	-46.230130697	-40.1022723987	-42.9138294589	-44.7500905631	57.5438167287	-31.3679101986	-14.8105187902	-47.485514121	-45.3992812672	-38.6451611534	-47.2734992594	-35.4508827882	34.127961838	-39.2240768364	-30.7377419628	-50.1172745843	-26.7921678251	65.6942393568	-52.3818825476	-55.02203923	57.4642389807	-43.1424635432	-42.2160568498	-37.6935176441	-51.9917577271	-22.8569274135	-41.1644921021	-57.5061604494	-54.9127624049	46.322049145	64.4549374958	40.9467498054	42.0213572129	-33.7691414376	-34.509094643	-55.511355873	-48.5071627422	40.1071259435	62.5058547394	-46.1277799046	-49.2568766073	-40.3430376402	-29.3652954692	-64.8014921831	29.6739675505	52.1026732943	-35.7530580757	50.4078092119	-31.4834968225	-31.7304765	25.5915658488	31.3746272568	-43.9879684346	-47.1857961685	-46.7906705851	-60.5647661146	87.3684685627	-52.522847307	-55.1030582937	-43.8228800886	56.7134415285	-50.5832971639	-51.6601271119	-46.4292550179
43.1679991655	44.6534298266	-31.1354649365	40.1586628244	-48.147363097	-51.7074206009	-26.854146608	41.8341636799	46.7628472726	44.420327285	48.7965451626	41.0927174034	38.7933499908	37.2276284009	28.4955167991	-55.941031859	48.7150982296	29.4773963943	44.9112406601	40.3943128374	44.2392595989	45.3607461882	40.2592292158	-38.5635758795	46.7191358145	42.2001933701	44.8106721409	45.6679973194	-45.4271803744	53.1875446348	55.879218485	-47.8423553523	47.3023656911	41.8377464592	41.2040220923	45.5523645218	48.5935449082	49.3414297361	48.5335239397	37.2796248489	-45.7335105867	-38.1753602572	-43.9982790011	-40.656647462	47.9308350901	39.1758653917	54.785451417	44.7262568694	-51.9418435423	-54.0191662363	49.5074658737	43.4897585596	51.9178683317	35.1499008376	51.8221726969	-32.4725397047	-43.6694432887	35.2579746155	-23.4298084577	47.0878746981	38.308734848	-31.4544964143	-31.5385033087	43.5585294005	43.0060331048	42.8772445329	48.4928061721	-52.522847307	87.3684685627	50.1290021775	53.4140875567	-55.5929863085	46.2904304172	50.5455445564	52.3479986919
30.6093640458	34.4103792079	-14.6079094237	30.6200197914	-42.5745605388	-50.6301937014	-26.5008398148	33.4276250235	49.2616417359	72.6651267165	29.7948050627	41.5213461113	25.4721870823	77.8087280319	60.6252245849	-52.4557683977	48.5679420778	44.4148559492	43.2364548043	70.1403885626	29.5049498815	74.6069626177	32.9550202502	-23.1807691269	35.6124752191	51.9878672593	80.89791571	26.4843746966	-40.3856597698	46.051386483	38.1148863954	-30.9826509883	33.4962558123	32.4733101137	36.0431715176	72.9846827595	22.5753831769	40.8051674203	77.4477757823	20.9673592537	-40.4226067753	-30.323486925	-37.5641062517	-35.8072884769	28.1324366668	30.8037214864	58.3742488055	75.5969357416	-27.3292654805	-51.0964208198	72.6991233348	36.6381055186	43.1475125179	47.3343637401	59.9465941488	-25.3191188211	-27.9042792917	16.5674457555	-21.5141268694	64.7438450999	28.2480160366	-25.8171580454	-16.6980011601	77.0975964087	47.0724130016	76.7433214379	63.801305362	-55.1030582937	50.1290021775	87.3684685627	66.1220676384	-53.9945142336	54.7473292707	41.0058872823	41.6348660883
47.9472971362	48.7008741527	-37.8422568273	47.2592818732	-45.6494764814	-54.8572764752	-29.6671677551	48.5842776392	50.1857576887	58.789573042	52.6154528034	53.7913976351	45.8436753466	63.1821895565	63.3702638251	-60.1232178646	68.7310713217	62.6388401634	55.3743770156	76.9259434683	42.4628415589	67.1646758378	48.7669312572	-42.3834259113	51.0701416285	59.7248578828	65.8751694125	43.2714085015	-41.3846231365	67.116932639	41.7921826295	-33.9403048091	47.1462020069	40.3029527875	43.5524605053	76.071405092	52.070888233	55.5270196469	76.9128869911	33.2531932068	-51.0159906726	-29.7411618721	-48.0680160289	-42.2066346746	48.1239547086	45.1672610688	72.4199867573	67.9642655315	-38.688345887	-45.4643079567	69.141732042	50.1977159453	65.5304846553	60.0698997522	45.0273338874	-47.3643243584	-36.8451167527	31.1313145478	-34.2951088759	74.3438093037	47.1586588821	-42.5111288062	-37.2297236415	66.1054779622	59.422944047	56.8576161978	53.9081880386	-43.8228800886	53.4140875567	66.1220676384	87.3684685627	-57.8205018978	49.2972820777	48.483455648	42.9900421198
-55.135531636	-55.8389497581	47.3986588017	-50.9526908501	73.7134053658	80.5264254546	48.0048743659	-51.039309918	-49.9533129109	-40.0098493647	-60.1031571222	-55.8680992999	-56.2022157405	-37.2190905879	-35.4527095662	74.4985655542	-44.5474437193	-35.5367105268	-58.5263858261	-44.1472178186	-55.5632365262	-45.670070511	-55.4083175694	61.2183343078	-63.1217437447	-36.9402985344	-45.5503228348	-51.3127200034	62.125564889	-64.2062071739	-50.6274425858	60.8607942659	-62.7425853412	-52.6724212751	-44.7988024374	-50.777716571	-53.1275884995	-56.9797850629	-55.8472197857	-53.557276576	75.3043785913	49.3032059028	73.1439984901	72.0597293778	-61.4482756123	-51.3078548662	-65.5115669481	-42.4381189236	65.1619115082	62.8105592363	-47.3248140796	-49.9259489878	-62.2423930222	-38.0447529042	-48.377115672	47.1638282124	58.9241597899	-47.792752382	46.8586047456	-44.6642626365	-48.2150222849	56.6588605296	49.0866305482	-42.9121169332	-52.9154217859	-38.8040571004	-46.4843873535	56.7134415285	-55.5929863085	-53.9945142336	-57.8205018978	87.3684685627	-44.887361487	-59.8990459372	-42.2811111267
40.74001334	35.3559774116	-41.0557776524	44.4610885988	-45.3865431802	-46.0712597167	-44.8377033903	49.7048998538	63.6066871731	59.3515452074	45.8502036474	49.5969606245	45.2471814919	53.2528601581	46.8770832314	-54.1972860898	49.7573490869	46.0084826502	50.7838269836	52.1799132841	39.4305324754	63.4878745186	43.0260158402	-37.0019015942	38.6953344744	46.3609551246	58.9241350829	33.0700699416	-51.687805167	57.0204266705	42.3325655469	-43.0027213434	42.8411380628	44.5383047621	45.9188491281	51.0097015405	32.2555456405	42.7825047209	54.5898523287	43.795021208	-48.239348402	-47.6803376904	-33.7111822438	-34.853986243	39.3366811182	40.1002963612	59.705088219	41.1061564026	-37.3513219706	-45.6284466775	63.6842452413	52.51182475	50.79718743	41.7591978923	51.9557017974	-34.5515919451	-46.7551077342	36.0091049432	-45.2754498428	46.5183674009	38.8819379066	-34.1129949541	-38.7945226197	53.2343704913	51.5862323355	61.1599448739	51.8578491462	-50.5832971639	46.2904304172	54.7473292707	49.2972820777	-44.887361487	87.3684685627	63.1370439652	48.6909143843
45.2871017255	42.2085311217	-63.811112766	50.9739245732	-65.7786764904	-63.3183728353	-61.5182241316	53.0982022587	71.0224298618	39.9686508972	64.9683105782	53.8042455684	55.2623401172	35.0130648837	32.4024833539	-66.5996559132	52.6170908843	41.8239226532	52.4432018036	39.8108853513	48.695232018	47.9554944295	52.8981467698	-61.6087820861	49.3378282548	37.9308284392	40.8938345622	45.5388197194	-65.6199711534	65.8145114066	47.7054944876	-61.6451944554	52.1582218351	53.9256894663	51.0939158103	41.4071487068	55.4686297686	45.7482744131	43.2988653841	63.319906184	-71.6219571411	-63.2526152829	-56.126553856	-57.1583037703	50.5992815982	48.8365988051	68.1186037168	29.0610035277	-59.7252571185	-53.2453222513	45.9392357246	54.8076927351	67.5287586855	47.3686168634	46.4613719739	-51.252253158	-65.8592915128	58.5757791136	-61.0096702768	38.1577075683	43.9193993823	-57.722118541	-61.3633700453	34.8649522235	51.3152858582	43.4197153777	40.3540455462	-51.6601271119	50.5455445564	41.0058872823	48.483455648	-59.8990459372	63.1370439652	87.3684685627	48.8363391821
49.1575855863	42.4113101414	-30.9078119481	45.4593548338	-37.1290385493	-38.8662006849	-34.5963954157	50.9072026932	51.791374742	37.0806629534	26.3087232153	47.4346883386	43.4095682007	35.5673564016	34.8516991365	-44.4958687177	37.2028573089	32.7641796275	55.2991737391	35.7160708516	51.7211860076	32.4468011217	50.7540708166	-40.7192629693	49.4794222058	39.8865736426	43.4015477666	55.7145348357	-47.9750145697	41.6052305943	45.5940423072	-50.6084985848	48.0182026664	49.8281362949	42.0603861099	48.1204041779	16.482316284	39.9955761955	42.5856019941	33.7431957223	-41.9918467893	-48.8106744007	-38.8067619098	-44.8094366177	52.7317122056	48.5883561773	54.6513531689	38.0962099639	-45.394489468	-48.5401888178	38.1996716624	51.9978761982	41.1720656214	31.9586495208	59.7973177354	-30.8867195961	-44.6221937483	56.7864654728	-33.8321322498	42.4301755261	38.1030880453	-30.9121893194	-38.9884470979	37.6278161251	50.5966240839	42.2438144495	56.1869055508	-46.4292550179	52.3479986919	41.6348660883	42.9900421198	-42.2811111267	48.6909143843	48.8363391821	87.3684685627
Genotype stats (X^T * X): 	41.8315789474
Gene expression - Genotype stats (Y^T * X): 
-14.543111484	-14.1782153518	5.87473172539	-11.6464090342	9.57584971595	9.46444933698	3.52953919861	-10.8063559749	-11.7341457047	-9.77157327159	-13.7537565964	-9.85593701511	-13.6331721716	-8.61501679005	-2.28921160281	6.9579822877	-13.2628871354	-11.4351163816	-10.1821333506	-6.6875266741	-11.811414105	-6.42224852189	-15.3916081003	7.08874540407	-16.3197891803	-14.9340375755	-10.2593232276	-13.9195930767	4.47382109569	-13.1703907174	-15.3875752908	11.2003770454	-11.5472736219	-10.5853879952	-11.5145806263	-9.19427069881	-13.1481257001	-10.8322127119	-10.6087855494	-5.79628920418	10.9517591215	1.46954433948	12.394157519	7.94705613528	-13.7687091332	-16.1414625764	-21.6111056941	-8.72637713689	16.0710889182	5.42200094721	-8.00916823061	-12.000605848	-12.3692582378	-10.177832881	-5.9164114256	13.772843811	7.62672113633	-11.8954993264	0.732456837899	-11.4267605873	-15.2859769162	11.2768977509	7.42252835494	-8.49403362439	-12.5762064773	-8.35041521099	-5.09277242372	4.11624228538	-18.3615538705	-10.6924689499	-14.2624423616	11.290136671	0.275040346474	-5.53229853112	-10.0722414731