Tissue	braincortex
N_samples	95
Chr	16
Gene	ENSG00000130731.11
SNP	rs8058486
Gene_list	ENSG00000130731.11	ENSG00000099624.3	ENSG00000219200.6	ENSG00000181029.7	ENSG00000099795.2	ENSG00000006015.13	ENSG00000171222.6	ENSG00000221946.3	ENSG00000175602.2	ENSG00000110717.6	ENSG00000135940.2
Gene expression stats (Y^T * Y): 
87.3684685627	54.8293714524	56.1418541353	53.487249678	57.6419640655	61.7597648883	53.0489480871	54.4792791447	53.1936172282	53.2459051386	54.0687242976
54.8293714524	87.3684685627	56.2867811463	53.7714176891	64.7569812141	57.4369279945	51.3365656811	65.8960555786	70.6052697272	58.7609199886	69.2585127219
56.1418541353	56.2867811463	87.3684685627	47.3312974049	58.5309008126	53.4709419629	47.3497101436	59.5541138177	49.2244439784	49.0791544279	59.1980806665
53.487249678	53.7714176891	47.3312974049	87.3684685627	52.0444692276	62.9147726269	56.2788524134	38.7890546029	58.8092250673	42.7671362435	47.6882823297
57.6419640655	64.7569812141	58.5309008126	52.0444692276	87.3684685627	60.9073820335	53.9093248069	52.8851217458	54.3484745311	56.798913915	69.227253122
61.7597648883	57.4369279945	53.4709419629	62.9147726269	60.9073820335	87.3684685627	60.266363697	50.9423440732	67.9117348173	38.4915750679	59.5088730878
53.0489480871	51.3365656811	47.3497101436	56.2788524134	53.9093248069	60.266363697	87.3684685627	42.5100132378	48.5484232498	49.2439586889	45.2684481801
54.4792791447	65.8960555786	59.5541138177	38.7890546029	52.8851217458	50.9423440732	42.5100132378	87.3684685627	58.6111744102	46.1769343903	56.4405153909
53.1936172282	70.6052697272	49.2244439784	58.8092250673	54.3484745311	67.9117348173	48.5484232498	58.6111744102	87.3684685627	41.1316155999	65.5697947748
53.2459051386	58.7609199886	49.0791544279	42.7671362435	56.798913915	38.4915750679	49.2439586889	46.1769343903	41.1316155999	87.3684685627	55.9486443693
54.0687242976	69.2585127219	59.1980806665	47.6882823297	69.227253122	59.5088730878	45.2684481801	56.4405153909	65.5697947748	55.9486443693	87.3684685627
Genotype stats (X^T * X): 	25.4516901474
Gene expression - Genotype stats (Y^T * X): 
15.6128963316	6.89982980526	7.37348979375	5.84980378746	6.9962773164	9.45094465293	2.48885908198	8.45790680296	9.71985399348	3.79424080175	7.78567881172