Tissue	braincerebellum
N_samples	102
Chr	19
Gene	ENSG00000105738.6
SNP	rs59710626
Gene_list	ENSG00000273079.1	ENSG00000162494.5	ENSG00000185052.7	ENSG00000136750.7	ENSG00000013016.10	ENSG00000163873.5	ENSG00000105738.6	ENSG00000101670.7	ENSG00000163932.9	ENSG00000151136.10	ENSG00000089250.14	ENSG00000114805.12
Gene expression stats (Y^T * Y): 
94.2403082206	67.3066332786	65.880272734	60.3723543905	53.8077803151	71.9272240992	58.457854275	74.3909688926	62.4787567655	72.2150020965	72.5402681256	61.0531626357
67.3066332786	94.2403082206	74.1601730039	60.826783448	61.9409204795	77.5229876352	56.8822187361	77.3971264383	74.5875072085	82.6758329796	67.2442068428	50.9803065934
65.880272734	74.1601730039	94.2403082206	72.0141534012	78.2587855078	71.5461339	58.5759713502	69.8113752686	78.0985102131	76.9144695176	68.3186687764	58.2670258815
60.3723543905	60.826783448	72.0141534012	94.2403082206	61.1956509377	65.6535839663	57.1042278826	64.4675148852	71.2460801104	68.6691769674	66.0764784459	56.3375478558
53.8077803151	61.9409204795	78.2587855078	61.1956509377	94.2403082206	62.5125674317	57.401401058	62.4840897585	67.7551497396	67.9357623449	65.1535459958	45.0229867291
71.9272240992	77.5229876352	71.5461339	65.6535839663	62.5125674317	94.2403082206	60.4268814402	77.0457873518	69.7230658354	82.3056025734	71.5570597972	59.0490937055
58.457854275	56.8822187361	58.5759713502	57.1042278826	57.401401058	60.4268814402	94.2403082206	62.1578199121	60.9583617719	62.8563828698	62.4559616862	57.4876136873
74.3909688926	77.3971264383	69.8113752686	64.4675148852	62.4840897585	77.0457873518	62.1578199121	94.2403082206	70.8645078048	81.1206298411	74.4433409386	64.4925362438
62.4787567655	74.5875072085	78.0985102131	71.2460801104	67.7551497396	69.7230658354	60.9583617719	70.8645078048	94.2403082206	76.1655152857	67.7945584643	49.7864456205
72.2150020965	82.6758329796	76.9144695176	68.6691769674	67.9357623449	82.3056025734	62.8563828698	81.1206298411	76.1655152857	94.2403082206	78.9927873474	62.3435859643
72.5402681256	67.2442068428	68.3186687764	66.0764784459	65.1535459958	71.5570597972	62.4559616862	74.4433409386	67.7945584643	78.9927873474	94.2403082206	58.8606214337
61.0531626357	50.9803065934	58.2670258815	56.3375478558	45.0229867291	59.0490937055	57.4876136873	64.4925362438	49.7864456205	62.3435859643	58.8606214337	94.2403082206
Genotype stats (X^T * X): 	22.8205247549
Gene expression - Genotype stats (Y^T * X): 
-10.8809277981	-10.2573227116	-11.3322092447	-14.0416639226	-11.0092480922	-13.9163575656	-16.9598110222	-10.8221192003	-12.8250133647	-12.548171385	-10.2905285323	-9.81933547762