Tissue	braincerebellum
N_samples	102
Chr	19
Gene	ENSG00000104879.4
SNP	rs7249570
Gene_list	ENSG00000130598.11	ENSG00000130595.12	ENSG00000109061.9	ENSG00000092054.12	ENSG00000158022.6	ENSG00000180209.7	ENSG00000198125.8	ENSG00000101470.5	ENSG00000104879.4	ENSG00000111245.10	ENSG00000197893.9	ENSG00000170807.11	ENSG00000159173.14	ENSG00000168530.11	ENSG00000175084.7	ENSG00000143632.10
Gene expression stats (Y^T * Y): 
94.2403082206	82.7257983191	70.5000765047	57.2545099713	57.9380758456	78.4241285158	57.329598915	67.5346413062	63.1697716594	48.0143908543	70.308132136	68.3251751656	56.4336674442	79.1847851366	41.7517902906	55.938017126
82.7257983191	94.2403082206	74.8527852246	63.3407253559	63.765378066	81.8219745019	65.3771469065	74.8703302318	74.8206923729	58.2373255244	73.417563152	66.4521301876	63.7990374976	86.2289839361	49.8182610708	69.8065055782
70.5000765047	74.8527852246	94.2403082206	67.3914692311	66.1469456322	66.8503987573	58.5865702456	63.1368581787	67.1292822462	53.683346788	81.4402009107	69.6185036037	60.0126117324	80.9804429263	39.7016537934	63.8717938685
57.2545099713	63.3407253559	67.3914692311	94.2403082206	66.2928396323	50.7837301104	81.959194595	61.4494600727	74.231028049	84.0556674866	78.9327011452	70.6701190405	70.4941041231	67.8027113663	60.3701703622	74.4921247467
57.9380758456	63.765378066	66.1469456322	66.2928396323	94.2403082206	53.8987608739	68.5890243693	62.7376590533	73.687101128	62.9181010808	66.4349647622	62.1569827442	62.9408343839	64.2753987208	45.2201447555	64.4439911445
78.4241285158	81.8219745019	66.8503987573	50.7837301104	53.8987608739	94.2403082206	55.8375709637	70.0913226949	64.428438204	48.0339107119	63.0422240587	59.6889882553	51.6063651791	77.9861154746	39.3378531941	58.9627699762
57.329598915	65.3771469065	58.5865702456	81.959194595	68.5890243693	55.8375709637	94.2403082206	61.5450380816	85.2442278773	82.6372979658	72.6048381935	64.7226646041	66.5347276245	68.0902190034	71.5969886573	81.7667876043
67.5346413062	74.8703302318	63.1368581787	61.4494600727	62.7376590533	70.0913226949	61.5450380816	94.2403082206	69.7123233307	58.9188445591	62.7303710419	55.5236393714	64.144212248	70.6606233406	49.41752548	64.5272838851
63.1697716594	74.8206923729	67.1292822462	74.231028049	73.687101128	64.428438204	85.2442278773	69.7123233307	94.2403082206	76.6456358919	72.4733992054	60.3546768666	70.4000572791	74.0906150738	67.8237194004	86.418713449
48.0143908543	58.2373255244	53.683346788	84.0556674866	62.9181010808	48.0339107119	82.6372979658	58.9188445591	76.6456358919	94.2403082206	66.4792222588	57.5031459497	62.6060703978	60.1990066096	61.4960834731	75.1735459786
70.308132136	73.417563152	81.4402009107	78.9327011452	66.4349647622	63.0422240587	72.6048381935	62.7303710419	72.4733992054	66.4792222588	94.2403082206	77.4299903608	67.9655306178	78.5807428473	55.4071891594	68.8667692111
68.3251751656	66.4521301876	69.6185036037	70.6701190405	62.1569827442	59.6889882553	64.7226646041	55.5236393714	60.3546768666	57.5031459497	77.4299903608	94.2403082206	62.7663889239	70.2203354677	38.6754510958	54.5186487063
56.4336674442	63.7990374976	60.0126117324	70.4941041231	62.9408343839	51.6063651791	66.5347276245	64.144212248	70.4000572791	62.6060703978	67.9655306178	62.7663889239	94.2403082206	64.4440634638	49.3281336995	68.7624122087
79.1847851366	86.2289839361	80.9804429263	67.8027113663	64.2753987208	77.9861154746	68.0902190034	70.6606233406	74.0906150738	60.1990066096	78.5807428473	70.2203354677	64.4440634638	94.2403082206	46.8075717956	69.0395457741
41.7517902906	49.8182610708	39.7016537934	60.3701703622	45.2201447555	39.3378531941	71.5969886573	49.41752548	67.8237194004	61.4960834731	55.4071891594	38.6754510958	49.3281336995	46.8075717956	94.2403082206	71.7595935931
55.938017126	69.8065055782	63.8717938685	74.4921247467	64.4439911445	58.9627699762	81.7667876043	64.5272838851	86.418713449	75.1735459786	68.8667692111	54.5186487063	68.7624122087	69.0395457741	71.7595935931	94.2403082206
Genotype stats (X^T * X): 	23.6780938431
Gene expression - Genotype stats (Y^T * X): 
-6.6512936579	-8.87103699714	-7.77758637601	-8.77824164882	-11.3161761549	-8.31661587229	-14.6463561751	-11.5235000529	-15.1053296595	-9.56747877025	-9.59718244051	-6.40523250011	-11.3058009337	-9.84232112538	-14.6993064986	-13.8673006902