Tissue	braincerebellum
N_samples	102
Chr	1
Gene	ENSG00000204624.6
SNP	rs12408351
Gene_list	ENSG00000071282.7	ENSG00000137203.6	ENSG00000204624.6	ENSG00000162494.5	ENSG00000163873.5	ENSG00000138944.7	ENSG00000101670.7	ENSG00000105464.3	ENSG00000008196.8	ENSG00000169213.6	ENSG00000163932.9	ENSG00000152784.11	ENSG00000151136.10	ENSG00000178403.3	ENSG00000089250.14	ENSG00000087116.9
Gene expression stats (Y^T * Y): 
94.2403082206	51.6681033335	60.6279067331	64.1305170722	63.2384160894	65.1769431275	61.3791778415	56.8933548781	73.658069602	71.59075118	57.3188963697	60.1524123523	66.6244097356	63.5312503585	68.0211979626	56.5851494297
51.6681033335	94.2403082206	58.0719316966	68.1749872262	63.7463651849	63.1779962505	68.6436798786	61.6034837837	73.5927032564	56.4463749688	62.6165169659	69.7920631889	68.717043098	57.2148488336	56.1153798091	48.2982882745
60.6279067331	58.0719316966	94.2403082206	63.8955217901	66.2981935007	63.4915181606	62.4873663816	60.45734198	66.8124788333	59.8118478281	58.7333172334	61.9309347979	67.4162762407	60.7376187831	61.8720804701	58.6257524825
64.1305170722	68.1749872262	63.8955217901	94.2403082206	77.5229876352	78.6586487071	77.3971264383	61.2712967037	75.5012153214	65.8244124618	74.5875072085	70.6505667618	82.6758329796	65.0830731319	67.2442068428	69.0873348776
63.2384160894	63.7463651849	66.2981935007	77.5229876352	94.2403082206	73.2689025865	77.0457873518	64.2943658178	69.2496828831	70.4288424222	69.7230658354	64.8777113876	82.3056025734	64.319525547	71.5570597972	57.4036373712
65.1769431275	63.1779962505	63.4915181606	78.6586487071	73.2689025865	94.2403082206	76.1797753053	60.530652115	69.0857620587	76.1773501626	69.666952555	70.5350760408	79.4720009761	61.9373072228	71.3038874696	61.4594815613
61.3791778415	68.6436798786	62.4873663816	77.3971264383	77.0457873518	76.1797753053	94.2403082206	61.9938492487	74.2072271085	70.6927450553	70.8645078048	67.9827588117	81.1206298411	64.9589925491	74.4433409386	65.8558924912
56.8933548781	61.6034837837	60.45734198	61.2712967037	64.2943658178	60.530652115	61.9938492487	94.2403082206	64.8110625433	61.2291742515	55.3749507229	65.640942369	65.5368573983	59.5503420006	64.4301773283	60.5710393763
73.658069602	73.5927032564	66.8124788333	75.5012153214	69.2496828831	69.0857620587	74.2072271085	64.8110625433	94.2403082206	68.6264882332	68.2603342533	70.3938296239	75.3510254521	70.9256256964	73.2003220539	68.7362118845
71.59075118	56.4463749688	59.8118478281	65.8244124618	70.4288424222	76.1773501626	70.6927450553	61.2291742515	68.6264882332	94.2403082206	59.9068588628	59.1244069494	71.0979649037	64.4245824992	74.4868299369	53.7741000056
57.3188963697	62.6165169659	58.7333172334	74.5875072085	69.7230658354	69.666952555	70.8645078048	55.3749507229	68.2603342533	59.9068588628	94.2403082206	64.2888978342	76.1655152857	59.4046057804	67.7945584643	61.3771820904
60.1524123523	69.7920631889	61.9309347979	70.6505667618	64.8777113876	70.5350760408	67.9827588117	65.640942369	70.3938296239	59.1244069494	64.2888978342	94.2403082206	68.9748974787	66.4952251221	59.8895840159	59.6178192998
66.6244097356	68.717043098	67.4162762407	82.6758329796	82.3056025734	79.4720009761	81.1206298411	65.5368573983	75.3510254521	71.0979649037	76.1655152857	68.9748974787	94.2403082206	67.7025547745	78.9927873474	67.3447201135
63.5312503585	57.2148488336	60.7376187831	65.0830731319	64.319525547	61.9373072228	64.9589925491	59.5503420006	70.9256256964	64.4245824992	59.4046057804	66.4952251221	67.7025547745	94.2403082206	67.5028471125	65.8033745697
68.0211979626	56.1153798091	61.8720804701	67.2442068428	71.5570597972	71.3038874696	74.4433409386	64.4301773283	73.2003220539	74.4868299369	67.7945584643	59.8895840159	78.9927873474	67.5028471125	94.2403082206	62.8301250699
56.5851494297	48.2982882745	58.6257524825	69.0873348776	57.4036373712	61.4594815613	65.8558924912	60.5710393763	68.7362118845	53.7741000056	61.3771820904	59.6178192998	67.3447201135	65.8033745697	62.8301250699	94.2403082206
Genotype stats (X^T * X): 	7.37254901961
Gene expression - Genotype stats (Y^T * X): 
-2.7413207837	-5.70836711823	-8.06785606119	-2.945781474	-2.18564237803	-4.21320778477	-2.80492004698	-4.05427382862	-4.80493244779	-3.48914797028	-2.2462835897	-4.19683568426	-3.01356243843	-4.5367522151	-3.30027977625	-1.42068087987