Tissue	braincerebellum
N_samples	102
Chr	20
Gene	ENSG00000172296.8
SNP	rs734262
Gene_list	ENSG00000096696.9	ENSG00000172296.8	ENSG00000168079.12	ENSG00000049323.11	ENSG00000112175.6	ENSG00000197901.7	ENSG00000187720.10	ENSG00000102554.9	ENSG00000112837.12	ENSG00000145936.4
Gene expression stats (Y^T * Y): 
94.2403082206	58.2625833733	67.22456196	-50.964402198	72.7098925792	73.8065685159	68.3116958978	70.3846712649	-45.1217309988	-46.688270967
58.2625833733	94.2403082206	71.5631597832	-58.6952597973	59.738574477	57.8388359545	61.9875026118	62.9380581967	-56.560377236	-58.7186128403
67.22456196	71.5631597832	94.2403082206	-46.8720904422	70.85441468	69.4708111037	67.5747587714	68.1679730244	-46.9887273356	-50.2708522126
-50.964402198	-58.6952597973	-46.8720904422	94.2403082206	-52.1969631042	-48.4937160311	-49.8132316542	-49.9256776543	63.1612548411	60.1696283233
72.7098925792	59.738574477	70.85441468	-52.1969631042	94.2403082206	73.3762614717	72.554655342	71.2589198523	-45.8535989122	-50.2582051456
73.8065685159	57.8388359545	69.4708111037	-48.4937160311	73.3762614717	94.2403082206	70.5231750898	58.1653141264	-41.8361202953	-54.7227729037
68.3116958978	61.9875026118	67.5747587714	-49.8132316542	72.554655342	70.5231750898	94.2403082206	67.8766173723	-46.2247159994	-51.2042111582
70.3846712649	62.9380581967	68.1679730244	-49.9256776543	71.2589198523	58.1653141264	67.8766173723	94.2403082206	-52.8892179262	-47.4733581982
-45.1217309988	-56.560377236	-46.9887273356	63.1612548411	-45.8535989122	-41.8361202953	-46.2247159994	-52.8892179262	94.2403082206	59.2313203258
-46.688270967	-58.7186128403	-50.2708522126	60.1696283233	-50.2582051456	-54.7227729037	-51.2042111582	-47.4733581982	59.2313203258	94.2403082206
Genotype stats (X^T * X): 	55.9270592549
Gene expression - Genotype stats (Y^T * X): 
10.1961702621	23.0147382697	13.4360105764	-15.49602628	13.2981610236	16.5906234112	15.7552914931	13.0133155896	-10.7257097312	-17.1180510063