Tissue	braincerebellum
N_samples	102
Chr	19
Gene	ENSG00000105220.10
SNP	rs77392056
Gene_list	ENSG00000185883.6	ENSG00000111674.4	ENSG00000105649.5	ENSG00000099365.5	ENSG00000105220.10	ENSG00000105223.14	ENSG00000105409.11	ENSG00000160014.12	ENSG00000101210.6	ENSG00000172757.8	ENSG00000136854.13	ENSG00000162706.8
Gene expression stats (Y^T * Y): 
94.2403082206	55.7797951826	70.1670800895	46.5772871645	56.7227106383	46.6676705847	59.8909078462	63.8961682344	64.8062824234	68.0568787873	45.8714558835	49.1224560755
55.7797951826	94.2403082206	64.1409250724	50.0268959903	63.4711348973	49.6892145487	49.2446002536	62.0022464687	64.0131172401	70.6969225541	54.9802209309	64.6819956836
70.1670800895	64.1409250724	94.2403082206	38.5532899757	66.0949199423	58.6636867415	70.7555683845	66.6462867152	58.3418268619	70.055307537	54.9671167053	53.0978922596
46.5772871645	50.0268959903	38.5532899757	94.2403082206	58.6282294613	47.4182568408	46.8423481573	43.9918449199	55.7288080008	49.5542385406	47.5579677167	53.5422297041
56.7227106383	63.4711348973	66.0949199423	58.6282294613	94.2403082206	62.7946095346	68.3783726593	59.9890505998	63.5515644491	67.4363469368	62.3465826813	57.5723259869
46.6676705847	49.6892145487	58.6636867415	47.4182568408	62.7946095346	94.2403082206	64.0250194392	46.42465032	60.2920361479	65.8869353889	33.7913033637	52.1342411632
59.8909078462	49.2446002536	70.7555683845	46.8423481573	68.3783726593	64.0250194392	94.2403082206	62.8808866162	56.9453335419	59.8911726021	47.2185335083	50.9351641053
63.8961682344	62.0022464687	66.6462867152	43.9918449199	59.9890505998	46.42465032	62.8808866162	94.2403082206	59.8776828131	64.3103094911	61.557585617	60.3032127215
64.8062824234	64.0131172401	58.3418268619	55.7288080008	63.5515644491	60.2920361479	56.9453335419	59.8776828131	94.2403082206	69.4335005644	59.1775152085	52.3178339236
68.0568787873	70.6969225541	70.055307537	49.5542385406	67.4363469368	65.8869353889	59.8911726021	64.3103094911	69.4335005644	94.2403082206	51.7916075126	62.5108032076
45.8714558835	54.9802209309	54.9671167053	47.5579677167	62.3465826813	33.7913033637	47.2185335083	61.557585617	59.1775152085	51.7916075126	94.2403082206	52.7016057293
49.1224560755	64.6819956836	53.0978922596	53.5422297041	57.5723259869	52.1342411632	50.9351641053	60.3032127215	52.3178339236	62.5108032076	52.7016057293	94.2403082206
Genotype stats (X^T * X): 	15.6837207059
Gene expression - Genotype stats (Y^T * X): 
-4.4980821996	-10.8828049579	-3.29330928157	-11.5144496649	-12.5232339953	-3.36583007382	-2.88530334911	-4.20693706891	-9.50297399501	-10.1619284223	-8.44463998949	-5.16359709211