Tissue	braincerebellum
N_samples	102
Chr	21
Gene	ENSG00000171189.12
SNP	rs363423
Gene_list	ENSG00000066230.6	ENSG00000127588.4	ENSG00000005001.5	ENSG00000074370.13	ENSG00000150995.13	ENSG00000116237.11	ENSG00000178397.8	ENSG00000196277.11	ENSG00000173482.12	ENSG00000188803.10	ENSG00000101624.6	ENSG00000105143.8	ENSG00000187664.8	ENSG00000115884.6	ENSG00000165973.13	ENSG00000157227.8	ENSG00000109107.9	ENSG00000253304.1	ENSG00000171189.12	ENSG00000106341.6	ENSG00000142149.4	ENSG00000133424.16	ENSG00000221946.3	ENSG00000161381.9	ENSG00000187595.10	ENSG00000137166.10	ENSG00000137825.6	ENSG00000124155.12	ENSG00000085117.7	ENSG00000136167.9	ENSG00000244694.3	ENSG00000269113.3	ENSG00000006283.13	ENSG00000186469.4	ENSG00000178538.5	ENSG00000145242.9	ENSG00000168748.9	ENSG00000150361.7	ENSG00000113805.8	ENSG00000127951.5	ENSG00000136404.11	ENSG00000173083.10	ENSG00000104327.3	ENSG00000152208.7	ENSG00000112218.7	ENSG00000117600.8	ENSG00000241978.5	ENSG00000144136.6	ENSG00000119411.10	ENSG00000107518.12	ENSG00000151892.10	ENSG00000138741.6	ENSG00000160145.11	ENSG00000053108.12	ENSG00000068383.14	ENSG00000016402.8	ENSG00000175040.4	ENSG00000178172.2	ENSG00000070808.11	ENSG00000135824.8	ENSG00000081320.6	ENSG00000174567.7	ENSG00000162757.3
Gene expression stats (Y^T * Y): 
94.2403082206	46.0873896614	50.3155051129	61.4555994804	52.2617019912	42.5527822938	44.4220782679	60.6180719821	49.5626310016	45.4822446684	54.2033842524	53.0201039079	61.464953254	56.4923367821	56.4607901937	51.7865348174	44.3349465521	62.4346256877	64.192051123	55.4212724138	62.9592048417	65.3620211264	51.0179157091	55.2135374779	54.6127569615	59.7277514459	61.31168082	54.3447898421	49.9433073684	52.484377499	45.1985333929	60.4094834484	62.3135305411	50.2306599709	53.7381351065	58.935416509	53.1732665083	70.4242039051	55.3443456152	55.6692123973	49.9563505273	56.1092333873	49.0144927137	49.1216292293	65.1727312725	53.0988640158	53.4746972668	55.2793722972	53.753064097	60.2391506551	47.8956459219	66.5323748389	49.125899338	64.4191600729	47.5544651522	60.6698588908	58.1215833375	58.7605083707	49.6137667719	61.0622834657	56.5529747958	45.8024279238	56.5051013391
46.0873896614	94.2403082206	45.9943760737	78.011340496	75.846511877	60.6360771372	54.039892347	33.2016545914	66.0051746718	67.6317233755	45.2526830599	78.537727855	65.2561481224	42.8901305884	31.6059544977	30.1916302224	74.2764483495	62.6450851638	57.1703391932	71.9680617588	45.0903769737	66.4644233794	55.1806916401	63.7201784597	72.8791023171	57.4763745471	61.2818522935	53.5401060383	43.012401081	51.957712348	30.6239214587	39.4568648026	78.1105122274	51.3798282266	73.3382608187	41.0882088221	44.9588120295	48.1813208527	48.8337424931	42.9063130753	42.8402506227	26.6211388943	74.9951868922	46.2737637107	45.0197756689	36.9710915562	36.5768587301	57.2212617161	57.2949467116	43.6803977082	40.1688032001	56.2357220176	39.0456318339	54.8497789206	79.1942677335	59.4455893963	72.9940523088	52.7548608057	57.3033070358	47.180841338	41.2843057904	55.1021908411	38.1693751917
50.3155051129	45.9943760737	94.2403082206	61.3472681246	44.3385435344	45.9227142148	40.6776334777	27.4435554096	52.3614806083	48.8401650211	49.537355656	49.8179326583	57.7829080847	34.6145564177	37.3407580473	39.8023292874	44.5516664191	63.4671005874	56.647345526	42.5641872496	43.1174351958	57.1288574008	53.8442626363	48.3308849487	58.8050936806	43.1021567253	65.2434496908	47.1524248082	29.0459074737	37.9919194031	24.7810310079	47.7187861716	58.5259778731	47.0921531632	46.6670795839	36.8758657566	53.28119881	42.9306093163	36.9109698238	36.2546900157	28.2211308875	33.7035199177	43.1839686988	50.6657880927	45.9319051433	56.0656044443	38.8788424558	54.2949210346	52.7044502467	31.0407414756	38.0741573748	50.6208863021	35.3218816785	49.3401884191	47.6759670633	51.2927788176	59.6879753439	60.1200868379	46.0534508322	43.1244630745	43.9886716966	60.3747231426	38.9879803214
61.4555994804	78.011340496	61.3472681246	94.2403082206	85.6749719688	72.3636135438	60.2171225748	45.3343197477	80.7577479277	69.6228095049	59.5139601016	86.086761835	82.0369796181	54.413822644	46.9210371519	40.6131687381	81.5983481112	76.2897921471	70.4973205143	80.7958900862	56.2265534492	82.6849857575	68.2460318565	74.682402665	82.5910938251	67.1948474829	75.2983510321	67.0782803434	54.1619725815	64.1689348615	41.3892048361	58.753360259	90.4409757163	54.426946478	83.7390313433	50.6872843207	61.7976535458	58.9929096433	56.4435453805	55.5697109057	55.6544792259	41.7990835093	82.2069699233	65.1491785093	59.3413736959	53.3085397258	49.5210217847	73.1868637061	69.4542679256	51.4632161302	48.9273332437	66.6315174282	50.1129836662	67.3502506084	76.7165529694	63.8459376599	83.8286658766	66.8451404998	68.9395970136	58.8170325368	51.7889632178	67.5144668138	49.6629197691
52.2617019912	75.846511877	44.3385435344	85.6749719688	94.2403082206	67.9849026966	52.1758826641	43.6540517961	76.5626963438	65.7403291242	51.0743291841	83.1036716139	74.5066780965	49.9386433846	42.0757185343	37.1830669195	81.5457522547	69.3745584364	62.9971137384	81.2523645054	49.4066207599	76.5301812481	60.0513448067	69.0155179653	72.048029985	59.5441764945	62.0128295546	58.1632996691	54.5053235992	64.2962683529	33.1939864688	47.2499825618	84.3275480585	49.5915417687	84.8613842085	45.3784198582	50.9151101305	54.6186150413	52.4636913227	52.3491830437	51.4521735404	33.2341916018	88.7490802331	59.2140408363	52.6231064926	44.43521527	40.402552426	68.4774589152	57.6410569609	49.6712716733	46.9361723183	59.4374602455	43.6459461698	60.3898306515	74.2827076677	56.8235755126	73.8708946721	57.3026686385	58.8684806756	53.1202830885	41.6620062404	54.966700273	40.8743105929
42.5527822938	60.6360771372	45.9227142148	72.3636135438	67.9849026966	94.2403082206	60.2944971189	37.6865113667	68.4398759093	61.3708465017	62.0297335427	62.3814459085	74.2974339877	38.8526647344	42.1365800742	28.8984100795	59.1604030146	60.8162957543	64.1473217557	67.631199279	48.0283994927	71.6062836418	49.0454386739	64.7599701068	69.5000676925	57.9265921884	65.7929623258	50.2303196983	41.8609283966	51.9798111836	44.9301372543	57.1496622727	77.011677603	46.7847072786	73.450016575	41.4963767799	50.0004934284	51.9838122831	52.2143793346	55.7135592794	57.9446669413	37.3137762753	66.4479220028	58.1678862237	58.1703068464	57.8590087271	47.3019893773	64.2334875774	74.3270901001	44.1886799763	48.0081035302	57.6925723401	50.9972575727	57.3405429946	65.5607504844	63.6482091411	75.4621856072	54.5645689928	61.9094158653	58.726359943	48.4642180268	59.4083029725	50.6462502082
44.4220782679	54.039892347	40.6776334777	60.2171225748	52.1758826641	60.2944971189	94.2403082206	34.8522313711	51.0844692622	50.4397013801	54.8960438737	49.768361773	54.9620964967	39.8170686924	35.7119484293	24.5158628685	45.7376269423	56.7574007316	59.3494151121	56.1194671684	41.6436546309	58.601808995	37.6002270588	51.3134243672	56.9606887188	55.9486029205	57.729975377	51.3437767552	37.8510540529	53.1418347121	39.4508931592	41.0561869867	61.1189782895	36.305226181	60.5942036732	40.1583170573	53.3428792392	47.5542993342	50.9380907587	49.6431539627	53.0253890634	31.3488577524	53.1626854056	44.8634990991	49.6941641881	43.8219918823	40.0088554353	62.9623873743	58.1116201401	40.3242845492	54.4235803576	52.8605739567	45.8589974843	52.5765789506	49.8523606505	64.4143948724	63.0321227175	53.5542019944	55.7898738329	51.6187132905	41.5439478213	53.1728451419	42.5071353331
60.6180719821	33.2016545914	27.4435554096	45.3343197477	43.6540517961	37.6865113667	34.8522313711	94.2403082206	39.4158862533	38.6784885331	56.0078049919	45.5184005134	49.2912441716	56.101517877	55.3967996836	51.6374051072	40.2664420554	52.8932684109	65.359397046	48.7422924552	57.1744946635	51.8498897121	41.7158128851	41.1154477511	39.8897018185	48.3771238004	42.7504904315	50.6628530373	51.8946993792	58.8532214032	47.1177502443	49.5434420547	45.0845874399	39.9224605839	49.4155218429	58.0950416762	50.5326005718	69.5681849874	59.3390108542	70.107785868	54.8460596042	59.7435959848	41.0019226243	56.215485462	69.0194608582	54.6004157133	47.5623677552	48.4626441674	37.9270294405	66.9824243732	55.2824463947	64.338010803	46.2231697646	55.2942819926	34.0752931494	46.545285274	40.1069071619	42.2971128169	45.9880923213	50.3315710118	62.2628373226	34.6238672809	47.9365623442
49.5626310016	66.0051746718	52.3614806083	80.7577479277	76.5626963438	68.4398759093	51.0844692622	39.4158862533	94.2403082206	62.5811637076	52.5280904461	73.3845401231	73.3715374404	46.5740686432	42.3238458497	36.3171096846	69.1635499101	67.5252054891	63.0552873764	65.9312257208	52.5067230172	71.7689618832	56.0339034025	68.0212898008	71.5309892762	56.6770101729	66.6560761702	58.1160989612	39.3956938845	55.8175111863	35.589336136	48.6236232677	79.8440141431	46.904963236	74.0210355575	45.3894877685	49.0088719619	50.8497231342	54.8904288737	56.32493015	50.0568732352	39.4698194179	72.8438920828	67.021238875	54.3013610883	47.6662559323	38.68836897	62.829908891	63.6815592432	45.1233815387	41.564778289	58.1043171627	42.7811913865	54.6936596665	65.9442089356	53.6122254691	75.9518191633	57.9616376823	60.7061265773	44.7867825537	47.4845285794	65.5712310973	38.2870216947
45.4822446684	67.6317233755	48.8401650211	69.6228095049	65.7403291242	61.3708465017	50.4397013801	38.6784885331	62.5811637076	94.2403082206	53.9536263691	64.3558658417	66.166160043	47.9347892708	38.9721470884	34.4453041194	60.8294308807	56.124757742	60.3767815892	63.6989161717	57.5447913796	70.4150956456	51.8914726353	62.2208808045	72.6842837731	57.4957440359	52.1000229229	47.9420060171	47.353572067	54.5150912257	39.1436578965	44.5381562505	72.5055102985	51.5573893955	64.1053547135	43.5884561887	46.1712457761	53.3993756612	52.5270763977	50.4888850952	46.572107744	30.1607902911	61.8242698536	57.6879351076	50.153112847	46.1327264999	48.1057790077	54.4923165315	52.4247708183	53.6703762134	42.0769856355	55.0708861053	44.296351897	56.582752947	62.595749513	52.0500072313	67.1958091971	44.3405103279	64.5420305956	52.4460035721	45.9483718276	56.0921152007	40.6206638321
54.2033842524	45.2526830599	49.537355656	59.5139601016	51.0743291841	62.0297335427	54.8960438737	56.0078049919	52.5280904461	53.9536263691	94.2403082206	52.6397794021	58.4745523195	45.6722773503	49.6339339659	44.9171619263	47.6630415722	66.0374028675	75.9479736746	59.753358525	60.366208747	66.3527860787	45.1401431915	55.8669940345	56.0815091231	52.0380271659	53.5324831969	50.4103506052	46.7654010001	48.5700191428	57.8975115199	59.2434744083	61.5369052886	53.9840439983	61.1346845994	59.107031087	55.8578990089	63.1714851205	61.2514657175	62.2926101806	50.1991732478	49.4983315616	53.2631404058	60.7353944116	66.7809090154	62.5902268108	47.665975869	61.15212995	60.4919245902	53.2309268144	44.9392331746	62.5628149697	46.2910768801	53.2468282821	50.1402504203	58.6890498436	61.2783936323	54.5940497872	52.3101793734	61.9835308283	59.8375950625	51.0726355789	51.3692291431
53.0201039079	78.537727855	49.8179326583	86.086761835	83.1036716139	62.3814459085	49.768361773	45.5184005134	73.3845401231	64.3558658417	52.6397794021	94.2403082206	75.1079931622	47.5673189669	42.9601613475	38.0592361903	85.9116571614	68.4557117867	62.427154979	77.7550922992	48.4443262831	75.7299254442	63.2187009807	66.5922899605	72.0576788863	55.2604242575	66.1550005774	62.9835398074	53.0996279085	59.5403516435	35.9913247308	49.4252882103	82.4866226945	48.9561357445	82.6863088391	45.6505896512	56.592868304	54.4096349801	49.8896545639	52.1341098287	45.1613666879	34.1911937662	81.9124974376	59.9483767549	52.238594907	45.6852229473	38.9365409959	66.5730193361	58.4438957976	49.596402966	43.5525355738	59.7349551569	47.5514191083	61.5983103492	75.0300193893	55.1926020087	73.7793729383	59.9726695305	57.7584454072	50.6981590415	45.6684772396	57.4589702121	44.8670119452
61.464953254	65.2561481224	57.7829080847	82.0369796181	74.5066780965	74.2974339877	54.9620964967	49.2912441716	73.3715374404	66.166160043	58.4745523195	75.1079931622	94.2403082206	48.4367185246	46.8001346734	42.7465017359	70.6520560543	66.8743594252	64.1033116248	72.8303530226	61.9078661577	80.1124373961	58.4262256273	69.7219747474	78.8012137098	61.4965507554	72.7466858959	61.2699050548	53.0501620765	56.5769663623	39.2718638829	59.193171796	81.4928954046	46.4767066782	76.8611322621	49.9385916695	50.3685482759	56.6107830984	57.6416827187	58.6258502822	55.1898763036	45.9965434728	70.4823875005	66.4704052016	60.5163628864	58.6734663486	51.8926712312	70.5556664864	68.4962850457	52.7053647804	48.5827682977	62.0518767899	49.8652186693	63.6780291017	64.1368448039	56.7845686576	78.1272138182	59.2267026192	65.9238022942	59.2181223914	52.5073812386	63.713982511	53.5575797356
56.4923367821	42.8901305884	34.6145564177	54.413822644	49.9386433846	38.8526647344	39.8170686924	56.101517877	46.5740686432	47.9347892708	45.6722773503	47.5673189669	48.4367185246	94.2403082206	51.0496801911	48.8579650481	43.2967150025	57.9980926539	57.8258528235	51.1132852314	64.4754331397	54.6795836995	47.7118790308	51.1203102686	40.8455389721	62.4932694024	39.3636369457	50.3707853398	46.282144899	60.5517027545	36.2996695045	54.7236666993	53.243149459	38.6342449876	48.6834726405	53.0923651392	51.7566012802	61.3373913804	56.5908730714	49.6224882295	48.8408412383	41.7781387834	42.0013296768	42.6288474765	61.3365604686	38.5401812025	55.6518943193	51.7168131059	47.8283187163	64.3201294084	54.4550444401	60.6142738995	33.6614090092	57.9852405103	37.9652155875	50.8232759388	47.4973254891	52.6534484039	54.7130450381	44.8780883509	51.8471003476	36.5578876637	44.5743395264
56.4607901937	31.6059544977	37.3407580473	46.9210371519	42.0757185343	42.1365800742	35.7119484293	55.3967996836	42.3238458497	38.9721470884	49.6339339659	42.9601613475	46.8001346734	51.0496801911	94.2403082206	61.9307934973	37.5376776497	58.0203085417	66.1453213238	50.4629027052	57.582115463	59.6141017343	40.1246143014	32.7543029866	35.097791265	42.8553042123	46.4770295844	55.4103161676	51.0904346307	47.5230518919	49.0230324968	59.0739038763	49.2999615158	38.6627760531	50.8752944513	56.574288621	48.3762979388	68.2122285279	50.0191643335	64.1096051047	44.4631260093	53.4645920841	42.3042977833	53.1684883568	62.616457901	56.5636878753	47.0083285558	57.0385795497	40.492312704	57.6559505593	50.1091387272	66.2937118402	51.5471087789	51.9123683149	35.3292065447	52.4055578747	42.5272953809	54.76247428	33.8000041412	63.9947696756	50.3172860416	28.7451410915	51.3608409305
51.7865348174	30.1916302224	39.8023292874	40.6131687381	37.1830669195	28.8984100795	24.5158628685	51.6374051072	36.3171096846	34.4453041194	44.9171619263	38.0592361903	42.7465017359	48.8579650481	61.9307934973	94.2403082206	32.9459693158	55.3212944597	57.4521701999	44.9496358137	60.4109670291	48.6403245151	29.9265471447	34.4493091664	28.9323182515	47.2479730263	39.3562189077	47.9323591782	44.3836234899	33.088424219	42.5030110501	46.6811885825	41.2961738552	28.3467241604	40.8171468219	48.3741970162	34.657666707	61.9205979406	39.7049466615	55.5314303825	24.8827632528	48.371884192	35.6661501551	43.1052166881	54.1460796905	49.1291112461	51.0749588381	42.3453659052	32.8605822796	51.1142203967	39.6814440643	54.528458124	39.6395220782	43.5462892498	29.8630089875	45.6117141365	37.4227332666	42.204428872	28.6114034756	47.8629528904	53.6344168259	26.5625756987	45.2419192887
44.3349465521	74.2764483495	44.5516664191	81.5983481112	81.5457522547	59.1604030146	45.7376269423	40.2664420554	69.1635499101	60.8294308807	47.6630415722	85.9116571614	70.6520560543	43.2967150025	37.5376776497	32.9459693158	94.2403082206	61.9051985392	57.0355305854	79.2068500397	41.1315346613	73.4191369133	59.8530872107	64.1179108647	68.5639561311	47.8671940792	55.0303335203	58.1979331056	55.7950177262	63.3154219747	32.0403056081	44.7626744299	77.3377925628	42.9329845837	82.1038144503	37.3411321932	51.8499155169	45.5007654318	50.7049826646	49.8703981171	49.1138758572	27.7954222406	78.5810397161	55.3054715275	44.1793885784	38.1342197475	38.1168189564	65.7951333658	55.8440914937	43.4513174194	44.095168891	49.2174744776	42.3278734848	54.647877101	68.4053109901	49.9860936815	67.7828645533	58.3032810083	56.0443175947	45.5567719134	35.9028487267	54.2457634972	46.5675653277
62.4346256877	62.6450851638	63.4671005874	76.2897921471	69.3745584364	60.8162957543	56.7574007316	52.8932684109	67.5252054891	56.124757742	66.0374028675	68.4557117867	66.8743594252	57.9980926539	58.0203085417	55.3212944597	61.9051985392	94.2403082206	76.4925678706	73.0492545324	57.356543391	76.9142661287	60.0957088442	64.5815058756	65.8215367201	62.8548622592	73.2675966067	63.7376715263	50.6336389085	59.8029166847	43.0477375487	58.006049636	75.4449093424	57.7676035804	73.2582111714	58.1362193774	65.8206003483	65.5108314228	57.8314267275	62.4005339055	46.990089751	47.7735676009	69.4781633227	66.0962982162	61.8953290835	58.7686137347	46.7943057283	69.8838269085	62.0576825136	53.5387783761	46.7617147867	69.3558484089	51.9207786231	65.5127196281	64.5359370455	67.6996575748	71.3468598463	73.2096260556	53.4969297236	59.0693730942	60.1741334926	58.2882390387	48.0943596457
64.192051123	57.1703391932	56.647345526	70.4973205143	62.9971137384	64.1473217557	59.3494151121	65.359397046	63.0552873764	60.3767815892	75.9479736746	62.427154979	64.1033116248	57.8258528235	66.1453213238	57.4521701999	57.0355305854	76.4925678706	94.2403082206	69.0060097836	67.4542336191	76.6038466474	58.5503729665	60.3881148545	61.3415619004	61.1386209138	69.5293551603	63.500060737	58.561420912	66.8523436102	58.6793237101	63.4313962453	71.4049886831	59.5475336313	71.438915889	64.5365440486	66.3659417253	79.6543425408	65.3470890462	75.9984808145	61.7654891652	57.2909018468	63.1047737142	66.9326282598	78.0284331231	68.9583502008	58.2144181221	70.3300363108	63.8907591177	70.1306610393	58.8526287144	80.3418404084	58.3213773188	67.1328780219	61.0052770235	75.3226052462	66.4567389252	69.1754165565	56.6214416823	70.5949162944	67.5635937693	58.9072025352	56.9529701535
55.4212724138	71.9680617588	42.5641872496	80.7958900862	81.2523645054	67.631199279	56.1194671684	48.7422924552	65.9312257208	63.6989161717	59.753358525	77.7550922992	72.8303530226	51.1132852314	50.4629027052	44.9496358137	79.2068500397	73.0492545324	69.0060097836	94.2403082206	50.1249305374	83.6867006528	56.9610928263	66.2253979228	70.1314864607	55.3423973084	60.0562410536	63.0227678562	65.4517385156	66.6939550168	42.5715727992	51.4860960761	79.9700336706	47.2943625285	86.8910399503	48.5392104747	51.5580164095	63.1103219107	54.1426113109	59.3221482627	58.1311417896	39.9551272519	84.5170083457	53.9925704299	53.9952792753	47.2446109491	47.162719862	71.3819444528	61.8248799436	54.4559489637	46.1638406494	60.1779589456	46.7983991908	58.9492857456	70.5337231689	61.3719370757	72.3541596975	60.9745674616	58.3099893244	64.1919011921	45.3118927445	57.42471629	59.7520262673
62.9592048417	45.0903769737	43.1174351958	56.2265534492	49.4066207599	48.0283994927	41.6436546309	57.1744946635	52.5067230172	57.5447913796	60.366208747	48.4443262831	61.9078661577	64.4754331397	57.582115463	60.4109670291	41.1315346613	57.356543391	67.4542336191	50.1249305374	94.2403082206	63.6080380235	38.4638658534	51.9102815059	52.5757585615	60.040526544	50.3895667202	44.4940515226	51.5135211717	49.5264162009	49.4533727944	60.0274252265	58.7189958554	43.49735023	50.7366983319	56.0196521809	43.0015562396	71.6881045598	55.8090859926	55.061245444	49.8767459089	55.3370492137	44.9205795719	53.576509532	70.9179103853	59.3404155826	72.361844306	52.4513478483	51.9762779681	69.9418048508	50.4582736635	65.3562873109	46.9568182066	56.4799719114	45.9093205823	58.1064682545	54.3652952683	47.4789224246	53.1235863808	60.1922321874	63.9798660016	41.6731005201	43.1795885377
65.3620211264	66.4644233794	57.1288574008	82.6849857575	76.5301812481	71.6062836418	58.601808995	51.8498897121	71.7689618832	70.4150956456	66.3527860787	75.7299254442	80.1124373961	54.6795836995	59.6141017343	48.6403245151	73.4191369133	76.9142661287	76.6038466474	83.6867006528	63.6080380235	94.2403082206	62.9701233281	71.7510754725	76.8704800402	60.5103540002	72.5909861721	67.7622550459	62.565357681	68.3216954545	47.5265446292	60.728591542	84.5375429923	52.6890465921	82.2410476466	56.2094216743	63.4951911174	66.0872712648	57.1469871533	66.7835083094	61.9376959397	47.0454183389	77.3247360529	68.2310456134	64.8312375687	61.003660901	56.2833744036	72.5869905881	71.9925861224	59.2368158118	52.7883002173	70.8048841644	52.5886294871	67.4976395856	67.7692542745	63.8703927754	78.5252553097	68.9853876495	65.8649176493	69.4868184678	52.6481264543	66.596574192	63.2278360556
51.0179157091	55.1806916401	53.8442626363	68.2460318565	60.0513448067	49.0454386739	37.6002270588	41.7158128851	56.0339034025	51.8914726353	45.1401431915	63.2187009807	58.4262256273	47.7118790308	40.1246143014	29.9265471447	59.8530872107	60.0957088442	58.5503729665	56.9610928263	38.4638658534	62.9701233281	94.2403082206	62.4376312022	61.845664494	45.922072569	58.7129008336	46.6908702715	35.5886628702	53.4690938748	30.1268942755	48.6129731966	65.7291268876	45.6975141701	58.038987273	41.4864036297	66.7485993942	45.9659045322	49.3398420315	47.047886783	45.2377638748	29.3557006232	56.2711342779	54.7425642768	49.1655504374	44.4831302626	35.2655643891	53.6575301987	49.4857177575	35.7842821544	39.2710295102	50.1189222927	38.260881706	53.2702934174	58.3471110438	46.132878712	58.9640188403	51.7706842779	63.4730524176	47.2992970725	35.122635559	60.496151284	41.3740292914
55.2135374779	63.7201784597	48.3308849487	74.682402665	69.0155179653	64.7599701068	51.3134243672	41.1154477511	68.0212898008	62.2208808045	55.8669940345	66.5922899605	69.7219747474	51.1203102686	32.7543029866	34.4493091664	64.1179108647	64.5815058756	60.3881148545	66.2253979228	51.9102815059	71.7510754725	62.4376312022	94.2403082206	72.9920635191	64.1834917862	65.578215018	49.7808216618	35.5091960214	54.6789403595	42.5571592995	56.2565477771	76.2219635667	44.8084056582	64.875955855	39.0553962916	57.0507945613	48.022947209	53.7019513132	48.4751717999	55.3139272048	29.3367019695	62.3914025996	53.7970554748	51.5405413521	43.8750148217	46.8780411969	60.1661863204	69.5611824434	41.8215061943	42.8786646018	57.3683512752	45.8387481982	58.8995459631	56.592151707	58.7746211398	75.7029105718	56.5451564791	67.7116644026	44.63325375	42.9952543708	65.1600510457	52.4690187897
54.6127569615	72.8791023171	58.8050936806	82.5910938251	72.048029985	69.5000676925	56.9606887188	39.8897018185	71.5309892762	72.6842837731	56.0815091231	72.0576788863	78.8012137098	40.8455389721	35.097791265	28.9323182515	68.5639561311	65.8215367201	61.3415619004	70.1314864607	52.5757585615	76.8704800402	61.845664494	72.9920635191	94.2403082206	60.0034310321	69.7048247801	57.07648405	42.1523764432	57.2407573234	33.585561046	48.9868947436	83.7116052206	54.1893204225	70.8860251996	40.5712287078	58.5352103507	47.4368804854	49.7924071999	45.3549169691	51.3550566895	34.4618518781	69.7490104204	61.1459923142	53.0523402977	50.0700058679	46.5789906827	62.4008353087	68.6268733533	42.8816167134	39.8743568172	58.2763166929	44.4586920378	59.4079163648	72.9509601067	54.1273610025	83.0917173949	57.2024385553	71.7126742078	52.1813696904	46.443175271	70.1858064064	44.2564158558
59.7277514459	57.4763745471	43.1021567253	67.1948474829	59.5441764945	57.9265921884	55.9486029205	48.3771238004	56.6770101729	57.4957440359	52.0380271659	55.2604242575	61.4965507554	62.4932694024	42.8553042123	47.2479730263	47.8671940792	62.8548622592	61.1386209138	55.3423973084	60.040526544	60.5103540002	45.922072569	64.1834917862	60.0034310321	94.2403082206	61.1501193306	55.3086300787	45.3698616131	50.9091397332	44.8125842764	58.0994933332	67.0900670303	51.8931185539	58.3225431984	57.0090321063	53.4530139945	57.5315560412	57.8924356208	56.4886433368	49.568885674	35.2694283501	52.3047397234	50.8381276759	59.7580268534	37.4491237534	51.8153144571	55.9774115887	57.9280756236	52.2156564208	53.5346163324	62.2010642089	51.2456825849	70.2174655736	53.4924089703	60.0329143989	62.3013511743	46.5789521121	63.7624355444	46.4077689391	52.1530314146	45.8699614861	38.2730009768
61.31168082	61.2818522935	65.2434496908	75.2983510321	62.0128295546	65.7929623258	57.729975377	42.7504904315	66.6560761702	52.1000229229	53.5324831969	66.1550005774	72.7466858959	39.3636369457	46.4770295844	39.3562189077	55.0303335203	73.2675966067	69.5293551603	60.0562410536	50.3895667202	72.5909861721	58.7129008336	65.578215018	69.7048247801	61.1501193306	94.2403082206	58.0674594083	43.0117639805	43.8026927733	43.6763416125	57.9415148827	75.4698249918	53.6457491657	65.3080708104	52.7730149225	60.8961375175	56.7310817227	48.7954601067	57.6038247079	46.2872683184	43.4094222173	62.5057448047	63.5226085389	59.6875572061	62.7522042674	45.8556910848	61.0444324714	63.6946155971	45.1760497797	46.7996423088	69.5874919958	54.8399666098	64.8443499352	64.7160089801	68.1490927307	76.9018592947	65.5005045664	58.2671982105	57.7804055207	54.0596395689	62.0392669697	47.9430718481
54.3447898421	53.5401060383	47.1524248082	67.0782803434	58.1632996691	50.2303196983	51.3437767552	50.6628530373	58.1160989612	47.9420060171	50.4103506052	62.9835398074	61.2699050548	50.3707853398	55.4103161676	47.9323591782	58.1979331056	63.7376715263	63.500060737	63.0227678562	44.4940515226	67.7622550459	46.6908702715	49.7808216618	57.07648405	55.3086300787	58.0674594083	94.2403082206	54.6047258478	50.675781193	38.0149083336	51.0935732636	62.9909407477	43.2853255935	65.2960564867	50.3204420343	51.9225555743	54.435315343	49.1288558728	61.9947730069	48.8244018347	37.0443388521	57.4197125012	56.0556858538	50.8260218738	44.179359388	34.6332223517	64.1212262615	52.8365661997	55.8232561865	45.2750289461	61.6904845043	42.8855227895	56.4078877167	51.1104641959	54.9864043107	60.7603679405	58.4261576353	43.857644866	45.3079694799	48.3775696471	47.7389009208	43.8361978387
49.9433073684	43.012401081	29.0459074737	54.1619725815	54.5053235992	41.8609283966	37.8510540529	51.8946993792	39.3956938845	47.353572067	46.7654010001	53.0996279085	53.0501620765	46.282144899	51.0904346307	44.3836234899	55.7950177262	50.6336389085	58.561420912	65.4517385156	51.5135211717	62.565357681	35.5886628702	35.5091960214	42.1523764432	45.3698616131	43.0117639805	54.6047258478	94.2403082206	53.6366001	43.4406438958	44.9617300397	51.9413101028	44.3035851222	62.1993302862	46.1906508327	34.4413986597	60.4980100878	47.1935377081	57.703935739	48.9709517012	39.8005923821	57.7887496989	39.3884400784	50.9087547423	47.5793568928	48.3487238653	51.7443953926	35.000871128	60.3685785012	47.9783028072	57.5739195372	42.6436827071	55.8481275034	47.6708568521	49.3359726002	42.9258341321	44.8248749214	36.9835275124	57.6288184771	48.4376797739	30.068389314	46.0637668451
52.484377499	51.957712348	37.9919194031	64.1689348615	64.2962683529	51.9798111836	53.1418347121	58.8532214032	55.8175111863	54.5150912257	48.5700191428	59.5403516435	56.5769663623	60.5517027545	47.5230518919	33.088424219	63.3154219747	59.8029166847	66.8523436102	66.6939550168	49.5264162009	68.3216954545	53.4690938748	54.6789403595	57.2407573234	50.9091397332	43.8026927733	50.675781193	53.6366001	94.2403082206	36.5093966117	41.712504372	65.0250697131	41.9372329988	69.2593237549	43.5597088205	61.9744954933	58.8079006612	56.9716959955	58.0975726941	59.6226415132	40.1278424575	61.237587074	49.3381865607	57.0767850094	40.4988603082	47.1688619885	64.9812557703	54.7789639625	57.0733197067	61.3629484602	58.2227028789	43.3222779618	55.9183257541	47.0210856281	50.7977058566	54.3136723741	63.1529781157	58.0954989796	49.8115118665	41.6433268801	55.7132633878	43.5586782321
45.1985333929	30.6239214587	24.7810310079	41.3892048361	33.1939864688	44.9301372543	39.4508931592	47.1177502443	35.589336136	39.1436578965	57.8975115199	35.9913247308	39.2718638829	36.2996695045	49.0230324968	42.5030110501	32.0403056081	43.0477375487	58.6793237101	42.5715727992	49.4533727944	47.5265446292	30.1268942755	42.5571592995	33.585561046	44.8125842764	43.6763416125	38.0149083336	43.4406438958	36.5093966117	94.2403082206	49.4191018476	42.794295699	36.4429207823	47.3345773865	45.1930836685	38.2936003636	59.105095734	46.0295814894	54.3803596635	41.9498612795	33.5903471849	35.9048160369	38.9970804932	49.8373136999	44.9242385819	43.9852111509	51.4302482998	44.0340216252	46.5635575012	30.4682931006	53.398785796	55.1442633844	49.8721989273	35.5150239987	48.8286516727	43.3503919812	36.504254803	37.7774716772	60.5104913575	45.3868985674	22.3172858565	41.3828502906
60.4094834484	39.4568648026	47.7187861716	58.753360259	47.2499825618	57.1496622727	41.0561869867	49.5434420547	48.6236232677	44.5381562505	59.2434744083	49.4252882103	59.193171796	54.7236666993	59.0739038763	46.6811885825	44.7626744299	58.006049636	63.4313962453	51.4860960761	60.0274252265	60.728591542	48.6129731966	56.2565477771	48.9868947436	58.0994933332	57.9415148827	51.0935732636	44.9617300397	41.712504372	49.4191018476	94.2403082206	57.750603418	43.6763858378	50.6108136553	45.5898097062	59.3846730257	59.4750432423	54.6368341673	57.2946252848	56.1841047213	49.1602745682	42.3278864697	53.5969913239	60.5349776694	54.1807599528	55.5096276966	52.3060328923	62.4894819136	54.9312695365	50.7594282169	62.8697416218	50.7243949526	66.2677965829	47.5521741889	61.4672780245	60.3907894884	60.3264350649	49.7138578126	51.3295571368	61.296607339	52.0222042333	59.1950183605
62.3135305411	78.1105122274	58.5259778731	90.4409757163	84.3275480585	77.011677603	61.1189782895	45.0845874399	79.8440141431	72.5055102985	61.5369052886	82.4866226945	81.4928954046	53.243149459	49.2999615158	41.2961738552	77.3377925628	75.4449093424	71.4049886831	79.9700336706	58.7189958554	84.5375429923	65.7291268876	76.2219635667	83.7116052206	67.0900670303	75.4698249918	62.9909407477	51.9413101028	65.0250697131	42.794295699	57.750603418	94.2403082206	57.1626755917	81.9668045415	50.6290881957	61.2399910142	61.2356028704	55.3206300811	54.6693367454	54.112202932	42.7863016327	80.7706359624	65.1522053393	61.0046633208	55.4641730173	52.0628540378	70.397704561	73.3482474449	52.3201199078	50.5394845233	68.326979323	51.4771962366	67.0881763266	77.3637797294	65.5628979809	86.0088481059	65.5297605273	70.7898769177	63.6378048337	50.9596793859	67.2317353726	50.5760098021
50.2306599709	51.3798282266	47.0921531632	54.426946478	49.5915417687	46.7847072786	36.305226181	39.9224605839	46.904963236	51.5573893955	53.9840439983	48.9561357445	46.4767066782	38.6342449876	38.6627760531	28.3467241604	42.9329845837	57.7676035804	59.5475336313	47.2943625285	43.49735023	52.6890465921	45.6975141701	44.8084056582	54.1893204225	51.8931185539	53.6457491657	43.2853255935	44.3035851222	41.9372329988	36.4429207823	43.6763858378	57.1626755917	94.2403082206	51.319675963	56.1772868467	41.4922102349	53.9517322415	51.5362280896	49.4108807177	30.2205296745	26.0058557187	52.2180030566	49.5180132587	53.8461250546	45.8892646194	32.1545608633	48.9475279575	39.9078827831	49.7355557147	35.5386737552	61.0443611848	48.1491974439	53.0703488932	55.7223730511	52.5777198962	50.0237184324	43.2041468028	50.210057683	55.9400509674	44.4907360996	36.7830012879	24.2277343378
53.7381351065	73.3382608187	46.6670795839	83.7390313433	84.8613842085	73.450016575	60.5942036732	49.4155218429	74.0210355575	64.1053547135	61.1346845994	82.6863088391	76.8611322621	48.6834726405	50.8752944513	40.8171468219	82.1038144503	73.2582111714	71.438915889	86.8910399503	50.7366983319	82.2410476466	58.038987273	64.875955855	70.8860251996	58.3225431984	65.3080708104	65.2960564867	62.1993302862	69.2593237549	47.3345773865	50.6108136553	81.9668045415	51.319675963	94.2403082206	51.2401373015	54.5167746812	61.3006529961	60.0538199089	66.2218608586	57.3765235658	36.5700053932	88.0060810731	62.7391557866	58.5275352401	51.7350880339	44.7321140886	76.2527062133	63.4165910879	52.9059998686	52.6913220433	63.1199892189	50.9989295707	63.763130613	71.3377103485	63.1442359991	74.207195854	64.3940615345	58.2329793172	62.9365815424	45.2833532078	57.0329670886	51.6950745351
58.935416509	41.0882088221	36.8758657566	50.6872843207	45.3784198582	41.4963767799	40.1583170573	58.0950416762	45.3894877685	43.5884561887	59.107031087	45.6505896512	49.9385916695	53.0923651392	56.574288621	48.3741970162	37.3411321932	58.1362193774	64.5365440486	48.5392104747	56.0196521809	56.2094216743	41.4864036297	39.0553962916	40.5712287078	57.0090321063	52.7730149225	50.3204420343	46.1906508327	43.5597088205	45.1930836685	45.5898097062	50.6290881957	56.1772868467	51.2401373015	94.2403082206	47.7139806555	68.6861909502	57.615946205	62.6451936983	41.7401295824	43.0048130044	45.2564203446	58.165299752	69.4129296584	54.2012475903	45.2949894921	59.3253226657	36.4254558451	60.9161226632	43.1271595074	69.7785279128	53.3002184112	55.6633348823	41.8290178678	51.6134609629	42.6136653628	40.7499000709	47.0115835215	59.0701643193	50.1214251223	28.0377390358	37.5677151977
53.1732665083	44.9588120295	53.28119881	61.7976535458	50.9151101305	50.0004934284	53.3428792392	50.5326005718	49.0088719619	46.1712457761	55.8578990089	56.592868304	50.3685482759	51.7566012802	48.3762979388	34.657666707	51.8499155169	65.8206003483	66.3659417253	51.5580164095	43.0015562396	63.4951911174	66.7485993942	57.0507945613	58.5352103507	53.4530139945	60.8961375175	51.9225555743	34.4413986597	61.9744954933	38.2936003636	59.3846730257	61.2399910142	41.4922102349	54.5167746812	47.7139806555	94.2403082206	50.5135413323	50.6756109465	51.9308043318	44.9115320668	33.8942743294	47.9442891372	53.2702807381	59.7525550475	48.2267968571	44.9962795789	60.1606867229	59.9496965393	42.3233154828	50.5416595789	59.9756529245	50.2366400584	60.3701680799	53.6478078814	54.4493021024	60.4466829718	66.2076659465	58.8560547625	41.7720660616	49.2024746225	60.752914186	46.3856115653
70.4242039051	48.1813208527	42.9306093163	58.9929096433	54.6186150413	51.9838122831	47.5542993342	69.5681849874	50.8497231342	53.3993756612	63.1714851205	54.4096349801	56.6107830984	61.3373913804	68.2122285279	61.9205979406	45.5007654318	65.5108314228	79.6543425408	63.1103219107	71.6881045598	66.0872712648	45.9659045322	48.022947209	47.4368804854	57.5315560412	56.7310817227	54.435315343	60.4980100878	58.8079006612	59.105095734	59.4750432423	61.2356028704	53.9517322415	61.3006529961	68.6861909502	50.5135413323	94.2403082206	59.799806636	70.7768265189	57.535085084	59.8444073324	55.262724133	57.282526452	76.3878755582	67.5134341573	62.4964430897	62.4224435043	52.2483196787	77.0486552984	50.879940013	78.9279112379	58.8814605224	66.3894549249	49.0876336913	70.032117941	54.6957765883	52.1432218333	46.5431003301	73.6232435144	65.7222442087	37.6144194177	53.5358681334
55.3443456152	48.8337424931	36.9109698238	56.4435453805	52.4636913227	52.2143793346	50.9380907587	59.3390108542	54.8904288737	52.5270763977	61.2514657175	49.8896545639	57.6416827187	56.5908730714	50.0191643335	39.7049466615	50.7049826646	57.8314267275	65.3470890462	54.1426113109	55.8090859926	57.1469871533	49.3398420315	53.7019513132	49.7924071999	57.8924356208	48.7954601067	49.1288558728	47.1935377081	56.9716959955	46.0295814894	54.6368341673	55.3206300811	51.5362280896	60.0538199089	57.615946205	50.6756109465	59.799806636	94.2403082206	70.601254154	63.0416062385	44.2357179129	49.0246995005	57.1773459279	66.0961569995	52.1284831787	46.4945963156	57.7642054333	50.3740750759	52.9401695958	61.4027713906	62.0881165396	46.878666948	59.7736268472	42.8089857546	56.1097666192	54.0923499933	57.153706	56.9919519145	46.3376436984	49.1037537051	44.5912839738	46.8496370546
55.6692123973	42.9063130753	36.2546900157	55.5697109057	52.3491830437	55.7135592794	49.6431539627	70.107785868	56.32493015	50.4888850952	62.2926101806	52.1341098287	58.6258502822	49.6224882295	64.1096051047	55.5314303825	49.8703981171	62.4005339055	75.9984808145	59.3221482627	55.061245444	66.7835083094	47.047886783	48.4751717999	45.3549169691	56.4886433368	57.6038247079	61.9947730069	57.703935739	58.0975726941	54.3803596635	57.2946252848	54.6693367454	49.4108807177	66.2218608586	62.6451936983	51.9308043318	70.7768265189	70.601254154	94.2403082206	62.8970542326	48.2553237193	55.0323068493	67.1152044966	69.9317793369	61.2120623876	48.0198952654	61.1483604377	50.7625632315	66.1302627032	57.7021094149	70.6202519519	57.5193037496	64.5874769442	41.7879728237	58.64577396	51.2725158214	54.1479345385	49.9377582842	59.2091817558	55.6008292116	44.8078096182	53.345067516
49.9563505273	42.8402506227	28.2211308875	55.6544792259	51.4521735404	57.9446669413	53.0253890634	54.8460596042	50.0568732352	46.572107744	50.1991732478	45.1613666879	55.1898763036	48.8408412383	44.4631260093	24.8827632528	49.1138758572	46.990089751	61.7654891652	58.1311417896	49.8767459089	61.9376959397	45.2377638748	55.3139272048	51.3550566895	49.568885674	46.2872683184	48.8244018347	48.9709517012	59.6226415132	41.9498612795	56.1841047213	54.112202932	30.2205296745	57.3765235658	41.7401295824	44.9115320668	57.535085084	63.0416062385	62.8970542326	94.2403082206	43.9982282081	49.7277975717	51.8455261173	60.3058698158	53.9313009887	52.3327357396	52.1716032522	55.2915325362	56.085421686	53.8389839787	57.3214024659	40.4811824996	52.8128996642	41.6256460833	56.0147284609	52.4383075566	49.2524192658	53.6321619061	50.4343561322	45.2100202023	51.6336571864	60.1067938072
56.1092333873	26.6211388943	33.7035199177	41.7990835093	33.2341916018	37.3137762753	31.3488577524	59.7435959848	39.4698194179	30.1607902911	49.4983315616	34.1911937662	45.9965434728	41.7781387834	53.4645920841	48.371884192	27.7954222406	47.7735676009	57.2909018468	39.9551272519	55.3370492137	47.0454183389	29.3557006232	29.3367019695	34.4618518781	35.2694283501	43.4094222173	37.0443388521	39.8005923821	40.1278424575	33.5903471849	49.1602745682	42.7863016327	26.0058557187	36.5700053932	43.0048130044	33.8942743294	59.8444073324	44.2357179129	48.2553237193	43.9982282081	94.2403082206	31.3034724274	47.7705156752	60.4963434066	55.4215059187	44.0279428203	34.3632416513	40.3101470133	48.4122849949	37.0357445662	50.4359516257	29.4435010505	32.9757529882	28.517714428	36.191672554	40.5654297598	40.91659368	36.8588191225	44.9123351334	55.1126692423	34.3854997694	46.8605611379
49.0144927137	74.9951868922	43.1839686988	82.2069699233	88.7490802331	66.4479220028	53.1626854056	41.0019226243	72.8438920828	61.8242698536	53.2631404058	81.9124974376	70.4823875005	42.0013296768	42.3042977833	35.6661501551	78.5810397161	69.4781633227	63.1047737142	84.5170083457	44.9205795719	77.3247360529	56.2711342779	62.3914025996	69.7490104204	52.3047397234	62.5057448047	57.4197125012	57.7887496989	61.237587074	35.9048160369	42.3278864697	80.7706359624	52.2180030566	88.0060810731	45.2564203446	47.9442891372	55.262724133	49.0246995005	55.0323068493	49.7277975717	31.3034724274	94.2403082206	55.7740296152	50.1674542923	46.3261804827	38.8243521456	68.0527902359	55.9306739694	46.5270247316	42.8717783165	58.698720224	43.93621261	56.3863544715	75.3722838544	55.6127050758	71.9256684999	57.2029911636	54.1344609208	58.0212817325	39.8445109185	55.9647623975	42.0478688283
49.1216292293	46.2737637107	50.6657880927	65.1491785093	59.2140408363	58.1678862237	44.8634990991	56.215485462	67.021238875	57.6879351076	60.7353944116	59.9483767549	66.4704052016	42.6288474765	53.1684883568	43.1052166881	55.3054715275	66.0962982162	66.9326282598	53.9925704299	53.576509532	68.2310456134	54.7425642768	53.7970554748	61.1459923142	50.8381276759	63.5226085389	56.0556858538	39.3884400784	49.3381865607	38.9970804932	53.5969913239	65.1522053393	49.5180132587	62.7391557866	58.165299752	53.2702807381	57.282526452	57.1773459279	67.1152044966	51.8455261173	47.7705156752	55.7740296152	94.2403082206	63.5346351942	63.5291390943	41.4789198978	59.4502382255	50.8531884392	52.3003673426	44.5963519829	61.8324127611	50.0281945774	57.4069741273	49.1070732354	46.0734215962	59.5372829307	49.5554489786	53.5344846374	51.9979645876	50.1257728161	48.9151256699	40.0147114278
65.1727312725	45.0197756689	45.9319051433	59.3413736959	52.6231064926	58.1703068464	49.6941641881	69.0194608582	54.3013610883	50.153112847	66.7809090154	52.238594907	60.5163628864	61.3365604686	62.616457901	54.1460796905	44.1793885784	61.8953290835	78.0284331231	53.9952792753	70.9179103853	64.8312375687	49.1655504374	51.5405413521	53.0523402977	59.7580268534	59.6875572061	50.8260218738	50.9087547423	57.0767850094	49.8373136999	60.5349776694	61.0046633208	53.8461250546	58.5275352401	69.4129296584	59.7525550475	76.3878755582	66.0961569995	69.9317793369	60.3058698158	60.4963434066	50.1674542923	63.5346351942	94.2403082206	72.7161193982	65.2681925597	59.2743783996	56.1879968516	64.2361495442	59.0760707021	78.8292726794	57.0772349143	63.0561852026	48.8263830135	65.5432974846	56.1234433877	56.0250099212	57.7216223764	62.4803811686	68.1451376312	46.4449937636	52.2310249639
53.0988640158	36.9710915562	56.0656044443	53.3085397258	44.43521527	57.8590087271	43.8219918823	54.6004157133	47.6662559323	46.1327264999	62.5902268108	45.6852229473	58.6734663486	38.5401812025	56.5636878753	49.1291112461	38.1342197475	58.7686137347	68.9583502008	47.2446109491	59.3404155826	61.003660901	44.4831302626	43.8750148217	50.0700058679	37.4491237534	62.7522042674	44.179359388	47.5793568928	40.4988603082	44.9242385819	54.1807599528	55.4641730173	45.8892646194	51.7350880339	54.2012475903	48.2267968571	67.5134341573	52.1284831787	61.2120623876	53.9313009887	55.4215059187	46.3261804827	63.5291390943	72.7161193982	94.2403082206	55.7955715882	54.3758336272	51.5359564113	54.7454508903	47.606197034	66.9563950833	48.0696663714	51.1176958928	47.4693574151	59.6215773472	56.8258917933	52.2902830695	42.8762585304	67.7892300765	60.4953231141	44.6355934375	49.1998795519
53.4746972668	36.5768587301	38.8788424558	49.5210217847	40.402552426	47.3019893773	40.0088554353	47.5623677552	38.68836897	48.1057790077	47.665975869	38.9365409959	51.8926712312	55.6518943193	47.0083285558	51.0749588381	38.1168189564	46.7943057283	58.2144181221	47.162719862	72.361844306	56.2833744036	35.2655643891	46.8780411969	46.5789906827	51.8153144571	45.8556910848	34.6332223517	48.3487238653	47.1688619885	43.9852111509	55.5096276966	52.0628540378	32.1545608633	44.7321140886	45.2949894921	44.9962795789	62.4964430897	46.4945963156	48.0198952654	52.3327357396	44.0279428203	38.8243521456	41.4789198978	65.2681925597	55.7955715882	94.2403082206	45.2851411117	48.9136105961	54.227691001	49.2694358719	59.2179748501	42.1810549212	53.1227969331	40.8450396509	54.7230781096	47.7065244567	42.955273462	53.0177609765	56.3989116322	54.1218286596	41.5047981905	52.7334396976
55.2793722972	57.2212617161	54.2949210346	73.1868637061	68.4774589152	64.2334875774	62.9623873743	48.4626441674	62.829908891	54.4923165315	61.15212995	66.5730193361	70.5556664864	51.7168131059	57.0385795497	42.3453659052	65.7951333658	69.8838269085	70.3300363108	71.3819444528	52.4513478483	72.5869905881	53.6575301987	60.1661863204	62.4008353087	55.9774115887	61.0444324714	64.1212262615	51.7443953926	64.9812557703	51.4302482998	52.3060328923	70.397704561	48.9475279575	76.2527062133	59.3253226657	60.1606867229	62.4224435043	57.7642054333	61.1483604377	52.1716032522	34.3632416513	68.0527902359	59.4502382255	59.2743783996	54.3758336272	45.2851411117	94.2403082206	59.6870080918	51.3248599681	47.7219239125	62.4345208569	53.4668130137	60.1767650411	59.3328133873	63.9609841394	65.8869565956	61.0463591183	55.8596649494	64.796419074	45.0834683808	47.776895077	47.2328872428
53.753064097	57.2949467116	52.7044502467	69.4542679256	57.6410569609	74.3270901001	58.1116201401	37.9270294405	63.6815592432	52.4247708183	60.4919245902	58.4438957976	68.4962850457	47.8283187163	40.492312704	32.8605822796	55.8440914937	62.0576825136	63.8907591177	61.8248799436	51.9762779681	71.9925861224	49.4857177575	69.5611824434	68.6268733533	57.9280756236	63.6946155971	52.8365661997	35.000871128	54.7789639625	44.0340216252	62.4894819136	73.3482474449	39.9078827831	63.4165910879	36.4254558451	59.9496965393	52.2483196787	50.3740750759	50.7625632315	55.2915325362	40.3101470133	55.9306739694	50.8531884392	56.1879968516	51.5359564113	48.9136105961	59.6870080918	94.2403082206	43.8917485957	46.2117835225	58.6344193762	44.3112932914	58.345238663	58.1336230446	61.0388724046	79.2172322343	61.913636837	59.4251923519	51.6022119959	48.3879960799	63.7201286104	56.8420319778
60.2391506551	43.6803977082	31.0407414756	51.4632161302	49.6712716733	44.1886799763	40.3242845492	66.9824243732	45.1233815387	53.6703762134	53.2309268144	49.596402966	52.7053647804	64.3201294084	57.6559505593	51.1142203967	43.4513174194	53.5387783761	70.1306610393	54.4559489637	69.9418048508	59.2368158118	35.7842821544	41.8215061943	42.8816167134	52.2156564208	45.1760497797	55.8232561865	60.3685785012	57.0733197067	46.5635575012	54.9312695365	52.3201199078	49.7355557147	52.9059998686	60.9161226632	42.3233154828	77.0486552984	52.9401695958	66.1302627032	56.085421686	48.4122849949	46.5270247316	52.3003673426	64.2361495442	54.7454508903	54.227691001	51.3248599681	43.8917485957	94.2403082206	48.7759764969	67.8227340504	47.8207086636	61.6787130322	43.3684549259	56.0525231169	46.754350121	46.361011528	41.1185157956	58.7966076483	66.3224244501	32.3669875852	46.4085738593
47.8956459219	40.1688032001	38.0741573748	48.9273332437	46.9361723183	48.0081035302	54.4235803576	55.2824463947	41.564778289	42.0769856355	44.9392331746	43.5525355738	48.5827682977	54.4550444401	50.1091387272	39.6814440643	44.095168891	46.7617147867	58.8526287144	46.1638406494	50.4582736635	52.7883002173	39.2710295102	42.8786646018	39.8743568172	53.5346163324	46.7996423088	45.2750289461	47.9783028072	61.3629484602	30.4682931006	50.7594282169	50.5394845233	35.5386737552	52.6913220433	43.1271595074	50.5416595789	50.879940013	61.4027713906	57.7021094149	53.8389839787	37.0357445662	42.8717783165	44.5963519829	59.0760707021	47.606197034	49.2694358719	47.7219239125	46.2117835225	48.7759764969	94.2403082206	57.0602455594	46.7560510659	59.1185145827	33.2638022324	57.5053010183	46.8664809	55.5286209866	46.2418607244	45.2585056166	36.6820758683	47.0910117752	40.7608769441
66.5323748389	56.2357220176	50.6208863021	66.6315174282	59.4374602455	57.6925723401	52.8605739567	64.338010803	58.1043171627	55.0708861053	62.5628149697	59.7349551569	62.0518767899	60.6142738995	66.2937118402	54.528458124	49.2174744776	69.3558484089	80.3418404084	60.1779589456	65.3562873109	70.8048841644	50.1189222927	57.3683512752	58.2763166929	62.2010642089	69.5874919958	61.6904845043	57.5739195372	58.2227028789	53.398785796	62.8697416218	68.326979323	61.0443611848	63.1199892189	69.7785279128	59.9756529245	78.9279112379	62.0881165396	70.6202519519	57.3214024659	50.4359516257	58.698720224	61.8324127611	78.8292726794	66.9563950833	59.2179748501	62.4345208569	58.6344193762	67.8227340504	57.0602455594	94.2403082206	54.8783376033	71.9620934733	57.1728249472	72.1073349675	63.4141176351	63.14920512	55.9984563805	68.3142583017	63.0253952942	48.794047171	54.6903142375
49.125899338	39.0456318339	35.3218816785	50.1129836662	43.6459461698	50.9972575727	45.8589974843	46.2231697646	42.7811913865	44.296351897	46.2910768801	47.5514191083	49.8652186693	33.6614090092	51.5471087789	39.6395220782	42.3278734848	51.9207786231	58.3213773188	46.7983991908	46.9568182066	52.5886294871	38.260881706	45.8387481982	44.4586920378	51.2456825849	54.8399666098	42.8855227895	42.6436827071	43.3222779618	55.1442633844	50.7243949526	51.4771962366	48.1491974439	50.9989295707	53.3002184112	50.2366400584	58.8814605224	46.878666948	57.5193037496	40.4811824996	29.4435010505	43.93621261	50.0281945774	57.0772349143	48.0696663714	42.1810549212	53.4668130137	44.3112932914	47.8207086636	46.7560510659	54.8783376033	94.2403082206	62.9905927727	44.2359125524	57.4906489154	47.2320291893	45.1025438777	43.8230676154	52.4475908054	50.1312530971	37.0361812077	35.5193065582
64.4191600729	54.8497789206	49.3401884191	67.3502506084	60.3898306515	57.3405429946	52.5765789506	55.2942819926	54.6936596665	56.582752947	53.2468282821	61.5983103492	63.6780291017	57.9852405103	51.9123683149	43.5462892498	54.647877101	65.5127196281	67.1328780219	58.9492857456	56.4799719114	67.4976395856	53.2702934174	58.8995459631	59.4079163648	70.2174655736	64.8443499352	56.4078877167	55.8481275034	55.9183257541	49.8721989273	66.2677965829	67.0881763266	53.0703488932	63.763130613	55.6633348823	60.3701680799	66.3894549249	59.7736268472	64.5874769442	52.8128996642	32.9757529882	56.3863544715	57.4069741273	63.0561852026	51.1176958928	53.1227969331	60.1767650411	58.345238663	61.6787130322	59.1185145827	71.9620934733	62.9905927727	94.2403082206	53.870446135	68.5883841623	62.2203517862	58.3753814606	57.4845726748	55.2138609518	56.2652782116	51.3794731991	49.4575534956
47.5544651522	79.1942677335	47.6759670633	76.7165529694	74.2827076677	65.5607504844	49.8523606505	34.0752931494	65.9442089356	62.595749513	50.1402504203	75.0300193893	64.1368448039	37.9652155875	35.3292065447	29.8630089875	68.4053109901	64.5359370455	61.0052770235	70.5337231689	45.9093205823	67.7692542745	58.3471110438	56.592151707	72.9509601067	53.4924089703	64.7160089801	51.1104641959	47.6708568521	47.0210856281	35.5150239987	47.5521741889	77.3637797294	55.7223730511	71.3377103485	41.8290178678	53.6478078814	49.0876336913	42.8089857546	41.7879728237	41.6256460833	28.517714428	75.3722838544	49.1070732354	48.8263830135	47.4693574151	40.8450396509	59.3328133873	58.1336230446	43.3684549259	33.2638022324	57.1728249472	44.2359125524	53.870446135	94.2403082206	60.4728387994	73.165177873	50.3863917831	56.218242087	53.0344284365	45.2311346292	56.0148692441	39.8468836166
60.6698588908	59.4455893963	51.2927788176	63.8459376599	56.8235755126	63.6482091411	64.4143948724	46.545285274	53.6122254691	52.0500072313	58.6890498436	55.1926020087	56.7845686576	50.8232759388	52.4055578747	45.6117141365	49.9860936815	67.6996575748	75.3226052462	61.3719370757	58.1064682545	63.8703927754	46.132878712	58.7746211398	54.1273610025	60.0329143989	68.1490927307	54.9864043107	49.3359726002	50.7977058566	48.8286516727	61.4672780245	65.5628979809	52.5777198962	63.1442359991	51.6134609629	54.4493021024	70.032117941	56.1097666192	58.64577396	56.0147284609	36.191672554	55.6127050758	46.0734215962	65.5432974846	59.6215773472	54.7230781096	63.9609841394	61.0388724046	56.0525231169	57.5053010183	72.1073349675	57.4906489154	68.5883841623	60.4728387994	94.2403082206	63.6789793801	63.7930345281	47.8283909471	62.4729587212	61.8543470374	50.2189258104	55.1118489684
58.1215833375	72.9940523088	59.6879753439	83.8286658766	73.8708946721	75.4621856072	63.0321227175	40.1069071619	75.9518191633	67.1958091971	61.2783936323	73.7793729383	78.1272138182	47.4973254891	42.5272953809	37.4227332666	67.7828645533	71.3468598463	66.4567389252	72.3541596975	54.3652952683	78.5252553097	58.9640188403	75.7029105718	83.0917173949	62.3013511743	76.9018592947	60.7603679405	42.9258341321	54.3136723741	43.3503919812	60.3907894884	86.0088481059	50.0237184324	74.207195854	42.6136653628	60.4466829718	54.6957765883	54.0923499933	51.2725158214	52.4383075566	40.5654297598	71.9256684999	59.5372829307	56.1234433877	56.8258917933	47.7065244567	65.8869565956	79.2172322343	46.754350121	46.8664809	63.4141176351	47.2320291893	62.2203517862	73.165177873	63.6789793801	94.2403082206	67.6911568093	66.9240362417	55.9845240513	50.9564376831	69.4192763623	49.4762919014
58.7605083707	52.7548608057	60.1200868379	66.8451404998	57.3026686385	54.5645689928	53.5542019944	42.2971128169	57.9616376823	44.3405103279	54.5940497872	59.9726695305	59.2267026192	52.6534484039	54.76247428	42.204428872	58.3032810083	73.2096260556	69.1754165565	60.9745674616	47.4789224246	68.9853876495	51.7706842779	56.5451564791	57.2024385553	46.5789521121	65.5005045664	58.4261576353	44.8248749214	63.1529781157	36.504254803	60.3264350649	65.5297605273	43.2041468028	64.3940615345	40.7499000709	66.2076659465	52.1432218333	57.153706	54.1479345385	49.2524192658	40.91659368	57.2029911636	49.5554489786	56.0250099212	52.2902830695	42.955273462	61.0463591183	61.913636837	46.361011528	55.5286209866	63.14920512	45.1025438777	58.3753814606	50.3863917831	63.7930345281	67.6911568093	94.2403082206	43.1545904107	44.8839186522	50.4354703344	64.1362096476	51.6171488089
49.6137667719	57.3033070358	46.0534508322	68.9395970136	58.8684806756	61.9094158653	55.7898738329	45.9880923213	60.7061265773	64.5420305956	52.3101793734	57.7584454072	65.9238022942	54.7130450381	33.8000041412	28.6114034756	56.0443175947	53.4969297236	56.6214416823	58.3099893244	53.1235863808	65.8649176493	63.4730524176	67.7116644026	71.7126742078	63.7624355444	58.2671982105	43.857644866	36.9835275124	58.0954989796	37.7774716772	49.7138578126	70.7898769177	50.210057683	58.2329793172	47.0115835215	58.8560547625	46.5431003301	56.9919519145	49.9377582842	53.6321619061	36.8588191225	54.1344609208	53.5344846374	57.7216223764	42.8762585304	53.0177609765	55.8596649494	59.4251923519	41.1185157956	46.2418607244	55.9984563805	43.8230676154	57.4845726748	56.218242087	47.8283909471	66.9240362417	43.1545904107	94.2403082206	53.031965798	39.8807242971	64.6357552098	46.4194392097
61.0622834657	47.180841338	43.1244630745	58.8170325368	53.1202830885	58.726359943	51.6187132905	50.3315710118	44.7867825537	52.4460035721	61.9835308283	50.6981590415	59.2181223914	44.8780883509	63.9947696756	47.8629528904	45.5567719134	59.0693730942	70.5949162944	64.1919011921	60.1922321874	69.4868184678	47.2992970725	44.63325375	52.1813696904	46.4077689391	57.7804055207	45.3079694799	57.6288184771	49.8115118665	60.5104913575	51.3295571368	63.6378048337	55.9400509674	62.9365815424	59.0701643193	41.7720660616	73.6232435144	46.3376436984	59.2091817558	50.4343561322	44.9123351334	58.0212817325	51.9979645876	62.4803811686	67.7892300765	56.3989116322	64.796419074	51.6022119959	58.7966076483	45.2585056166	68.3142583017	52.4475908054	55.2138609518	53.0344284365	62.4729587212	55.9845240513	44.8839186522	53.031965798	94.2403082206	49.9794338764	36.9225367827	52.4310419014
56.5529747958	41.2843057904	43.9886716966	51.7889632178	41.6620062404	48.4642180268	41.5439478213	62.2628373226	47.4845285794	45.9483718276	59.8375950625	45.6684772396	52.5073812386	51.8471003476	50.3172860416	53.6344168259	35.9028487267	60.1741334926	67.5635937693	45.3118927445	63.9798660016	52.6481264543	35.122635559	42.9952543708	46.443175271	52.1530314146	54.0596395689	48.3775696471	48.4376797739	41.6433268801	45.3868985674	61.296607339	50.9596793859	44.4907360996	45.2833532078	50.1214251223	49.2024746225	65.7222442087	49.1037537051	55.6008292116	45.2100202023	55.1126692423	39.8445109185	50.1257728161	68.1451376312	60.4953231141	54.1218286596	45.0834683808	48.3879960799	66.3224244501	36.6820758683	63.0253952942	50.1312530971	56.2652782116	45.2311346292	61.8543470374	50.9564376831	50.4354703344	39.8807242971	49.9794338764	94.2403082206	42.6169009891	48.5331589073
45.8024279238	55.1021908411	60.3747231426	67.5144668138	54.966700273	59.4083029725	53.1728451419	34.6238672809	65.5712310973	56.0921152007	51.0726355789	57.4589702121	63.713982511	36.5578876637	28.7451410915	26.5625756987	54.2457634972	58.2882390387	58.9072025352	57.42471629	41.6731005201	66.596574192	60.496151284	65.1600510457	70.1858064064	45.8699614861	62.0392669697	47.7389009208	30.068389314	55.7132633878	22.3172858565	52.0222042333	67.2317353726	36.7830012879	57.0329670886	28.0377390358	60.752914186	37.6144194177	44.5912839738	44.8078096182	51.6336571864	34.3854997694	55.9647623975	48.9151256699	46.4449937636	44.6355934375	41.5047981905	47.776895077	63.7201286104	32.3669875852	47.0910117752	48.794047171	37.0361812077	51.3794731991	56.0148692441	50.2189258104	69.4192763623	64.1362096476	64.6357552098	36.9225367827	42.6169009891	94.2403082206	51.9139987578
56.5051013391	38.1693751917	38.9879803214	49.6629197691	40.8743105929	50.6462502082	42.5071353331	47.9365623442	38.2870216947	40.6206638321	51.3692291431	44.8670119452	53.5575797356	44.5743395264	51.3608409305	45.2419192887	46.5675653277	48.0943596457	56.9529701535	59.7520262673	43.1795885377	63.2278360556	41.3740292914	52.4690187897	44.2564158558	38.2730009768	47.9430718481	43.8361978387	46.0637668451	43.5586782321	41.3828502906	59.1950183605	50.5760098021	24.2277343378	51.6950745351	37.5677151977	46.3856115653	53.5358681334	46.8496370546	53.345067516	60.1067938072	46.8605611379	42.0478688283	40.0147114278	52.2310249639	49.1998795519	52.7334396976	47.2328872428	56.8420319778	46.4085738593	40.7608769441	54.6903142375	35.5193065582	49.4575534956	39.8468836166	55.1118489684	49.4762919014	51.6171488089	46.4194392097	52.4310419014	48.5331589073	51.9139987578	94.2403082206
Genotype stats (X^T * X): 	56.7549019608
Gene expression - Genotype stats (Y^T * X): 
-18.4648608409	-13.070961893	-11.9776764285	-16.4097307276	-17.3073419021	-15.3378824707	-23.1864179133	-15.7132761238	-9.04817936891	-13.2703508513	-21.1814558	-14.8482721963	-11.1600897365	-16.261404401	-17.1251813034	-21.0834515515	-17.3627806337	-22.483687454	-27.0620021904	-22.816473119	-19.5280932483	-19.8128879636	-13.1466856035	-10.3716749819	-10.9007584937	-17.3336090554	-10.5416983376	-16.3915036108	-18.1084140978	-27.6168646204	-21.7165548251	-11.7884659043	-16.5544409208	-13.244543681	-21.8781146564	-15.8272646218	-17.4832824847	-30.1881265726	-17.3490710172	-23.5540445464	-23.3116296335	-14.7235546399	-19.8689709813	-10.9468448661	-20.0067951772	-19.2144692786	-16.0918570969	-23.8232063037	-23.2838971266	-23.6543903758	-11.5066926762	-18.7121008063	-15.1729874369	-16.345110393	-9.98609476986	-21.9416086135	-16.9212796192	-22.8550288509	-6.84630306517	-24.5530765295	-13.9584227382	-11.0041492831	-15.1399586994