Tissue	braincerebellum
N_samples	102
Chr	19
Gene	ENSG00000063180.4
SNP	rs2303147
Gene_list	ENSG00000184524.5	ENSG00000187730.6	ENSG00000103316.6	ENSG00000139899.6	ENSG00000105711.6	ENSG00000063180.4	ENSG00000104888.5	ENSG00000135439.7	ENSG00000101210.6	ENSG00000162188.5
Gene expression stats (Y^T * Y): 
94.2403082206	73.7213138945	60.2198743079	66.2422585826	77.4420733068	68.5302331562	59.8262354265	76.8764205837	73.250981446	61.0048761637
73.7213138945	94.2403082206	62.3761403789	57.5232683834	74.7865357065	64.6454535414	61.193165942	73.0346830003	75.3553983038	51.38197787
60.2198743079	62.3761403789	94.2403082206	75.3266120678	62.1532371697	59.7110105099	72.5379148084	68.4803952236	61.0508308225	56.0599379769
66.2422585826	57.5232683834	75.3266120678	94.2403082206	62.8408011394	57.6848044718	68.9601423656	61.4163035195	56.894977457	55.8550123368
77.4420733068	74.7865357065	62.1532371697	62.8408011394	94.2403082206	62.5103420851	58.1624199207	70.3157848157	79.1233142257	52.8836689941
68.5302331562	64.6454535414	59.7110105099	57.6848044718	62.5103420851	94.2403082206	62.1126360591	62.8917594451	62.6941330922	60.8445203983
59.8262354265	61.193165942	72.5379148084	68.9601423656	58.1624199207	62.1126360591	94.2403082206	58.8661860218	62.8768174593	54.6812760232
76.8764205837	73.0346830003	68.4803952236	61.4163035195	70.3157848157	62.8917594451	58.8661860218	94.2403082206	68.6308220934	46.656660606
73.250981446	75.3553983038	61.0508308225	56.894977457	79.1233142257	62.6941330922	62.8768174593	68.6308220934	94.2403082206	54.0828120193
61.0048761637	51.38197787	56.0599379769	55.8550123368	52.8836689941	60.8445203983	54.6812760232	46.656660606	54.0828120193	94.2403082206
Genotype stats (X^T * X): 	28.1787900882
Gene expression - Genotype stats (Y^T * X): 
5.61440386608	3.98837027401	2.4510324553	2.34744219057	1.78493663921	18.2578015536	4.31282889705	5.5696424318	-1.08906757496	3.18980695096