Tissue	braincerebellum
N_samples	102
Chr	19
Gene	ENSG00000266964.1
SNP	rs28667621
Gene_list	ENSG00000103260.4	ENSG00000068078.13	ENSG00000110651.7	ENSG00000137285.9	ENSG00000074800.9	ENSG00000157150.4	ENSG00000008394.8	ENSG00000100033.12	ENSG00000167191.7	ENSG00000093010.7	ENSG00000143878.8	ENSG00000172458.4	ENSG00000165795.16	ENSG00000101439.4	ENSG00000183963.14	ENSG00000134769.17	ENSG00000085063.10	ENSG00000168913.6	ENSG00000153902.9	ENSG00000266964.1	ENSG00000079215.9	ENSG00000131771.9	ENSG00000100097.7	ENSG00000102760.12	ENSG00000131095.7	ENSG00000100979.10	ENSG00000130203.5	ENSG00000160307.5	ENSG00000087086.9	ENSG00000100427.11	ENSG00000104112.4	ENSG00000167614.9	ENSG00000135404.7	ENSG00000108387.10	ENSG00000087250.4	ENSG00000168309.12	ENSG00000213398.3	ENSG00000132613.10	ENSG00000179604.8	ENSG00000021300.9	ENSG00000165092.8	ENSG00000145284.7	ENSG00000105854.8	ENSG00000166925.4	ENSG00000164929.12	ENSG00000110887.3	ENSG00000168710.13	ENSG00000111275.8	ENSG00000155368.12	ENSG00000152661.7	ENSG00000166033.7	ENSG00000136802.7	ENSG00000107317.7	ENSG00000113140.6	ENSG00000155511.13	ENSG00000125462.12	ENSG00000018625.10	ENSG00000159176.9	ENSG00000135919.8	ENSG00000135916.11	ENSG00000132329.6
Gene expression stats (Y^T * Y): 
94.2403082206	45.5408602962	42.136129029	40.825159146	35.2279465904	43.2770926437	31.4093255155	37.297389163	53.1499222806	48.4846317112	34.9990905145	58.1291764453	45.6144361335	49.1563371942	30.5756102818	32.026428306	26.5869073814	51.9159797737	36.4369936735	58.879181921	41.0799939156	41.8990151691	40.7442068326	28.4439104339	26.6577651404	45.3152491814	50.2063921143	64.1439802911	35.5870996355	61.7261944763	41.7414416566	56.2560498443	25.7585408532	59.8053347997	34.1028520927	40.1206524588	64.1682213969	29.8184608053	46.9298822921	50.949792313	47.153486647	36.2316106422	46.7015023683	52.9931909346	47.8536838518	40.3158213933	19.9608821835	31.4937959247	36.5186242977	36.5505990753	43.8844152548	39.3930787776	46.4504363035	36.1029887776	37.4394374712	57.398972284	27.7124941747	40.1195418464	41.0370554546	38.4442338306	53.142291808
45.5408602962	94.2403082206	60.9114001304	56.8353473115	61.7371799998	62.38755501	47.9137672558	71.6540925984	54.0055860978	49.4636739724	53.3763222607	67.1522932421	63.7931265035	54.0575559875	60.5789287239	52.0552636142	40.2277896321	61.2275097283	64.6681950874	61.9687186993	61.0878455451	64.628758148	46.7473665504	60.150621343	41.6229968375	52.5853188612	54.9610461454	41.000118962	25.7108930162	71.3733752982	55.5323880789	70.2846698784	35.7986612999	50.8831254511	54.5429128538	59.5940524197	67.4820514313	49.3454117101	71.2345497796	46.2511247914	55.0087616706	65.5454206187	65.3833489253	49.420521413	49.415387902	69.4952296102	59.6595730571	69.4705206509	49.2237480058	70.4648689356	69.9080898438	78.0354283406	36.494140798	61.6089714774	62.4398561319	67.4515320634	66.4596031286	58.627614149	61.8214122826	56.3863281377	65.598086047
42.136129029	60.9114001304	94.2403082206	72.8598688167	77.9614429474	60.2621919356	63.959647368	59.8367757434	59.915585284	54.1661083946	66.1453742283	64.9123339676	70.3874486109	70.938292197	53.6897444513	62.0296070389	57.7590212635	58.0682652303	57.1102179975	76.4719779249	53.9885548942	75.6382375167	66.44557229	62.3505549587	71.077223761	62.3257660466	67.4080140396	48.5683827629	66.7317801619	73.5992915648	50.18052097	77.6539256516	68.5839858309	53.8802031542	75.4416414752	68.2612848578	53.0895735434	54.3263274074	57.9554979312	61.8358335219	50.9855004072	58.7503720861	66.5246784916	69.7608474992	58.3526150523	62.5196127184	65.8341368601	76.9324368202	66.6393546299	65.5849432592	71.8210603511	63.27594347	62.2839771962	64.7713928943	56.4432874369	64.2027473594	77.0871700921	69.7582068422	61.5305895117	82.2255385079	60.4252874258
40.825159146	56.8353473115	72.8598688167	94.2403082206	75.9514356206	61.9570660325	60.677432155	65.4340310621	45.3041674312	49.5340713914	53.3664077625	51.7778551521	69.1870790837	63.0563489395	49.2477820902	66.662696759	55.0936500656	40.1621912738	68.9091651966	69.6325222087	60.5556455404	65.4768664554	45.9040284003	44.9262549755	56.1775858445	62.2410202216	77.2548927131	50.5209451118	56.2792577613	66.7431720773	45.7056177304	75.8300044813	65.9215039682	47.4338629008	66.5620043139	63.2944847294	56.9740210222	55.2879361326	55.7484078468	39.1748673389	53.37384603	58.5325949025	56.1542243123	65.9413056588	62.2076563495	56.1884232803	71.9899946816	64.511907587	68.6432729914	46.7077123564	62.1319112902	60.6691470066	61.1520063121	60.6767110049	60.4052668051	66.1035798484	70.4229127115	56.4120372553	67.5310549855	63.371356355	53.2844206565
35.2279465904	61.7371799998	77.9614429474	75.9514356206	94.2403082206	56.9407942862	65.8398100344	61.1705477477	51.572266923	43.1314384206	64.1660462011	58.7424654166	63.5873155304	68.2712083729	52.0725462083	66.8970438347	54.526332256	46.0315670932	58.5214423343	70.2516501637	54.0963937633	66.4421437825	53.0487181393	55.4035056105	66.277545206	57.9387753903	72.9910092498	43.9676327068	52.5497009977	66.788705173	49.3189761443	69.2362008291	63.7852272821	49.0073246824	68.0683334465	64.0779470159	51.5000004138	55.4527548964	58.9484265596	51.1272757211	51.550003182	64.7720397684	61.1336604167	64.6934375508	60.4414365827	68.484197823	68.8679660307	74.6647232641	69.9422250765	64.1148177861	67.5552338311	57.0847479775	56.7986613359	58.3901825543	58.529764909	62.3790810695	71.6737288571	65.2294289503	69.1296748251	72.5484043417	62.2217062708
43.2770926437	62.38755501	60.2621919356	61.9570660325	56.9407942862	94.2403082206	53.37346869	61.2286383427	50.9174929117	62.6655863928	57.3729744625	63.8698747126	77.3905606232	47.8170264761	65.4237243737	57.379765311	63.7760437225	48.871236819	65.0129259666	66.1216393958	77.9801030334	64.2895916184	43.6521985282	69.9877060688	25.348548915	62.8024920369	54.895454469	65.05242747	43.5339000412	73.8750763819	67.0935101005	68.5563123422	51.6618731735	66.9055605176	58.6979997837	70.1720765022	59.8202010098	49.0576076926	72.4258566028	42.0520433114	71.6706184101	72.2338002236	73.0663857035	51.6649224338	66.4575675137	63.4212840485	64.7511947	56.4478672427	51.9347657472	59.744345436	75.8582664202	74.3954163669	48.863959716	69.2345569555	77.9697476629	68.6247894461	68.0013520889	60.4450830423	70.0316252694	47.846213116	67.5991627523
31.4093255155	47.9137672558	63.959647368	60.677432155	65.8398100344	53.37346869	94.2403082206	48.7144212741	53.1896990756	44.6111885115	50.4725571372	61.8028566108	63.9744189475	55.7686172454	46.3574710795	74.2006957104	59.1141867163	44.236027817	54.5836717812	64.8041627553	50.1651460118	57.6445220922	42.3211516521	59.033834253	56.901451452	50.2650849373	55.7030620759	37.9087777123	53.78909464	58.6090943945	53.0892520345	57.12439698	65.1910608761	38.4733683591	66.8088292653	57.8755469012	35.4677485052	45.5567161001	48.7276870789	42.2744728937	54.4054620286	61.6386175967	65.109673668	50.9152708709	68.9064372346	47.8788917452	68.5787063705	66.5322938479	73.0715430726	59.2352254262	61.7639790311	47.6174602901	42.4772651122	60.3206456592	52.5341360478	57.8214133958	61.418796127	52.7853800917	67.1836745849	56.6512130007	52.4535941789
37.297389163	71.6540925984	59.8367757434	65.4340310621	61.1705477477	61.2286383427	48.7144212741	94.2403082206	46.4851637094	41.9823291132	46.3917998872	56.4197369341	65.0834864671	50.1879503486	59.0839707161	59.2780109976	39.9803856484	52.3336428318	74.0819221774	62.4272051074	54.0749069517	72.4744747613	47.5656510867	57.1114009212	46.6103404035	52.4486172992	64.3358153678	38.3311034176	36.0567771874	56.6296364925	53.6101095973	70.1833566978	43.4773833532	47.5126573007	59.3364895684	64.6610794258	58.1103049042	52.1972675351	62.7919948281	36.715774035	54.5699873581	54.2682084111	56.2064153402	54.3787306602	49.8079783421	57.0079284179	66.1844073391	65.8438818335	57.6614926308	60.6789500763	59.9524427177	65.6773705576	43.4269695261	63.9388779516	59.6706143095	64.4403367378	67.7597956528	60.0226873506	57.8879265138	49.2134220607	61.4752920186
53.1499222806	54.0055860978	59.915585284	45.3041674312	51.572266923	50.9174929117	53.1896990756	46.4851637094	94.2403082206	46.7411714106	44.3883082778	72.9283528818	71.614163919	41.7390961102	49.5564138778	62.759671826	60.9260394376	47.1367843727	49.5734643684	64.3268343321	65.2819756549	61.4385259531	51.5170272226	55.3782723898	48.7561921445	49.5979804198	42.0164009886	60.7031651965	54.564594882	70.6003542638	60.0177583235	62.0703713715	45.837630516	64.5440752967	41.0705864157	64.6993823361	59.4889166869	43.7292683419	59.8218934317	68.393694272	68.829603252	61.8849633534	70.1676057038	61.1001473884	60.5748235871	54.6753552073	54.1888952224	56.0042312624	57.0612939317	62.8600243955	64.2092532863	52.296692538	46.6960998795	61.3635812707	58.9631522768	61.4744175054	56.1973848006	73.8629121188	60.3864885553	50.4569960049	59.7342146563
48.4846317112	49.4636739724	54.1661083946	49.5340713914	43.1314384206	62.6655863928	44.6111885115	41.9823291132	46.7411714106	94.2403082206	43.2550064894	60.7672514734	62.6155159543	41.6740591689	51.1346046948	47.65087652	52.7035785768	41.8441390367	52.7073100098	58.0486661373	56.4509796925	41.4405652811	44.3832392225	46.8453142616	25.4779867451	54.3856708066	39.5464537136	56.5720859543	38.6054995246	67.8167100433	52.6068118023	57.0973568432	44.282205167	53.9383166195	47.1305193896	55.2683498275	48.7859077332	45.855267232	57.8627134723	45.8172674187	54.4950852403	58.9172746133	64.0256363622	41.1176213943	53.1288147837	39.2256134299	44.4189720587	42.8683489072	45.0212929466	42.8630742194	54.1285416746	56.4703813472	40.3633070499	59.5894495688	55.3832564213	46.3212823209	47.2575832317	48.57791402	54.5611783811	39.7749379684	54.4641881058
34.9990905145	53.3763222607	66.1453742283	53.3664077625	64.1660462011	57.3729744625	50.4725571372	46.3917998872	44.3883082778	43.2550064894	94.2403082206	56.7676371458	53.1784820949	58.0795227604	49.9890961512	45.3430412455	49.1157405095	56.5057581643	38.223859978	57.5478651622	45.6386275917	61.9718659552	49.2471241348	59.8271347148	49.0124902833	53.8584880388	53.9797850709	36.9915576593	43.996839369	56.2375162062	42.2774713142	57.2957640154	52.2454475837	46.1611188878	55.5859798624	46.910894421	43.1549552127	45.7538701762	61.6542916529	46.4434812751	42.9746447995	52.465062456	52.4537615764	54.9139943067	45.3782102671	63.0023071186	51.1060892382	61.1403918177	47.6104948124	59.7621980094	64.9299161991	55.983115887	47.4994895131	52.1414727548	47.3064785897	53.0381777834	61.7088648993	57.9811809772	52.1513884034	66.9306259639	51.2123383911
58.1291764453	67.1522932421	64.9123339676	51.7778551521	58.7424654166	63.8698747126	61.8028566108	56.4197369341	72.9283528818	60.7672514734	56.7676371458	94.2403082206	73.6875954173	53.0882301221	56.1435680775	60.8336440948	53.1075357525	66.5423584128	54.5691525456	72.8056378778	63.3031147108	66.3672227547	51.703386879	65.0868860992	45.4600857878	51.670380074	49.9403481934	57.4031584717	46.9401828991	72.9813597732	59.6063349988	67.5919623248	42.7984651009	63.8029310736	56.4294244869	67.1007009894	62.8933078153	52.3422274288	69.2461595437	59.3012951572	66.0778289017	63.7786953824	73.0678764035	56.2381650705	60.4278917499	58.6248433915	62.3500877221	63.7401342767	56.9127270396	75.2360184916	69.9104134971	66.123459617	40.0461738147	67.1335758475	62.6001288111	66.9460756003	60.1278807368	65.1588255868	63.7561860765	54.0427261166	68.1052516602
45.6144361335	63.7931265035	70.3874486109	69.1870790837	63.5873155304	77.3905606232	63.9744189475	65.0834864671	71.614163919	62.6155159543	53.1784820949	73.6875954173	94.2403082206	46.4835031276	65.7209374995	73.2524928675	69.6166642553	48.5636034796	65.6508010857	72.1878893311	81.2555754285	71.9316908735	50.3175793552	69.2579173761	44.1240491646	66.9918891689	53.4430693304	67.8368886856	58.4845847697	79.4408776463	69.8865304314	77.0951579576	58.4183971919	64.1046847223	58.3498762848	81.8858843222	61.2906604842	50.4618818872	69.0856283249	58.5357112926	78.5760592272	71.2882555805	80.6322509388	59.1778581976	70.0779481287	59.7643583922	77.6297174976	66.5379430675	65.3768467122	66.8107290626	75.2162424179	69.7372137145	52.7825652687	78.6158538412	77.8213856841	74.2213584174	77.0682444322	74.0355751374	72.2332842633	56.0580965049	61.6618854504
49.1563371942	54.0575559875	70.938292197	63.0563489395	68.2712083729	47.8170264761	55.7686172454	50.1879503486	41.7390961102	41.6740591689	58.0795227604	53.0882301221	46.4835031276	94.2403082206	44.1725327731	44.5211063213	33.2046378708	56.1497166893	44.8264365807	64.1343131337	35.8498965466	57.1551326741	48.1202053489	51.3331887062	64.0865158103	43.9533183906	75.3767815386	43.7368229961	44.2272418948	61.151717152	41.4894323102	68.529766172	50.4445069137	47.9589732715	66.2936238679	43.5624952517	45.3664239743	43.4449644511	42.3384845097	57.815769924	30.638871593	46.9626159986	49.0044873629	68.0679657229	47.9679800541	58.4575850598	44.4731007845	64.8331893128	54.5613370812	49.8954961387	62.0159084258	48.4402827464	50.1004581755	45.1965041771	37.4268347331	62.7299901849	55.6448633157	52.864709769	51.1765315552	74.8507783804	53.0772996099
30.5756102818	60.5789287239	53.6897444513	49.2477820902	52.0725462083	65.4237243737	46.3574710795	59.0839707161	49.5564138778	51.1346046948	49.9890961512	56.1435680775	65.7209374995	44.1725327731	94.2403082206	48.7342487907	59.9994540735	44.5472365956	56.6792197246	57.5993542312	58.2843333596	60.9879814075	53.9504092399	69.2755397439	27.4788425573	55.7440204797	46.8987233143	47.2639559362	33.5332046765	62.1402286968	63.0133081419	52.4864092043	46.0806850835	52.0218179858	54.383577407	66.1296487369	54.7796945906	60.4802600166	68.2941980757	38.1269717619	54.9318278797	57.3082204697	67.4547526116	32.4161573558	46.6219655326	45.021932505	48.4820511499	49.9624714675	41.9295669317	57.3366798752	55.1245061506	70.1131880715	31.8568714322	74.7041003437	61.242946419	46.5834851092	55.9624917266	60.9402921853	52.5737449327	44.8880364214	56.7713848464
32.026428306	52.0552636142	62.0296070389	66.662696759	66.8970438347	57.379765311	74.2006957104	59.2780109976	62.759671826	47.65087652	45.3430412455	60.8336440948	73.2524928675	44.5211063213	48.7342487907	94.2403082206	65.759477332	35.1861297779	63.1946857034	65.2866070795	67.3409925191	61.2609565214	43.548531948	53.0613568995	52.7019651455	57.48325049	55.5386955472	50.4409809836	54.3879122046	64.6695090815	62.8732845318	60.3240226249	63.6863531491	48.2244744147	56.6421032161	69.9330353977	48.9858102372	50.4540850197	59.2060451015	45.9216927907	70.2751205954	70.6814232676	73.0081970423	54.115362097	75.1187947849	54.7634031756	77.7834289583	64.7017792444	78.0846834729	62.7584280277	58.9013123261	53.3117083876	46.2085892106	69.9142622455	66.3133444537	58.186249144	69.3513348911	60.4360567531	72.9747112126	51.0692518129	54.2939996919
26.5869073814	40.2277896321	57.7590212635	55.0936500656	54.526332256	63.7760437225	59.1141867163	39.9803856484	60.9260394376	52.7035785768	49.1157405095	53.1075357525	69.6166642553	33.2046378708	59.9994540735	65.759477332	94.2403082206	21.7448465511	53.1279134855	57.8238110776	72.7898478506	52.1898898391	49.2078210814	53.5956544741	30.6621317923	64.3903975451	42.9648294575	58.3342880543	50.8389924966	62.4687030608	64.3982134292	51.2133615359	69.159684455	52.4220844	44.7563091507	67.8262523056	46.709999312	52.2941774066	60.7610668266	39.9163022825	71.1379979379	71.2804376893	71.6197391601	40.9413673374	65.3536372168	45.4971629488	60.9800271106	51.6279032807	62.652868584	50.0378617132	57.3673161824	52.750030987	46.3924696174	69.0903786887	71.5086423989	44.5560273066	60.2062862114	59.6255421135	70.1183041528	41.8270874695	54.7684524384
51.9159797737	61.2275097283	58.0682652303	40.1621912738	46.0315670932	48.871236819	44.236027817	52.3336428318	47.1367843727	41.8441390367	56.5057581643	66.5423584128	48.5636034796	56.1497166893	44.5472365956	35.1861297779	21.7448465511	94.2403082206	47.8043722698	64.9801679052	31.2528164108	67.4083742353	51.9482560378	64.9562908624	52.8303952632	22.6118365338	42.3751213441	39.4831610138	48.0925203348	51.0107628	34.669936325	58.548860087	25.0762762298	52.7591038251	61.8912909187	45.7235281362	49.9472969283	39.0372659299	54.2931141481	57.5019686914	35.6925832234	36.4272297162	45.5836649952	58.5223722385	40.0729645346	54.7923848095	36.5105660598	55.9838819803	40.2851229425	56.5153619254	56.2697668237	57.1804301218	35.8728536255	43.0603666468	30.594088281	60.0799673555	45.8318566498	46.6401826423	31.7588616946	56.5001059724	61.3989683899
36.4369936735	64.6681950874	57.1102179975	68.9091651966	58.5214423343	65.0129259666	54.5836717812	74.0819221774	49.5734643684	52.7073100098	38.223859978	54.5691525456	65.6508010857	44.8264365807	56.6792197246	63.1946857034	53.1279134855	47.8043722698	94.2403082206	67.5928428519	60.0651491868	65.4003471759	48.2796511283	53.4825303019	39.2810333946	53.0675309763	60.6423021291	47.4024191354	45.5636737742	61.3011252392	60.4959197939	66.4614802833	52.3152964769	52.9068694181	60.6791418204	69.3662790419	59.6250309794	55.4463131607	63.8083325309	36.5118529049	60.6233599964	61.8049707452	59.8266455882	51.7194904823	60.7007157301	52.170038599	63.9600336117	59.6388823597	65.3004725786	44.779092975	56.3984210157	68.2970408188	45.3539344824	67.3210796945	65.37018605	62.4298450714	60.4380311387	52.7001234251	65.6667297679	39.3380001788	63.1809001894
58.879181921	61.9687186993	76.4719779249	69.6325222087	70.2516501637	66.1216393958	64.8041627553	62.4272051074	64.3268343321	58.0486661373	57.5478651622	72.8056378778	72.1878893311	64.1343131337	57.5993542312	65.2866070795	57.8238110776	64.9801679052	67.5928428519	94.2403082206	57.2613495222	75.8476689081	66.5977346886	65.5682404234	60.9851554458	60.2347619655	69.9580237935	61.0954651807	66.4796868478	74.4875232628	56.6800297808	71.8360426806	62.6916689478	64.9114420213	75.4664492048	74.2127973554	66.7755987904	61.5639364245	68.0087699709	61.3275929634	66.0910334759	58.5445438153	65.3260547936	65.4093848493	63.6545525352	61.3017057078	61.5691672045	68.8803959499	70.4044579715	60.5736559934	64.1564514441	64.8187473845	61.4670858418	66.0905880006	61.2311568742	69.2875973916	63.4705451407	63.6932082213	65.4219762537	65.2950996632	71.9731268556
41.0799939156	61.0878455451	53.9885548942	60.5556455404	54.0963937633	77.9801030334	50.1651460118	54.0749069517	65.2819756549	56.4509796925	45.6386275917	63.3031147108	81.2555754285	35.8498965466	58.2843333596	67.3409925191	72.7898478506	31.2528164108	60.0651491868	57.2613495222	94.2403082206	55.1453068815	39.903080848	55.695056221	22.5957508562	69.1255414922	45.4014842305	69.6513616425	36.821575027	76.6699666516	73.7848655834	65.579569074	52.0445326019	65.4544609946	38.1416222817	69.1972956884	65.2927846591	43.3027043564	68.3847066847	44.7582015913	84.1118151088	79.3352230406	78.6665055739	43.86255441	70.341169275	60.8212297831	69.3847389172	51.6692712512	52.7437843759	63.1810883198	70.2064457334	67.6786985463	44.8864513107	71.0800555223	86.8995279427	63.3529068929	71.8825374218	62.948658951	77.9764757645	42.2027117681	55.3910793044
41.8990151691	64.628758148	75.6382375167	65.4768664554	66.4421437825	64.2895916184	57.6445220922	72.4744747613	61.4385259531	41.4405652811	61.9718659552	66.3672227547	71.9316908735	57.1551326741	60.9879814075	61.2609565214	52.1898898391	67.4083742353	65.4003471759	75.8476689081	55.1453068815	94.2403082206	60.3397294801	72.6644570444	58.2582259672	49.1385905173	62.7702596426	42.5547195416	61.9280160675	64.4951864844	54.1033049862	73.2600666302	57.4131902789	51.2945008775	74.8495179752	73.2146146708	57.5611551289	57.3622552818	66.8631212916	52.0218338448	57.2256388181	55.8792364793	61.6428375228	64.0872452956	50.7145586144	62.2064234759	68.4046473901	74.5386156643	63.076120717	66.0561128656	69.0727127839	70.1964812967	49.717554722	66.7343501631	58.3346503654	69.2797445214	73.388215018	65.0781043186	56.3219837652	65.6648879116	67.9806494887
40.7442068326	46.7473665504	66.44557229	45.9040284003	53.0487181393	43.6521985282	42.3211516521	47.5656510867	51.5170272226	44.3832392225	49.2471241348	51.703386879	50.3175793552	48.1202053489	53.9504092399	43.548531948	49.2078210814	51.9482560378	48.2796511283	66.5977346886	39.903080848	60.3397294801	94.2403082206	54.5543062992	51.0637262679	46.0107892725	50.6685032581	49.3345881245	58.6414681414	52.8574769824	45.8994275257	50.877868485	58.8426696483	57.638556307	62.3728626523	60.0495827034	53.3578778591	54.1100875433	50.8118625234	53.4944816633	44.8046853531	42.429112055	53.8468920173	45.9431679012	37.6705878204	49.1870260649	40.4443396024	52.3936310694	54.8156779252	52.2969551144	46.9403260606	51.1977417648	56.3236311478	62.4261794927	40.3010549316	44.4335043513	53.9327103298	59.2300462766	39.676632891	59.1982245511	58.1432946488
28.4439104339	60.150621343	62.3505549587	44.9262549755	55.4035056105	69.9877060688	59.033834253	57.1114009212	55.3782723898	46.8453142616	59.8271347148	65.0868860992	69.2579173761	51.3331887062	69.2755397439	53.0613568995	53.5956544741	64.9562908624	53.4825303019	65.5682404234	55.695056221	72.6644570444	54.5543062992	94.2403082206	43.8129295104	39.426280522	44.0237387577	46.341975037	50.4139491685	58.3989154279	58.9066751435	57.1018009585	45.7519183538	56.2160828744	70.940759011	66.9565943141	42.313549607	47.860731462	61.8644587047	52.8942366897	56.5357772188	60.8680398961	65.8882574498	48.3492623854	50.7035190648	61.1484426699	59.0415893078	66.463747461	50.3588849334	67.7529129124	70.6931109971	68.5819309595	37.8787681837	66.1757512763	56.2036956864	61.8674547576	64.667222128	63.1517071758	50.7984820262	55.2755537739	67.2436656859
26.6577651404	41.6229968375	71.077223761	56.1775858445	66.277545206	25.348548915	56.901451452	46.6103404035	48.7561921445	25.4779867451	49.0124902833	45.4600857878	44.1240491646	64.0865158103	27.4788425573	52.7019651455	30.6621317923	52.8303952632	39.2810333946	60.9851554458	22.5957508562	58.2582259672	51.0637262679	43.8129295104	94.2403082206	26.4638403967	55.0202189722	22.688916437	59.7080711224	45.3247814274	21.4560627261	54.4596658613	47.9351324088	33.0575731916	62.5238203026	42.3188217154	30.1309678195	47.7422683103	33.4730471385	60.1766006913	30.0678538763	35.501940809	36.6166689118	68.2080810639	42.4544323526	45.2284331378	49.6918456977	63.4320814544	62.5530489037	48.9922270239	45.0233009793	35.5014714097	44.7727806111	39.8124408553	24.6972126694	44.9991291125	49.1898169693	57.8519570763	38.2762506802	69.4900184846	41.7839852039
45.3152491814	52.5853188612	62.3257660466	62.2410202216	57.9387753903	62.8024920369	50.2650849373	52.4486172992	49.5979804198	54.3856708066	53.8584880388	51.670380074	66.9918891689	43.9533183906	55.7440204797	57.48325049	64.3903975451	22.6118365338	53.0675309763	60.2347619655	69.1255414922	49.1385905173	46.0107892725	39.426280522	26.4638403967	94.2403082206	57.2202210313	54.3510770215	37.412401286	71.6925792221	62.5104928436	62.7300556383	60.8551608748	49.0573437596	38.6224095175	62.9554998792	57.9228543832	43.6200927314	60.3482571039	34.3397390683	64.9867473535	61.4622922569	65.6415529553	36.951944942	57.4040426845	47.7773579291	57.7663890313	52.5455101278	51.2678093228	53.4901961296	55.2330082013	54.4024141507	54.3344120335	66.2511411439	72.1975158938	52.5770494393	65.9996971358	52.8208912344	73.6125183726	53.0619591263	42.1773633489
50.2063921143	54.9610461454	67.4080140396	77.2548927131	72.9910092498	54.895454469	55.7030620759	64.3358153678	42.0164009886	39.5464537136	53.9797850709	49.9403481934	53.4430693304	75.3767815386	46.8987233143	55.5386955472	42.9648294575	42.3751213441	60.6423021291	69.9580237935	45.4014842305	62.7702596426	50.6685032581	44.0237387577	55.0202189722	57.2202210313	94.2403082206	44.8703991998	45.8842394184	59.8271725575	46.9164740323	71.7831727455	64.1758839937	46.9971530066	68.1824236098	54.7060938685	56.3807828036	55.3058033374	53.3969508705	40.9906388023	44.4740002672	53.1365930333	49.565305023	69.1369735419	52.8047400836	60.0656909334	56.7254588482	65.2666423803	66.7052519471	46.1301786495	57.5660856395	51.223780327	60.9066507415	56.4654952474	50.554363236	65.1181523406	59.9027929595	55.0011728821	65.211653121	60.767538973	61.1137502793
64.1439802911	41.000118962	48.5683827629	50.5209451118	43.9676327068	65.05242747	37.9087777123	38.3311034176	60.7031651965	56.5720859543	36.9915576593	57.4031584717	67.8368886856	43.7368229961	47.2639559362	50.4409809836	58.3342880543	39.4831610138	47.4024191354	61.0954651807	69.6513616425	42.5547195416	49.3345881245	46.341975037	22.688916437	54.3510770215	44.8703991998	94.2403082206	48.6598512905	70.2758950632	63.0963693485	61.3442586307	41.5246945423	80.7734994102	35.6950941461	61.1836118589	60.159627702	31.2392185207	52.3374617508	63.4754411108	69.8324566334	55.905086169	64.945578472	55.2642526422	62.4932559209	52.6065240832	40.2866992197	36.0799818329	46.5920508186	42.5372487374	56.5484293432	47.4494247943	60.3897823585	52.6348945752	62.7719758829	62.4235453437	49.1859648066	57.8621402176	56.1178031485	40.9158406934	53.2177362801
35.5870996355	25.7108930162	66.7317801619	56.2792577613	52.5497009977	43.5339000412	53.78909464	36.0567771874	54.564594882	38.6054995246	43.996839369	46.9401828991	58.4845847697	44.2272418948	33.5332046765	54.3879122046	50.8389924966	48.0925203348	45.5636737742	66.4796868478	36.821575027	61.9280160675	58.6414681414	50.4139491685	59.7080711224	37.412401286	45.8842394184	48.6598512905	94.2403082206	48.8746503696	33.9290195871	51.676267457	62.189846714	45.5520438979	63.9027524797	59.7451713057	34.7301241397	47.6975764738	40.2628498793	57.3020157436	43.6018787434	34.4720192656	46.143624059	61.3032927272	49.610637091	36.7050050206	48.2943440846	50.8474760037	58.681178755	36.7854294272	47.4754625626	37.4256180179	64.5268214883	48.9043260091	35.3912271861	48.0130425876	49.3384741677	49.204454909	39.996921157	56.6741252857	47.1198266454
61.7261944763	71.3733752982	73.5992915648	66.7431720773	66.788705173	73.8750763819	58.6090943945	56.6296364925	70.6003542638	67.8167100433	56.2375162062	72.9813597732	79.4408776463	61.151717152	62.1402286968	64.6695090815	62.4687030608	51.0107628	61.3011252392	74.4875232628	76.6699666516	64.4951864844	52.8574769824	58.3989154279	45.3247814274	71.6925792221	59.8271725575	70.2758950632	48.8746503696	94.2403082206	69.3330991499	79.4223306389	53.09378937	68.061572914	55.1493897321	72.6729609619	69.0630568012	50.9305195547	72.3685364618	62.2846817353	71.071336279	73.0877605482	79.815321685	59.8848568644	69.3499486947	65.8216662226	62.3126427482	63.703734415	58.7051745043	64.6102952731	74.2447941977	73.7761436202	55.4646849927	69.1048742427	75.1073282269	72.7687676321	71.2226360965	68.7246492405	75.2045770965	65.1717787261	65.1326539108
41.7414416566	55.5323880789	50.18052097	45.7056177304	49.3189761443	67.0935101005	53.0892520345	53.6101095973	60.0177583235	52.6068118023	42.2774713142	59.6063349988	69.8865304314	41.4894323102	63.0133081419	62.8732845318	64.3982134292	34.669936325	60.4959197939	56.6800297808	73.7848655834	54.1033049862	45.8994275257	58.9066751435	21.4560627261	62.5104928436	46.9164740323	63.0963693485	33.9290195871	69.3330991499	94.2403082206	54.2056489386	51.1223538869	61.6970435094	40.6700914249	63.6370851493	54.9966981058	39.6151885945	60.7498921283	46.1968837372	70.3987883925	67.7125574305	76.190757543	40.837958584	64.5053311748	54.4547763622	60.8325216748	50.8458314328	51.9674706422	54.7650040891	61.9988040147	60.3595692835	43.814729514	71.6168869295	69.5622178241	57.1309389292	59.9167943191	58.6632403346	70.0054149669	39.3827972935	56.0324584371
56.2560498443	70.2846698784	77.6539256516	75.8300044813	69.2362008291	68.5563123422	57.12439698	70.1833566978	62.0703713715	57.0973568432	57.2957640154	67.5919623248	77.0951579576	68.529766172	52.4864092043	60.3240226249	51.2133615359	58.548860087	66.4614802833	71.8360426806	65.579569074	73.2600666302	50.877868485	57.1018009585	54.4596658613	62.7300556383	71.7831727455	61.3442586307	51.676267457	79.4223306389	54.2056489386	94.2403082206	55.4884868679	61.4369082022	64.6285233968	71.6615517124	64.0301373345	44.4141821526	61.250712978	62.2137524316	60.4311451854	65.7828621695	67.9003984387	74.5698495858	60.3401907834	69.3608048773	66.1696199077	73.1914442022	64.6589698411	59.7777056481	75.6885054577	65.6054114681	59.1631679174	61.2734885218	67.0435788266	83.2140688993	77.2529124449	71.1922003626	68.298350763	69.7164424431	61.5306704748
25.7585408532	35.7986612999	68.5839858309	65.9215039682	63.7852272821	51.6618731735	65.1910608761	43.4773833532	45.837630516	44.282205167	52.2454475837	42.7984651009	58.4183971919	50.4445069137	46.0806850835	63.6863531491	69.159684455	25.0762762298	52.3152964769	62.6916689478	52.0445326019	57.4131902789	58.8426696483	45.7519183538	47.9351324088	60.8551608748	64.1758839937	41.5246945423	62.189846714	53.09378937	51.1223538869	55.4884868679	94.2403082206	35.6394478831	65.0520715455	59.3198171328	41.027724759	57.3118049337	43.9206325983	38.2082239646	51.933970381	54.4013037526	57.9191100639	46.8655951786	57.7364369589	42.2364639201	62.5516173767	62.9926968787	71.2948893514	46.4465395049	54.6427929852	43.6079523255	59.8256170516	63.996142167	53.7995325539	47.3911070048	67.6465891499	55.6738918887	64.9376387528	57.8279141892	44.4895542904
59.8053347997	50.8831254511	53.8802031542	47.4338629008	49.0073246824	66.9055605176	38.4733683591	47.5126573007	64.5440752967	53.9383166195	46.1611188878	63.8029310736	64.1046847223	47.9589732715	52.0218179858	48.2244744147	52.4220844	52.7591038251	52.9068694181	64.9114420213	65.4544609946	51.2945008775	57.638556307	56.2160828744	33.0575731916	49.0573437596	46.9971530066	80.7734994102	45.5520438979	68.061572914	61.6970435094	61.4369082022	35.6394478831	94.2403082206	42.6197036807	58.2974268309	62.571106564	37.8977472151	58.8820383967	66.2440759668	65.919049866	57.5649244926	62.7606299725	61.5533361073	58.5413479427	66.5741599242	42.749240278	39.6718139291	46.1182270815	53.2121422632	60.2621339772	52.5790310778	58.0780074702	56.0293083961	61.9847552992	58.9899767183	53.1268794064	67.1963333295	50.8181538197	45.3254174648	60.0835529416
34.1028520927	54.5429128538	75.4416414752	66.5620043139	68.0683334465	58.6979997837	66.8088292653	59.3364895684	41.0705864157	47.1305193896	55.5859798624	56.4294244869	58.3498762848	66.2936238679	54.383577407	56.6421032161	44.7563091507	61.8912909187	60.6791418204	75.4664492048	38.1416222817	74.8495179752	62.3728626523	70.940759011	62.5238203026	38.6224095175	68.1824236098	35.6950941461	63.9027524797	55.1493897321	40.6700914249	64.6285233968	65.0520715455	42.6197036807	94.2403082206	61.2939442344	44.7168113436	58.9031191794	51.7013736844	46.7440887293	41.411897094	51.5798885003	53.0554647986	59.8763785802	51.1393051957	53.6941346987	58.1744538204	71.0261180075	68.7635742219	55.0305506276	61.4004591542	60.40798366	49.3591440784	57.9246888023	44.634470576	60.945076207	62.9287136886	54.7648637083	50.968782038	65.7427896249	65.4913948904
40.1206524588	59.5940524197	68.2612848578	63.2944847294	64.0779470159	70.1720765022	57.8755469012	64.6610794258	64.6993823361	55.2683498275	46.910894421	67.1007009894	81.8858843222	43.5624952517	66.1296487369	69.9330353977	67.8262523056	45.7235281362	69.3662790419	74.2127973554	69.1972956884	73.2146146708	60.0495827034	66.9565943141	42.3188217154	62.9554998792	54.7060938685	61.1836118589	59.7451713057	72.6729609619	63.6370851493	71.6615517124	59.3198171328	58.2974268309	61.2939442344	94.2403082206	62.2023528517	56.9610664987	69.5595650132	50.7051490369	73.9840683536	65.455530025	73.7109551301	49.8135610698	61.2021610714	57.6996173131	70.1833143803	68.4542178317	65.7613279329	61.6460488414	62.437385779	66.9723535656	51.9630109371	73.4883974377	73.982801135	67.6236724454	70.1036980724	66.1995103893	67.2952571147	52.3023985824	66.3910551405
64.1682213969	67.4820514313	53.0895735434	56.9740210222	51.5000004138	59.8202010098	35.4677485052	58.1103049042	59.4889166869	48.7859077332	43.1549552127	62.8933078153	61.2906604842	45.3664239743	54.7796945906	48.9858102372	46.709999312	49.9472969283	59.6250309794	66.7755987904	65.2927846591	57.5611551289	53.3578778591	42.313549607	30.1309678195	57.9228543832	56.3807828036	60.159627702	34.7301241397	69.0630568012	54.9966981058	64.0301373345	41.027724759	62.571106564	44.7168113436	62.2023528517	94.2403082206	52.0319878976	70.3422512113	43.2256556513	66.6368725303	55.0815215389	57.8988578081	46.5412513898	52.2606009808	58.9256854404	45.8276618283	46.3385501099	49.7719945032	55.8419324859	52.0361534567	62.3640395825	48.5665191075	55.9700181903	65.2714626857	59.439795795	52.4622689207	54.8194569656	60.0218704189	44.0996959902	60.4740042661
29.8184608053	49.3454117101	54.3263274074	55.2879361326	55.4527548964	49.0576076926	45.5567161001	52.1972675351	43.7292683419	45.855267232	45.7538701762	52.3422274288	50.4618818872	43.4449644511	60.4802600166	50.4540850197	52.2941774066	39.0372659299	55.4463131607	61.5639364245	43.3027043564	57.3622552818	54.1100875433	47.860731462	47.7422683103	43.6200927314	55.3058033374	31.2392185207	47.6975764738	50.9305195547	39.6151885945	44.4141821526	57.3118049337	37.8977472151	58.9031191794	56.9610664987	52.0319878976	94.2403082206	59.5190806393	33.8703386181	48.8115002243	50.3687850094	47.608811678	37.4308208059	45.7057205298	36.0347136533	50.2871960051	53.1703261726	50.1179163792	49.7235894806	37.37068318	61.3520072742	33.8178563206	64.7013506482	53.9241661278	28.9202792429	45.6101097157	50.0007278734	48.1920819169	41.4251385952	50.2796284826
46.9298822921	71.2345497796	57.9554979312	55.7484078468	58.9484265596	72.4258566028	48.7276870789	62.7919948281	59.8218934317	57.8627134723	61.6542916529	69.2461595437	69.0856283249	42.3384845097	68.2941980757	59.2060451015	60.7610668266	54.2931141481	63.8083325309	68.0087699709	68.3847066847	66.8631212916	50.8118625234	61.8644587047	33.4730471385	60.3482571039	53.3969508705	52.3374617508	40.2628498793	72.3685364618	60.7498921283	61.250712978	43.9206325983	58.8820383967	51.7013736844	69.5595650132	70.3422512113	59.5190806393	94.2403082206	41.3423199339	69.0715431415	66.5372370949	69.1883683604	45.8699418369	56.9556712575	62.4941620556	57.6683199965	56.2880453557	52.7514822089	64.3161824089	62.7346485587	73.311716759	44.5100341777	70.5160063525	70.7965150602	58.256983578	60.7455428587	57.3604284451	67.3622031937	45.9732984793	72.0045196703
50.949792313	46.2511247914	61.8358335219	39.1748673389	51.1272757211	42.0520433114	42.2744728937	36.715774035	68.393694272	45.8172674187	46.4434812751	59.3012951572	58.5357112926	57.815769924	38.1269717619	45.9216927907	39.9163022825	57.5019686914	36.5118529049	61.3275929634	44.7582015913	52.0218338448	53.4944816633	52.8942366897	60.1766006913	34.3397390683	40.9906388023	63.4754411108	57.3020157436	62.2846817353	46.1968837372	62.2137524316	38.2082239646	66.2440759668	46.7440887293	50.7051490369	43.2256556513	33.8703386181	41.3423199339	94.2403082206	49.7801565484	47.9387347121	56.4680244056	69.2799337299	49.2628462758	54.3172031946	38.434947283	53.8511965361	49.5285693887	51.7637476268	61.4222298602	43.9700494619	54.0438124005	42.5284622207	41.2778879793	59.1697176261	47.9472465444	68.0445171426	43.7790824352	58.8761410139	47.5551042591
47.153486647	55.0087616706	50.9855004072	53.37384603	51.550003182	71.6706184101	54.4054620286	54.5699873581	68.829603252	54.4950852403	42.9746447995	66.0778289017	78.5760592272	30.638871593	54.9318278797	70.2751205954	71.1379979379	35.6925832234	60.6233599964	66.0910334759	84.1118151088	57.2256388181	44.8046853531	56.5357772188	30.0678538763	64.9867473535	44.4740002672	69.8324566334	43.6018787434	71.071336279	70.3987883925	60.4311451854	51.933970381	65.919049866	41.411897094	73.9840683536	66.6368725303	48.8115002243	69.0715431415	49.7801565484	94.2403082206	72.8371763219	74.765422165	44.924228836	69.5948291235	56.9391308195	64.2515957864	54.6338772613	59.921700965	62.7587481885	60.5836121755	59.5471215263	47.8958249943	69.0798833492	85.0766981652	61.2837846033	63.1310469126	64.0157005311	74.0700266208	36.1005313663	56.9282908823
36.2316106422	65.5454206187	58.7503720861	58.5325949025	64.7720397684	72.2338002236	61.6386175967	54.2682084111	61.8849633534	58.9172746133	52.465062456	63.7786953824	71.2882555805	46.9626159986	57.3082204697	70.6814232676	71.2804376893	36.4272297162	61.8049707452	58.5445438153	79.3352230406	55.8792364793	42.429112055	60.8680398961	35.501940809	61.4622922569	53.1365930333	55.905086169	34.4720192656	73.0877605482	67.7125574305	65.7828621695	54.4013037526	57.5649244926	51.5798885003	65.455530025	55.0815215389	50.3687850094	66.5372370949	47.9387347121	72.8371763219	94.2403082206	79.2184646964	51.2299073608	71.0974806921	67.6967869837	69.5874905844	65.1913673282	63.1524257815	67.5901485728	74.271417217	68.6865844638	39.4690685036	68.9575648148	78.9754557965	61.1908547238	68.860906812	64.5473472113	81.2684331469	48.6552112894	65.1682392602
46.7015023683	65.3833489253	66.5246784916	56.1542243123	61.1336604167	73.0663857035	65.109673668	56.2064153402	70.1676057038	64.0256363622	52.4537615764	73.0678764035	80.6322509388	49.0044873629	67.4547526116	73.0081970423	71.6197391601	45.5836649952	59.8266455882	65.3260547936	78.6665055739	61.6428375228	53.8468920173	65.8882574498	36.6166689118	65.6415529553	49.565305023	64.945578472	46.143624059	79.815321685	76.190757543	67.9003984387	57.9191100639	62.7606299725	53.0554647986	73.7109551301	57.8988578081	47.608811678	69.1883683604	56.4680244056	74.765422165	79.2184646964	94.2403082206	51.522400325	74.2329726997	60.0620476125	68.8649213792	62.7172922801	62.0168469402	71.8587271326	77.2747709543	67.2687085467	48.5646633762	77.8287049256	75.5105599407	64.853969135	71.3185855264	69.2334761975	76.3825096338	53.3103141154	66.8836172519
52.9931909346	49.420521413	69.7608474992	65.9413056588	64.6934375508	51.6649224338	50.9152708709	54.3787306602	61.1001473884	41.1176213943	54.9139943067	56.2381650705	59.1778581976	68.0679657229	32.4161573558	54.115362097	40.9413673374	58.5223722385	51.7194904823	65.4093848493	43.86255441	64.0872452956	45.9431679012	48.3492623854	68.2080810639	36.951944942	69.1369735419	55.2642526422	61.3032927272	59.8848568644	40.837958584	74.5698495858	46.8655951786	61.5533361073	59.8763785802	49.8135610698	46.5412513898	37.4308208059	45.8699418369	69.2799337299	44.924228836	51.2299073608	51.522400325	94.2403082206	56.4563729856	63.1213551166	52.2712033425	61.5327091046	63.8831876863	44.5250059664	67.4465229192	43.300197856	64.2909561197	43.9078018586	40.7929942687	68.7608627061	54.9862385672	67.6579997747	50.7438526201	62.2940288762	60.1470714124
47.8536838518	49.415387902	58.3526150523	62.2076563495	60.4414365827	66.4575675137	68.9064372346	49.8079783421	60.5748235871	53.1288147837	45.3782102671	60.4278917499	70.0779481287	47.9679800541	46.6219655326	75.1187947849	65.3536372168	40.0729645346	60.7007157301	63.6545525352	70.341169275	50.7145586144	37.6705878204	50.7035190648	42.4544323526	57.4040426845	52.8047400836	62.4932559209	49.610637091	69.3499486947	64.5053311748	60.3401907834	57.7364369589	58.5413479427	51.1393051957	61.2021610714	52.2606009808	45.7057205298	56.9556712575	49.2628462758	69.5948291235	71.0974806921	74.2329726997	56.4563729856	94.2403082206	53.1749291489	64.7947866008	56.2052466591	68.2644811966	55.8867882905	66.1480024587	53.2479120555	48.0543799475	62.153146145	66.5706240808	62.1283002975	59.1127783596	58.2867122361	75.112493077	47.5574225559	57.6885614363
40.3158213933	69.4952296102	62.5196127184	56.1884232803	68.484197823	63.4212840485	47.8788917452	57.0079284179	54.6753552073	39.2256134299	63.0023071186	58.6248433915	59.7643583922	58.4575850598	45.021932505	54.7634031756	45.4971629488	54.7923848095	52.170038599	61.3017057078	60.8212297831	62.2064234759	49.1870260649	61.1484426699	45.2284331378	47.7773579291	60.0656909334	52.6065240832	36.7050050206	65.8216662226	54.4547763622	69.3608048773	42.2364639201	66.5741599242	53.6941346987	57.6996173131	58.9256854404	36.0347136533	62.4941620556	54.3172031946	56.9391308195	67.6967869837	60.0620476125	63.1213551166	53.1749291489	94.2403082206	57.8062481121	65.7243889909	54.7125533577	63.4709794388	71.5231003769	59.9195009302	52.781928049	50.6629969177	59.9815716905	68.0864244848	69.9068723029	65.0683955865	60.1896442512	63.9660715101	65.3319950303
19.9608821835	59.6595730571	65.8341368601	71.9899946816	68.8679660307	64.7511947	68.5787063705	66.1844073391	54.1888952224	44.4189720587	51.1060892382	62.3500877221	77.6297174976	44.4731007845	48.4820511499	77.7834289583	60.9800271106	36.5105660598	63.9600336117	61.5691672045	69.3847389172	68.4046473901	40.4443396024	59.0415893078	49.6918456977	57.7663890313	56.7254588482	40.2866992197	48.2943440846	62.3126427482	60.8325216748	66.1696199077	62.5516173767	42.749240278	58.1744538204	70.1833143803	45.8276618283	50.2871960051	57.6683199965	38.434947283	64.2515957864	69.5874905844	68.8649213792	52.2712033425	64.7947866008	57.8062481121	94.2403082206	72.0626017821	68.2529059175	65.068787511	67.090024029	61.8951580048	44.0576833085	71.2487961749	69.9237045751	62.0833620794	78.0520430999	62.3492640426	74.4899506042	53.851749741	52.7991654677
31.4937959247	69.4705206509	76.9324368202	64.511907587	74.6647232641	56.4478672427	66.5322938479	65.8438818335	56.0042312624	42.8683489072	61.1403918177	63.7401342767	66.5379430675	64.8331893128	49.9624714675	64.7017792444	51.6279032807	55.9838819803	59.6388823597	68.8803959499	51.6692712512	74.5386156643	52.3936310694	66.463747461	63.4320814544	52.5455101278	65.2666423803	36.0799818329	50.8474760037	63.703734415	50.8458314328	73.1914442022	62.9926968787	39.6718139291	71.0261180075	68.4542178317	46.3385501099	53.1703261726	56.2880453557	53.8511965361	54.6338772613	65.1913673282	62.7172922801	61.5327091046	56.2052466591	65.7243889909	72.0626017821	94.2403082206	68.0791125135	69.9059220355	71.5580820697	64.2054381053	45.9723034013	62.334327685	57.7204311793	69.8415749969	76.625544027	65.3109095824	65.6419622949	71.1246581504	59.5850022257
36.5186242977	49.2237480058	66.6393546299	68.6432729914	69.9422250765	51.9347657472	73.0715430726	57.6614926308	57.0612939317	45.0212929466	47.6104948124	56.9127270396	65.3768467122	54.5613370812	41.9295669317	78.0846834729	62.652868584	40.2851229425	65.3004725786	70.4044579715	52.7437843759	63.076120717	54.8156779252	50.3588849334	62.5530489037	51.2678093228	66.7052519471	46.5920508186	58.681178755	58.7051745043	51.9674706422	64.6589698411	71.2948893514	46.1182270815	68.7635742219	65.7613279329	49.7719945032	50.1179163792	52.7514822089	49.5285693887	59.921700965	63.1524257815	62.0168469402	63.8831876863	68.2644811966	54.7125533577	68.2529059175	68.0791125135	94.2403082206	53.0995850679	60.2397243844	46.6576051719	51.984602935	63.6829970089	56.3422071172	62.3130517329	63.9785725333	64.1832541511	68.9146616646	52.6649727972	59.432262288
36.5505990753	70.4648689356	65.5849432592	46.7077123564	64.1148177861	59.744345436	59.2352254262	60.6789500763	62.8600243955	42.8630742194	59.7621980094	75.2360184916	66.8107290626	49.8954961387	57.3366798752	62.7584280277	50.0378617132	56.5153619254	44.779092975	60.5736559934	63.1810883198	66.0561128656	52.2969551144	67.7529129124	48.9922270239	53.4901961296	46.1301786495	42.5372487374	36.7854294272	64.6102952731	54.7650040891	59.7777056481	46.4465395049	53.2121422632	55.0305506276	61.6460488414	55.8419324859	49.7235894806	64.3161824089	51.7637476268	62.7587481885	67.5901485728	71.8587271326	44.5250059664	55.8867882905	63.4709794388	65.068787511	69.9059220355	53.0995850679	94.2403082206	70.3947687875	64.4978322845	36.0375350527	65.3785588193	63.6649197121	56.5137109992	71.4356303601	64.8331929866	62.2846738257	61.2222927665	60.1900135139
43.8844152548	69.9080898438	71.8210603511	62.1319112902	67.5552338311	75.8582664202	61.7639790311	59.9524427177	64.2092532863	54.1285416746	64.9299161991	69.9104134971	75.2162424179	62.0159084258	55.1245061506	58.9013123261	57.3673161824	56.2697668237	56.3984210157	64.1564514441	70.2064457334	69.0727127839	46.9403260606	70.6931109971	45.0233009793	55.2330082013	57.5660856395	56.5484293432	47.4754625626	74.2447941977	61.9988040147	75.6885054577	54.6427929852	60.2621339772	61.4004591542	62.437385779	52.0361534567	37.37068318	62.7346485587	61.4222298602	60.5836121755	74.271417217	77.2747709543	67.4465229192	66.1480024587	71.5231003769	67.090024029	71.5580820697	60.2397243844	70.3947687875	94.2403082206	67.9903924225	53.847823299	64.1475143831	66.1545263863	76.7142478631	74.6368787882	70.7868986223	71.0606508796	63.7888686468	68.4880099689
39.3930787776	78.0354283406	63.27594347	60.6691470066	57.0847479775	74.3954163669	47.6174602901	65.6773705576	52.296692538	56.4703813472	55.983115887	66.123459617	69.7372137145	48.4402827464	70.1131880715	53.3117083876	52.750030987	57.1804301218	68.2970408188	64.8187473845	67.6786985463	70.1964812967	51.1977417648	68.5819309595	35.5014714097	54.4024141507	51.223780327	47.4494247943	37.4256180179	73.7761436202	60.3595692835	65.6054114681	43.6079523255	52.5790310778	60.40798366	66.9723535656	62.3640395825	61.3520072742	73.311716759	43.9700494619	59.5471215263	68.6865844638	67.2687085467	43.300197856	53.2479120555	59.9195009302	61.8951580048	64.2054381053	46.6576051719	64.4978322845	67.9903924225	94.2403082206	33.3160224865	68.0025624375	70.0014399032	62.1848853179	65.1713922956	55.9663179305	62.368960183	54.1859229455	63.7512925511
46.4504363035	36.494140798	62.2839771962	61.1520063121	56.7986613359	48.863959716	42.4772651122	43.4269695261	46.6960998795	40.3633070499	47.4994895131	40.0461738147	52.7825652687	50.1004581755	31.8568714322	46.2085892106	46.3924696174	35.8728536255	45.3539344824	61.4670858418	44.8864513107	49.717554722	56.3236311478	37.8787681837	44.7727806111	54.3344120335	60.9066507415	60.3897823585	64.5268214883	55.4646849927	43.814729514	59.1631679174	59.8256170516	58.0780074702	49.3591440784	51.9630109371	48.5665191075	33.8178563206	44.5100341777	54.0438124005	47.8958249943	39.4690685036	48.5646633762	64.2909561197	48.0543799475	52.781928049	44.0576833085	45.9723034013	51.984602935	36.0375350527	53.847823299	33.3160224865	94.2403082206	45.5066878848	44.7948523671	55.1374489571	55.8506762016	52.6863192352	50.5783291363	55.6336226461	46.0485751292
36.1029887776	61.6089714774	64.7713928943	60.6767110049	58.3901825543	69.2345569555	60.3206456592	63.9388779516	61.3635812707	59.5894495688	52.1414727548	67.1335758475	78.6158538412	45.1965041771	74.7041003437	69.9142622455	69.0903786887	43.0603666468	67.3210796945	66.0905880006	71.0800555223	66.7343501631	62.4261794927	66.1757512763	39.8124408553	66.2511411439	56.4654952474	52.6348945752	48.9043260091	69.1048742427	71.6168869295	61.2734885218	63.996142167	56.0293083961	57.9246888023	73.4883974377	55.9700181903	64.7013506482	70.5160063525	42.5284622207	69.0798833492	68.9575648148	77.8287049256	43.9078018586	62.153146145	50.6629969177	71.2487961749	62.334327685	63.6829970089	65.3785588193	64.1475143831	68.0025624375	45.5066878848	94.2403082206	71.0516683889	55.6388982347	71.5597691271	68.029723982	68.8814079037	48.5038452904	58.5254318761
37.4394374712	62.4398561319	56.4432874369	60.4052668051	58.529764909	77.9697476629	52.5341360478	59.6706143095	58.9631522768	55.3832564213	47.3064785897	62.6001288111	77.8213856841	37.4268347331	61.242946419	66.3133444537	71.5086423989	30.594088281	65.37018605	61.2311568742	86.8995279427	58.3346503654	40.3010549316	56.2036956864	24.6972126694	72.1975158938	50.554363236	62.7719758829	35.3912271861	75.1073282269	69.5622178241	67.0435788266	53.7995325539	61.9847552992	44.634470576	73.982801135	65.2714626857	53.9241661278	70.7965150602	41.2778879793	85.0766981652	78.9754557965	75.5105599407	40.7929942687	66.5706240808	59.9815716905	69.9237045751	57.7204311793	56.3422071172	63.6649197121	66.1545263863	70.0014399032	44.7948523671	71.0516683889	94.2403082206	60.7130590494	71.2639992186	63.0767690386	79.3262138977	40.8162189609	54.0943407528
57.398972284	67.4515320634	64.2027473594	66.1035798484	62.3790810695	68.6247894461	57.8214133958	64.4403367378	61.4744175054	46.3212823209	53.0381777834	66.9460756003	74.2213584174	62.7299901849	46.5834851092	58.186249144	44.5560273066	60.0799673555	62.4298450714	69.2875973916	63.3529068929	69.2797445214	44.4335043513	61.8674547576	44.9991291125	52.5770494393	65.1181523406	62.4235453437	48.0130425876	72.7687676321	57.1309389292	83.2140688993	47.3911070048	58.9899767183	60.945076207	67.6236724454	59.439795795	28.9202792429	58.256983578	59.1697176261	61.2837846033	61.1908547238	64.853969135	68.7608627061	62.1283002975	68.0864244848	62.0833620794	69.8415749969	62.3130517329	56.5137109992	76.7142478631	62.1848853179	55.1374489571	55.6388982347	60.7130590494	94.2403082206	69.9860129276	63.3832303988	66.9395490938	60.8663893371	63.0609281655
27.7124941747	66.4596031286	77.0871700921	70.4229127115	71.6737288571	68.0013520889	61.418796127	67.7597956528	56.1973848006	47.2575832317	61.7088648993	60.1278807368	77.0682444322	55.6448633157	55.9624917266	69.3513348911	60.2062862114	45.8318566498	60.4380311387	63.4705451407	71.8825374218	73.388215018	53.9327103298	64.667222128	49.1898169693	65.9996971358	59.9027929595	49.1859648066	49.3384741677	71.2226360965	59.9167943191	77.2529124449	67.6465891499	53.1268794064	62.9287136886	70.1036980724	52.4622689207	45.6101097157	60.7455428587	47.9472465444	63.1310469126	68.860906812	71.3185855264	54.9862385672	59.1127783596	69.9068723029	78.0520430999	76.625544027	63.9785725333	71.4356303601	74.6368787882	65.1713922956	55.8506762016	71.5597691271	71.2639992186	69.9860129276	94.2403082206	69.9963409702	69.0241967842	71.048935202	52.9811285419
40.1195418464	58.627614149	69.7582068422	56.4120372553	65.2294289503	60.4450830423	52.7853800917	60.0226873506	73.8629121188	48.57791402	57.9811809772	65.1588255868	74.0355751374	52.864709769	60.9402921853	60.4360567531	59.6255421135	46.6401826423	52.7001234251	63.6932082213	62.948658951	65.0781043186	59.2300462766	63.1517071758	57.8519570763	52.8208912344	55.0011728821	57.8621402176	49.204454909	68.7246492405	58.6632403346	71.1922003626	55.6738918887	67.1963333295	54.7648637083	66.1995103893	54.8194569656	50.0007278734	57.3604284451	68.0445171426	64.0157005311	64.5473472113	69.2334761975	67.6579997747	58.2867122361	65.0683955865	62.3492640426	65.3109095824	64.1832541511	64.8331929866	70.7868986223	55.9663179305	52.6863192352	68.029723982	63.0767690386	63.3832303988	69.9963409702	94.2403082206	59.781329554	58.8319034978	57.9270831589
41.0370554546	61.8214122826	61.5305895117	67.5310549855	69.1296748251	70.0316252694	67.1836745849	57.8879265138	60.3864885553	54.5611783811	52.1513884034	63.7561860765	72.2332842633	51.1765315552	52.5737449327	72.9747112126	70.1183041528	31.7588616946	65.6667297679	65.4219762537	77.9764757645	56.3219837652	39.676632891	50.7984820262	38.2762506802	73.6125183726	65.211653121	56.1178031485	39.996921157	75.2045770965	70.0054149669	68.298350763	64.9376387528	50.8181538197	50.968782038	67.2952571147	60.0218704189	48.1920819169	67.3622031937	43.7790824352	74.0700266208	81.2684331469	76.3825096338	50.7438526201	75.112493077	60.1896442512	74.4899506042	65.6419622949	68.9146616646	62.2846738257	71.0606508796	62.368960183	50.5783291363	68.8814079037	79.3262138977	66.9395490938	69.0241967842	59.781329554	94.2403082206	49.2049094774	60.7921299015
38.4442338306	56.3863281377	82.2255385079	63.371356355	72.5484043417	47.846213116	56.6512130007	49.2134220607	50.4569960049	39.7749379684	66.9306259639	54.0427261166	56.0580965049	74.8507783804	44.8880364214	51.0692518129	41.8270874695	56.5001059724	39.3380001788	65.2950996632	42.2027117681	65.6648879116	59.1982245511	55.2755537739	69.4900184846	53.0619591263	60.767538973	40.9158406934	56.6741252857	65.1717787261	39.3827972935	69.7164424431	57.8279141892	45.3254174648	65.7427896249	52.3023985824	44.0996959902	41.4251385952	45.9732984793	58.8761410139	36.1005313663	48.6552112894	53.3103141154	62.2940288762	47.5574225559	63.9660715101	53.851749741	71.1246581504	52.6649727972	61.2222927665	63.7888686468	54.1859229455	55.6336226461	48.5038452904	40.8162189609	60.8663893371	71.048935202	58.8319034978	49.2049094774	94.2403082206	49.1115512154
53.142291808	65.598086047	60.4252874258	53.2844206565	62.2217062708	67.5991627523	52.4535941789	61.4752920186	59.7342146563	54.4641881058	51.2123383911	68.1052516602	61.6618854504	53.0772996099	56.7713848464	54.2939996919	54.7684524384	61.3989683899	63.1809001894	71.9731268556	55.3910793044	67.9806494887	58.1432946488	67.2436656859	41.7839852039	42.1773633489	61.1137502793	53.2177362801	47.1198266454	65.1326539108	56.0324584371	61.5306704748	44.4895542904	60.0835529416	65.4913948904	66.3910551405	60.4740042661	50.2796284826	72.0045196703	47.5551042591	56.9282908823	65.1682392602	66.8836172519	60.1470714124	57.6885614363	65.3319950303	52.7991654677	59.5850022257	59.432262288	60.1900135139	68.4880099689	63.7512925511	46.0485751292	58.5254318761	54.0943407528	63.0609281655	52.9811285419	57.9270831589	60.7921299015	49.1115512154	94.2403082206
Genotype stats (X^T * X): 	42.7176068725
Gene expression - Genotype stats (Y^T * X): 
-8.87751326056	-10.9613571493	-16.5849015802	-11.5749772718	-5.81590221566	-10.9799175484	-16.8604341107	-14.7352112452	-13.1039842017	-19.8133225915	-10.6525673942	-19.4012995557	-14.2958382686	-10.9921801456	-10.811118906	-18.1908202694	-11.8182250161	-13.0055133861	-12.7859521817	-21.2501959422	-7.44643082313	-15.4868820068	-14.1620838566	-12.171620258	-15.1196095497	-10.7644723469	-10.8815203393	-8.76542373277	-13.2448501672	-12.7197034838	-8.80884579237	-11.3180199351	-13.0269889844	-12.1460510718	-15.6601589023	-16.4679313749	-11.9370909093	-15.9094126616	-18.6002436639	-12.8661678123	-14.7968874677	-8.54284068347	-11.42893243	-12.8313809246	-10.261816635	-5.19998705723	-13.8142276692	-16.4837635734	-17.6423839193	-12.9646216657	-8.83025950393	-11.6569056708	-13.2521782566	-16.516875305	-11.9785040686	-8.70401021639	-12.2872110575	-14.8962379803	-8.75605726549	-12.3967031849	-11.7440776002