Tissue	braincerebellum
N_samples	102
Chr	17
Gene	ENSG00000141540.6
SNP	rs7207050
Gene_list	ENSG00000141934.5	ENSG00000005513.9	ENSG00000177105.9	ENSG00000166394.10	ENSG00000109099.9	ENSG00000151552.7	ENSG00000129538.9	ENSG00000150867.9	ENSG00000166091.15	ENSG00000158865.8	ENSG00000204655.7	ENSG00000126860.7	ENSG00000105695.10	ENSG00000012124.10	ENSG00000011426.6	ENSG00000128283.6	ENSG00000100146.12	ENSG00000167641.6	ENSG00000100242.11	ENSG00000146122.12	ENSG00000173786.12	ENSG00000049089.9	ENSG00000092529.18	ENSG00000079435.5	ENSG00000179178.6	ENSG00000066322.8	ENSG00000086205.12	ENSG00000167755.9	ENSG00000186417.9	ENSG00000134851.8	ENSG00000065361.10	ENSG00000102934.5	ENSG00000124920.9	ENSG00000176485.6	ENSG00000126803.8	ENSG00000126822.11	ENSG00000172508.6	ENSG00000150656.10	ENSG00000141540.6	ENSG00000114993.11	ENSG00000103089.4	ENSG00000166348.13	ENSG00000141524.11	ENSG00000204278.8	ENSG00000164176.8	ENSG00000073417.10	ENSG00000104267.5	ENSG00000118785.9	ENSG00000187764.7	ENSG00000172005.6	ENSG00000197430.6	ENSG00000080822.12	ENSG00000203485.8	ENSG00000070214.11	ENSG00000134243.7	ENSG00000174607.6	ENSG00000136867.6	ENSG00000136960.8	ENSG00000170775.2	ENSG00000167123.14	ENSG00000091513.10	ENSG00000104419.10	ENSG00000148826.6	ENSG00000132702.8	ENSG00000136541.10	ENSG00000164124.6	ENSG00000176381.4	ENSG00000013297.6	ENSG00000117266.11	ENSG00000196187.7	ENSG00000116574.4	ENSG00000115468.7
Gene expression stats (Y^T * Y): 
94.2403082206	51.1910071862	64.3665990693	59.3925962174	53.9572023316	54.3767329456	55.4755111592	70.9301229856	62.3093990544	65.0034032939	61.1276275031	66.4177486246	67.1733700042	70.3107618031	63.323575696	70.6664726521	66.7786384317	56.5448658677	47.3090548203	59.1923382672	55.2496315508	65.1433818459	62.5775978116	59.7691578316	60.9082387763	61.2684138098	64.0632038462	69.8007800308	60.7719485135	53.557129706	72.4101617115	66.965607889	68.9722648492	60.8814876558	73.2631154052	52.2056538394	62.8937526086	60.7289849367	70.0117434064	61.706308418	72.9285975637	46.986588519	52.7921472725	61.5327317869	60.5690493535	65.5145781822	56.4325064103	52.002437689	56.9026925523	59.2279892034	65.6594336396	51.9959142788	64.133774969	62.7931592387	53.9205082335	66.9938793829	63.7706465621	66.1582620017	64.9452738644	45.0348283743	58.3967813093	52.7554534453	66.4737270953	57.624123917	60.3312258583	64.7533934337	58.3495064749	59.1536683585	57.2236493026	56.3736512512	53.2203811243	65.1641949845
51.1910071862	94.2403082206	58.0125123043	46.5225520442	30.7536078451	51.0531972903	36.6807339844	59.9285011961	53.8250232876	59.9305624815	50.1935091777	53.4930680397	55.1345479554	57.6821969805	58.1743199543	58.4387284143	65.2197109123	54.602558601	41.7023848413	55.8719652401	46.8931436211	68.9548097385	51.2410371275	56.3940164041	53.1497930801	46.242494343	56.1364328986	54.6859790001	55.2216926429	52.7934732678	59.5362475737	62.1971399684	56.3818925108	49.5418330335	61.9672178673	35.3600127014	56.8907142107	49.2247730349	57.8908098389	62.089018866	63.4914868029	45.5343065858	56.1200665815	54.092597636	44.2076502561	51.8607327941	18.5651359726	32.2666996716	53.5208321478	53.6104571041	50.11240747	50.0753275831	55.3368202067	54.9967672528	46.5271222412	54.2258174261	46.8859173433	50.6987842701	50.2686416048	42.6535014658	53.6244218342	38.9963948822	60.2199638479	58.8354475021	53.3944882856	49.7803113225	63.0017003149	33.8735627063	46.8239778791	49.7316954251	52.0677595427	52.3968909134
64.3665990693	58.0125123043	94.2403082206	63.1080261505	51.5889427079	54.1209280362	50.6887799273	67.7313388845	63.3375645573	57.2323008154	61.5361004707	66.3497904607	69.8713635977	68.1599797576	64.1214262254	71.9536296567	70.9885157678	64.716865849	46.8286010204	57.4513972262	56.5303776104	65.8644275564	59.1008678878	58.0647805398	66.5183294744	72.6911568041	73.1194408801	71.1654264868	66.1467526642	56.9455958542	70.978177969	68.6306842336	71.2006163813	58.6100922448	72.1123816698	52.7257727252	65.3598190371	55.1132105092	68.7006338087	61.0826373349	74.3589036065	44.9900802013	58.1994084944	66.8263567695	48.5460480246	68.0368181404	40.2217021625	52.8319904132	57.765287341	61.5946898958	66.3680690862	44.4684178527	65.4424522389	65.0629397521	45.3794075653	54.6643205212	62.3408234636	61.2596627709	61.6978847029	47.9509651814	58.8878163454	54.1394063968	71.6664080792	65.1069647882	58.7777707938	62.585818575	62.529988601	58.6330147277	51.3133518145	52.6804301536	61.3313966526	60.0100085321
59.3925962174	46.5225520442	63.1080261505	94.2403082206	44.9787459379	46.4183541511	47.3514579159	51.59027401	51.9497341719	49.3423955078	53.8369747541	55.0208055673	58.6020679008	56.7081982269	48.2133608781	57.1410241098	65.0882096549	57.6318583703	32.7001985109	46.7245056057	49.0807133181	61.4638041321	54.5734618001	48.7663932615	64.3448426735	52.6289934693	63.2336239196	63.4784013422	56.6657105495	43.5895676171	59.1297011744	58.308805382	58.9991594293	51.5029329897	65.4576507583	43.2008859022	58.085357859	49.4167745842	57.6405005736	42.807454676	61.235963048	31.5759058709	42.9638753573	55.6426818793	52.1818673354	59.1619521607	43.0537240138	39.9384433775	51.3531753295	47.9932559136	60.8504118038	41.1804996982	51.0734844455	57.0432942628	27.7201458761	57.9484446603	56.1770057851	58.1725101287	58.8014307008	39.3079955831	53.7180451687	38.5672432319	59.507327391	42.9064824187	51.0289704023	52.7384420231	62.2549020186	47.8745133639	39.968386471	44.7533532908	43.8644311516	38.8042870076
53.9572023316	30.7536078451	51.5889427079	44.9787459379	94.2403082206	50.27165307	67.1043722274	60.4974546404	67.1989649106	42.0309879667	62.7624304927	62.2175689089	69.1632610251	52.3760149146	54.0883002796	56.2804355035	52.9002377797	54.6388641861	57.4222846905	49.2703246083	66.8312371627	47.1282884626	59.6745020296	41.0478692346	47.29070314	56.7193414708	49.0003860839	62.3908446952	43.1360434447	40.0080240949	56.8686516322	63.952368025	63.3286525441	67.2969315166	64.5746816826	36.3319140021	60.5155445069	59.5380049829	66.5607913304	47.8292867706	59.6805519159	42.9077279595	36.3703191753	49.7537360163	58.9942623785	45.2515592231	59.6529685667	64.3403233726	40.6221352356	74.0434235047	60.9096223144	63.1945731083	45.9451458697	65.4487491749	47.2069682482	50.7136996071	59.7206420431	65.0850904122	61.2589674606	55.9658839089	63.0619321623	64.9063076134	48.4642434014	54.7491686707	54.9288975418	62.1441611297	37.4100060721	75.2623293419	43.2474701817	56.1942823624	44.699323048	56.4438267897
54.3767329456	51.0531972903	54.1209280362	46.4183541511	50.27165307	94.2403082206	73.6629837188	67.2534810642	48.529274163	65.190469492	79.5674897877	57.8954324024	74.8107753902	56.6625741582	64.0476313156	67.9480164025	59.1148265353	76.1525137117	46.3782070403	57.4722020897	68.618209178	64.6616250429	74.66177451	53.1569846762	41.2813106283	62.0620569577	43.9931511053	73.8494473818	35.7757278213	51.006751794	53.5261951133	71.6494195536	74.6269404791	66.9728927672	65.5289840261	44.1380886293	74.8297501428	76.0874661373	62.0310720284	48.9998218087	62.8174486179	42.9849511608	62.2117389442	53.3405437724	55.9884835085	43.1914486604	51.2330575696	70.7413295389	61.4819103347	63.5383879207	57.8266517536	62.3681648668	66.6565739358	62.9868620271	40.0339372873	52.3871156795	46.9278904042	68.9841659443	53.2333689194	72.8236272411	80.4058607485	66.8575936128	69.72092695	52.9772936777	74.8639775275	58.9237681887	41.2579260459	68.4967895408	78.4473298269	70.0798631391	57.6269703735	63.7886313094
55.4755111592	36.6807339844	50.6887799273	47.3514579159	67.1043722274	73.6629837188	94.2403082206	61.5903387265	54.5876576674	51.4009544737	80.5624392932	57.2095046242	76.8575916548	52.2007798195	55.3057156414	60.2404026091	57.491421784	75.697316458	41.4863304083	52.0294188245	81.3794825178	55.9938645111	74.6773574364	42.4446029873	43.3518347082	64.3902549748	42.0598426247	67.0685434877	33.693208672	39.7653486328	52.0859183416	75.3878939594	71.2704250739	73.3283693731	64.1948730388	39.9329928367	75.9508564583	67.5977618985	61.2894520401	44.481331753	57.2268100001	45.5082795974	50.9106638503	47.7710223301	57.7154976941	39.7948241575	53.3604297506	65.6757192632	52.4726541465	69.8840001788	62.3970411077	67.2202319571	67.1932336774	59.4389691317	40.3766328998	47.8115944283	46.4489166141	66.7636921388	53.220003808	72.524202992	78.4416718185	74.3614382026	58.5110917888	58.1104237659	68.5780778488	57.9073549777	33.9993594754	79.2913183063	69.387878013	70.7045881172	47.2030811797	65.334147378
70.9301229856	59.9285011961	67.7313388845	51.59027401	60.4974546404	67.2534810642	61.5903387265	94.2403082206	67.9824881346	69.1668372141	78.7200967962	79.4576895276	79.6133485528	77.1601817536	77.2776033238	76.7647096286	75.9952655738	69.4743088245	55.996725372	68.8773862902	67.3267788934	70.6237143196	70.9075626129	68.2817663012	59.7657842745	73.5240274468	65.9487857355	80.2445600963	63.1456841181	63.0915318728	77.985123682	76.6682446771	83.3041149778	72.5175512885	79.9911092469	49.0524772487	75.0330181594	73.062952935	78.9608706572	69.914043397	81.9226697187	57.1621838085	65.2099876361	73.6030920227	66.5012423288	62.2040606432	54.9452402029	68.8167192039	60.9934120344	72.6907904945	75.1865234589	70.1237795227	68.766157887	78.6385755893	59.5047688842	69.6031639525	66.1373945206	80.056531026	69.8058500081	59.577883189	74.9748400395	68.516888996	79.1010135736	71.1026415646	79.5893838672	76.2177814882	63.1929204206	68.7121819883	66.6647390336	68.3442743021	70.1527161617	70.9821373218
62.3093990544	53.8250232876	63.3375645573	51.9497341719	67.1989649106	48.529274163	54.5876576674	67.9824881346	94.2403082206	47.7790499425	61.4213145462	62.7753283693	70.4848188264	64.7813700771	57.1700456877	64.0250050553	68.1313101088	56.2833998202	46.2521305587	56.7836508494	60.3305154281	65.1450854962	62.1348779598	51.247845608	57.6883298484	64.5310701751	65.8905578006	68.0510414296	57.7131796069	40.2038617535	63.8106016988	73.3559719132	65.97730283	60.636219558	68.7037550496	40.2599707467	63.8972927568	52.9500968539	69.3633304203	58.5741243034	69.24960995	38.1936422847	44.7940625863	64.4462513639	53.6915169918	56.6455223807	39.1179512289	48.0189037714	49.7836972639	74.7582557364	65.887972553	57.9431399588	53.2732656321	63.6815172455	49.7120895331	54.0020720906	57.8864532639	63.3174315655	61.4349721436	50.8206619673	58.8373707964	50.1502336321	60.5313267763	59.6335062684	58.8108936377	68.7207140313	53.5467617322	53.7307249164	46.2043032629	53.5419635212	50.7708387335	58.1187216676
65.0034032939	59.9305624815	57.2323008154	49.3423955078	42.0309879667	65.190469492	51.4009544737	69.1668372141	47.7790499425	94.2403082206	65.0825285393	67.372937044	66.3208971593	69.4705360682	73.2641079699	73.2233339717	66.106674928	67.2135331444	46.4114364679	67.1826605753	57.3898912851	74.8089130382	62.2432375607	65.7197034095	45.4339499332	59.8711757615	52.1402368422	74.3429748508	53.6423917554	52.3774810175	64.8432052018	67.9162010413	71.3694545488	60.8640376131	69.6589700711	46.8856800949	68.1145388498	64.1957026078	63.4767254285	57.9183317467	75.3171085957	60.5261260252	63.9638732157	57.7403822278	56.004441065	52.4674761555	48.6416575486	56.4564327626	65.5535189964	54.6534878203	53.7301291805	56.0207630037	70.5206101754	70.3866709521	54.457448253	62.0319905088	51.2688920448	66.027490156	52.7746122892	48.1398532518	66.0127331536	58.3587967294	78.1570510816	58.6873152819	73.180399856	57.6877317295	52.623451576	59.1270290875	70.2524231034	63.1654923455	60.104047551	65.128436744
61.1276275031	50.1935091777	61.5361004707	53.8369747541	62.7624304927	79.5674897877	80.5624392932	78.7200967962	61.4213145462	65.0825285393	94.2403082206	66.816834111	86.0430651042	68.4075041667	71.3819294419	71.6206022223	67.8310528261	79.1723543758	49.0257094081	63.0953108049	82.3687017595	71.1440871833	82.4375055155	58.3517945802	49.0455147886	71.8467412891	52.9037006541	81.4349040861	45.4278893685	56.011583138	63.9796600326	80.0151369927	86.3358063143	75.6872950419	73.0334207403	44.9664301265	85.3981811509	78.1888827005	72.2557314236	58.4587816351	71.2927721212	51.6898879079	66.3021843852	63.93919903	62.132665409	51.5741810279	57.4310030155	74.5242841843	67.0966909077	74.0019655376	71.611388484	75.7098609459	72.5949512935	71.8480848772	44.801448564	55.9096718758	57.2095025705	77.7469542992	59.5371305082	78.1968953412	87.26295108	75.3252478915	76.3106288927	70.2773611197	83.370886897	71.0384647881	46.2332379639	79.1611669584	81.4096350638	77.5183045033	61.3425888779	71.1887693173
66.4177486246	53.4930680397	66.3497904607	55.0208055673	62.2175689089	57.8954324024	57.2095046242	79.4576895276	62.7753283693	67.372937044	66.816834111	94.2403082206	71.2757897804	69.1846584337	82.6082787366	66.0507484885	70.9288780057	60.0726086536	54.0619168413	63.5543332602	63.3859450144	62.7004066959	59.5560093304	67.0132377748	63.7460174424	65.3910061045	70.2357513016	74.509299445	71.0669166879	54.0657327685	78.7250636424	71.2339852592	75.0633854069	66.0205010288	81.6737823918	50.9131999073	63.9633260958	68.9225095117	79.3439661959	61.6188042243	78.7616482195	59.8799503951	54.1994582806	62.7322321237	75.0605374408	64.2967189725	60.4562168287	61.3164084887	52.7256663606	64.5370880073	67.2111889463	62.8524459249	65.2297804233	77.5413477611	59.7303650918	80.9196981592	66.3492697916	82.1781071792	78.1293249162	48.9387788319	68.1226493947	57.9817692906	66.7709827013	62.12365197	75.3686890303	78.279823828	64.7975727875	69.1965443717	55.7918674842	65.432628138	57.1345227148	64.327564064
67.1733700042	55.1345479554	69.8713635977	58.6020679008	69.1632610251	74.8107753902	76.8575916548	79.6133485528	70.4848188264	66.3208971593	86.0430651042	71.2757897804	94.2403082206	68.5316643033	72.835989053	79.8298021622	75.8488921946	79.4472071391	52.2232000101	65.4975838189	83.0342051224	74.0842914617	79.3613836551	66.7627734229	60.4409194504	74.4032774568	60.8003797374	85.5730425094	52.6224705631	58.7467498027	67.8508966492	84.8660084163	86.2278890675	76.5770544887	81.7188647324	50.2723056433	85.0673287953	79.6795792781	78.0374098265	60.02573244	80.4009531666	50.1268968471	64.3223363566	67.9177087393	66.54924414	57.4848396836	60.2671700354	74.8131888906	61.1325006048	77.9489278337	74.6866043932	72.1483119904	70.9848989494	74.8671879266	48.3011947654	64.1600275698	60.4741512775	81.1512808203	70.1746696581	71.4801525091	85.6896619949	75.6613514584	77.3055012516	70.9077356139	79.4943660454	76.5571137358	54.4604073585	77.5473062505	72.8720241173	70.8852893166	61.2534666182	72.3349444753
70.3107618031	57.6821969805	68.1599797576	56.7081982269	52.3760149146	56.6625741582	52.2007798195	77.1601817536	64.7813700771	69.4705360682	68.4075041667	69.1846584337	68.5316643033	94.2403082206	69.6302885402	72.890881272	73.8046584795	64.060400422	51.3110998423	64.8013586174	55.2194526455	74.1900569644	67.9605524974	63.0132033199	60.3850396905	66.1330062223	68.8425881415	73.8314750565	60.5563719311	56.0179999802	81.4977181276	71.5154569032	78.683432149	61.9548514147	71.2665260774	53.4268117495	69.028345305	61.5173555717	72.7213652564	68.305371569	78.7026772168	54.1385525239	65.0576004549	75.4187638688	52.9356701379	66.964660095	45.3346778169	54.0812188745	66.3994718174	62.322687599	71.3107464172	57.7908855419	68.5124903533	71.2943747723	55.1539816359	60.2432782034	66.9402501064	69.6200152884	59.9517694628	52.4193900918	63.1757194915	54.5035396947	74.5027346625	65.7676515868	66.6639677411	61.7605585685	60.0291411051	57.0560066958	60.9266825961	66.4418517959	64.8378431725	60.2240050643
63.323575696	58.1743199543	64.1214262254	48.2133608781	54.0883002796	64.0476313156	55.3057156414	77.2776033238	57.1700456877	73.2641079699	71.3819294419	82.6082787366	72.835989053	69.6302885402	94.2403082206	65.4129622686	70.5538011078	63.4814735705	55.9021503948	67.9210979848	66.1183671901	68.493217387	63.1304944431	65.7828432765	55.9806239211	65.6952115611	64.5802011896	75.5730240328	64.2839234459	58.0218243911	75.5960702482	69.3861061128	74.3727145742	64.7392976269	79.3275967251	51.8291487575	67.1669524912	70.018755172	74.7787438284	61.4124593255	81.2448181655	62.5357011986	64.1740453464	63.2152519346	67.679879278	55.1128558556	59.4996198454	65.3480208592	63.0852621525	63.4467060738	59.5160249861	60.3137097369	65.1156653258	75.5831729889	62.8536174154	75.4776713716	64.9875913097	78.419495264	70.3870565865	53.0624923133	74.4625795516	59.331056618	70.310016687	63.7857596829	77.0201922291	75.2188437979	62.46848441	69.040197067	66.8166428895	68.3699415377	61.7599376131	72.0121950553
70.6664726521	58.4387284143	71.9536296567	57.1410241098	56.2804355035	67.9480164025	60.2404026091	76.7647096286	64.0250050553	73.2233339717	71.6206022223	66.0507484885	79.8298021622	72.890881272	65.4129622686	94.2403082206	73.775826165	73.8632090032	46.931633212	69.3354054718	65.0301612197	73.7992215689	70.8345365681	68.9828063362	60.3521480901	68.9187800928	62.7241294665	80.524266132	54.4079644196	58.9882884684	70.3826127099	76.0308579779	80.3385426083	70.2079995672	77.9555878789	54.4885113509	75.7541273745	66.8128177964	71.5980343518	61.5634955789	77.7852952054	47.7659272305	64.4454723317	71.0122662354	59.3990841332	64.1426759986	49.4271027206	64.1391800582	60.1611754744	67.3533435322	71.4455083128	60.0429040897	71.4949182894	73.0661018281	42.3427618614	58.9203153484	59.1765438744	69.9202981237	61.0604563389	55.8375495227	71.2706541612	70.2128296812	81.7338027019	63.1285403784	72.9023856776	65.9153655586	55.1716527971	62.793415278	67.024643056	59.2509842483	61.0736528462	67.2606912197
66.7786384317	65.2197109123	70.9885157678	65.0882096549	52.9002377797	59.1148265353	57.491421784	75.9952655738	68.1313101088	66.106674928	67.8310528261	70.9288780057	75.8488921946	73.8046584795	70.5538011078	73.775826165	94.2403082206	66.729156756	46.0775925235	62.2905343322	63.4479357141	71.4475471927	68.6642943461	64.016677368	64.7587555523	66.0989888826	66.2637882051	75.9779280378	60.9253416902	54.2199759648	74.8103727746	76.6768635233	74.2297644807	66.192661915	77.7139325241	44.7209717765	70.6746222198	61.0584371829	70.8875376247	68.7816622404	81.6165741616	46.9329087978	58.4411879193	70.7208159676	61.8199404859	58.5354809723	46.2628408776	55.9064688873	59.4941485279	63.9057255966	66.4603530584	57.7373995833	65.9092797796	69.7682785908	48.6082864372	68.4980267111	63.7819949295	70.2327714081	65.40973812	51.822874203	69.4600741042	57.0326111596	75.5966948162	66.4250961606	66.3730743857	66.4124020855	66.6450680126	59.0167718845	58.696124244	60.3542494166	64.6555703965	61.6567334977
56.5448658677	54.602558601	64.716865849	57.6318583703	54.6388641861	76.1525137117	75.697316458	69.4743088245	56.2833998202	67.2135331444	79.1723543758	60.0726086536	79.4472071391	64.060400422	63.4814735705	73.8632090032	66.729156756	94.2403082206	41.2623562964	69.3746504616	75.8472112381	74.5973301471	76.7534493353	56.1883679521	51.2638303463	71.9769555169	54.2579917717	73.8953252366	43.536017271	49.7832145354	59.5981270073	79.7122107436	76.3876508487	71.8036619532	69.4096204732	50.2662506489	82.4449997319	69.243039382	65.4199638222	52.0257710466	68.344778478	45.2948011898	68.1609457535	62.817615464	51.8661735719	48.839617917	47.6733486543	62.3070981912	61.7906802756	68.3400937212	68.0571337619	66.4473138755	78.3406222097	66.1827606142	46.6021803718	50.7713718407	48.9964596991	69.1379055351	51.7558459848	72.9390691572	74.5042916952	72.2235088169	78.013397235	65.8129163825	73.0312948119	59.1581924169	47.118553877	69.2689449566	73.3441068415	69.915187	61.2658670407	68.6362129299
47.3090548203	41.7023848413	46.8286010204	32.7001985109	57.4222846905	46.3782070403	41.4863304083	55.996725372	46.2521305587	46.4114364679	49.0257094081	54.0619168413	52.2232000101	51.3110998423	55.9021503948	46.931633212	46.0775925235	41.2623562964	94.2403082206	38.5085189061	43.6492755008	46.5600747887	38.8105286885	47.2497301798	31.5142812906	43.3057099348	35.9657206725	56.8526603255	36.0256420463	45.1253605057	56.1290006861	54.5946345542	59.296931714	51.2298714236	58.5070398815	41.256340229	45.9506239771	53.8884824712	66.7817101996	53.8991371383	57.8367638096	47.895364609	53.372572942	42.9000029166	47.0220885547	35.5712189111	51.1193683586	58.5165061287	40.6294767202	50.443930471	45.8019463029	45.6128182261	43.7360617703	58.126332678	51.7048764578	45.8870431084	46.5241755778	57.0010786852	53.9201383375	37.873761562	52.1182328342	45.2279303517	45.8983437697	50.7546284137	45.8046968057	58.532396261	33.7352047292	59.2261756205	42.9016388818	56.4072090805	49.8056312768	50.6507877739
59.1923382672	55.8719652401	57.4513972262	46.7245056057	49.2703246083	57.4722020897	52.0294188245	68.8773862902	56.7836508494	67.1826605753	63.0953108049	63.5543332602	65.4975838189	64.8013586174	67.9210979848	69.3354054718	62.2905343322	69.3746504616	38.5085189061	94.2403082206	61.9183593988	71.9678365321	63.1091095138	59.3809371833	56.1633927739	58.6737316009	58.5611490137	63.7053661927	57.4199556	50.7085363776	62.2133505551	65.6690382458	64.7863205035	61.4877990866	68.5626054052	49.8925208333	68.2704535837	53.4051928642	66.72062671	57.1482616013	67.815256318	52.4250254536	59.7138449717	64.8977557441	58.7838542439	56.3984473697	47.6724004957	47.0657875752	62.8486548712	64.7643013291	67.46023716	64.8954594462	64.1595367147	71.8357302546	55.8560443331	58.1134985023	51.9462706722	65.0863552677	53.7233334611	52.3623586279	60.4511271869	64.0971672877	68.6566829979	54.1502855782	73.0125023333	61.564214286	53.1752382992	56.5309514128	57.8746431569	54.4080960032	58.1633182349	68.2239482548
55.2496315508	46.8931436211	56.5303776104	49.0807133181	66.8312371627	68.618209178	81.3794825178	67.3267788934	60.3305154281	57.3898912851	82.3687017595	63.3859450144	83.0342051224	55.2194526455	66.1183671901	65.0301612197	63.4479357141	75.8472112381	43.6492755008	61.9183593988	94.2403082206	63.82763233	73.3540136332	54.8734646284	49.9927332847	65.4358505645	50.7963948362	72.4221162667	47.3677362907	50.7947317847	57.2022199255	78.1673054071	74.086721203	72.645095849	71.2881378628	45.5225153386	81.5288125508	68.5881982476	67.1581375862	52.0863964993	67.6150399987	50.0699090155	53.9173936162	54.056319417	59.6311646819	46.8155686062	55.4141886851	65.8318100603	60.1940965282	74.47752282	65.7583111478	73.7554544535	64.7076766186	67.4042425823	43.9062571108	57.0277484421	50.9697882553	72.5360030525	58.9298169355	75.3071971893	84.0120622423	73.9397790896	61.6221393962	65.1574739922	75.9917531529	70.0046075844	44.0096782245	79.811628103	69.6285379648	70.8750211931	53.6074897183	67.8733237091
65.1433818459	68.9548097385	65.8644275564	61.4638041321	47.1282884626	64.6616250429	55.9938645111	70.6237143196	65.1450854962	74.8089130382	71.1440871833	62.7004066959	74.0842914617	74.1900569644	68.493217387	73.7992215689	71.4475471927	74.5973301471	46.5600747887	71.9678365321	63.82763233	94.2403082206	71.9930978261	65.2177122282	57.833170396	68.5378313307	64.8085990925	76.919752807	60.0412472699	53.5982146537	69.6644994019	78.3734288182	76.500164393	64.5077874924	73.7245452743	49.8226030784	79.1486837482	62.8809783474	69.9318064513	68.7690593609	77.6818751707	49.2089862322	67.943925537	72.8812672696	54.6218278507	59.8293680522	45.2973489629	50.6422126012	69.6686298459	62.6841270246	68.1874565897	62.1404927256	73.7023004652	68.591088036	49.5654630217	57.5140025367	51.3484631945	66.682305075	53.7381192826	59.7153064859	68.8857246559	57.0844598351	77.630581914	63.837687011	71.7101086827	63.2849307163	56.1285889031	55.6340152777	64.7898624616	66.0723421358	61.2805914021	63.2641381718
62.5775978116	51.2410371275	59.1008678878	54.5734618001	59.6745020296	74.66177451	74.6773574364	70.9075626129	62.1348779598	62.2432375607	82.4375055155	59.5560093304	79.3613836551	67.9605524974	63.1304944431	70.8345365681	68.6642943461	76.7534493353	38.8105286885	63.1091095138	73.3540136332	71.9930978261	94.2403082206	52.1711083874	52.9269289658	72.2287361221	50.7534362885	75.6450561878	45.1623976506	48.2342029658	61.0969438186	75.8406723125	80.3694154692	72.0574111871	69.2829299145	45.1912205003	83.6061997266	71.2814000338	66.6876492842	54.7130317127	67.7936852149	46.288954909	54.9449747096	62.8043068574	56.8270656754	54.3459017133	53.4355804189	64.6562467162	69.4357766075	71.6252410773	67.4271662768	71.383020901	69.2357957182	66.5116625042	45.3870562409	52.5102075052	52.241765524	69.9710623326	54.2029492995	73.7804909495	78.0933955398	74.0286721982	73.523394215	64.4411949921	75.5011309517	60.9479634615	42.7464119587	67.7014119263	74.2900337367	71.2166567878	54.3641452172	64.2849517306
59.7691578316	56.3940164041	58.0647805398	48.7663932615	41.0478692346	53.1569846762	42.4446029873	68.2817663012	51.247845608	65.7197034095	58.3517945802	67.0132377748	66.7627734229	63.0132033199	65.7828432765	68.9828063362	64.016677368	56.1883679521	47.2497301798	59.3809371833	54.8734646284	65.2177122282	52.1711083874	94.2403082206	55.4457788754	51.79699854	53.0723819925	67.2084276683	56.0491245968	49.7538168067	64.4895764154	62.3284022641	64.8463325002	54.6519440995	71.0619286213	50.7131454529	61.830378676	54.884835911	66.4781510766	58.6334134818	71.7651934182	50.7197824574	58.702660144	63.7018353526	52.8824095012	51.679533242	44.4024775637	51.594708981	50.4572315772	58.4425723622	54.7002492212	51.3125780717	53.0896543419	65.862280315	45.0731608283	59.2613617266	50.5933559298	62.9604262651	57.4944170043	43.200532846	63.9628556858	51.7909159245	66.9844111713	55.8154824276	62.3311037298	65.4217734921	53.5940111065	54.3436697573	53.4245025366	51.8011179603	59.1966728044	57.3882357029
60.9082387763	53.1497930801	66.5183294744	64.3448426735	47.29070314	41.2813106283	43.3518347082	59.7657842745	57.6883298484	45.4339499332	49.0455147886	63.7460174424	60.4409194504	60.3850396905	55.9806239211	60.3521480901	64.7587555523	51.2638303463	31.5142812906	56.1633927739	49.9927332847	57.833170396	52.9269289658	55.4457788754	94.2403082206	57.6007702231	74.9200140278	60.0016185158	69.8223858302	44.0179883498	71.5553682554	57.0629665011	58.003567022	51.4554873896	68.0665402723	51.8235178516	58.6304275293	44.6246464279	64.573486854	53.4438742736	70.5465334489	36.4114428192	35.1351314055	65.8173030717	59.4400387842	70.0106089968	36.0098306523	36.4099678702	47.8237795391	52.3847486306	66.8995810405	45.9456054348	47.3306986762	58.0448898191	46.415592373	66.0963366781	60.6211182687	59.4897776439	68.5068124111	35.3449433815	48.8218911309	44.3815144717	55.8299263698	47.9464463952	54.7921352902	63.8945323726	74.7735866442	47.9121863585	33.779697961	44.7963170175	43.8470448931	48.3825487278
61.2684138098	46.242494343	72.6911568041	52.6289934693	56.7193414708	62.0620569577	64.3902549748	73.5240274468	64.5310701751	59.8711757615	71.8467412891	65.3910061045	74.4032774568	66.1330062223	65.6952115611	68.9187800928	66.0989888826	71.9769555169	43.3057099348	58.6737316009	65.4358505645	68.5378313307	72.2287361221	51.79699854	57.6007702231	94.2403082206	64.3667052406	74.339007746	54.5829117535	48.1528933199	66.7823193403	74.6728758456	77.052302548	65.0815849661	68.1651268147	54.5666189519	75.2692985405	62.8870840942	67.5586622886	60.7472433649	73.2685518133	46.1117478147	56.7674322033	66.698499942	53.2629507685	57.7642245718	45.0477413618	62.0049475702	62.6382872991	64.7316599368	62.3530422269	56.723270845	67.9710983959	62.4926724879	47.2292478339	52.897337659	59.5037882581	66.3518901133	57.5983406449	56.3555416791	65.4333200557	64.5299518542	72.859781016	66.2122346876	68.6812381496	63.2446005035	51.9357082883	66.0064798341	59.7839674995	68.0503024362	64.2924524406	65.2984619217
64.0632038462	56.1364328986	73.1194408801	63.2336239196	49.0003860839	43.9931511053	42.0598426247	65.9487857355	65.8905578006	52.1402368422	52.9037006541	70.2357513016	60.8003797374	68.8425881415	64.5802011896	62.7241294665	66.2637882051	54.2579917717	35.9657206725	58.5611490137	50.7963948362	64.8085990925	50.7534362885	53.0723819925	74.9200140278	64.3667052406	94.2403082206	65.1499588424	72.9406028288	53.791455457	74.9785772832	60.492462713	63.0433056866	48.3747964581	71.1535046581	51.2857358413	59.5350282129	48.6338310918	70.0851026	58.7817766972	75.333320111	40.9941463616	41.2664231162	68.5790810114	57.9010528328	71.4443249026	38.7441459039	42.0522772449	55.7156473703	55.1132503288	71.3872516804	47.4973425278	54.9195272547	65.6840264075	43.8050142549	67.6306179047	65.0100605086	66.5973700512	68.8160750074	40.1769290491	51.2738468009	38.0430010658	60.6201166986	52.2694839502	60.2245730367	69.2191953793	72.7160563892	48.0708361263	38.6259673632	51.1399988138	56.8658135979	49.3352674804
69.8007800308	54.6859790001	71.1654264868	63.4784013422	62.3908446952	73.8494473818	67.0685434877	80.2445600963	68.0510414296	74.3429748508	81.4349040861	74.509299445	85.5730425094	73.8314750565	75.5730240328	80.524266132	75.9779280378	73.8953252366	56.8526603255	63.7053661927	72.4221162667	76.919752807	75.6450561878	67.2084276683	60.0016185158	74.339007746	65.1499588424	94.2403082206	60.3110037494	57.2776726213	72.4054467357	80.627610456	86.5605064279	73.9491056336	82.930976625	54.1017100914	80.4098671308	79.3204501069	76.5679536073	62.4163189032	84.4920101585	53.4434123093	66.1890898147	70.9492135126	66.9737147736	59.8642240107	61.6302824127	76.7802411761	67.4652232679	67.9798474185	68.3123597817	68.0123724064	71.996674235	76.7058406376	47.4562631445	70.0613078143	63.572447222	82.3370977429	71.142436815	60.3596882998	82.0658891269	68.4594479947	81.7844133293	65.7447766187	79.0212843052	75.9531464664	56.3963765948	73.2686844784	73.4489513184	72.044283965	63.2561275252	66.597709008
60.7719485135	55.2216926429	66.1467526642	56.6657105495	43.1360434447	35.7757278213	33.693208672	63.1456841181	57.7131796069	53.6423917554	45.4278893685	71.0669166879	52.6224705631	60.5563719311	64.2839234459	54.4079644196	60.9253416902	43.536017271	36.0256420463	57.4199556	47.3677362907	60.0412472699	45.1623976506	56.0491245968	69.8223858302	54.5829117535	72.9406028288	60.3110037494	94.2403082206	48.8749266867	68.5809121165	51.2237932539	55.9515908854	47.8970274166	68.2533621572	46.0917589821	52.5244142015	44.3189448794	63.6240813095	55.615799468	69.8087235714	46.8962712741	43.7227104419	60.3871715356	53.1391769077	66.8505761659	41.9148867314	36.9386904171	53.2373248886	50.7403949569	54.7099098812	43.7987520506	51.7785399243	63.4600493747	52.5855992828	70.8087870905	56.9235883077	58.2064285411	64.2420986892	27.2690960439	47.7829250707	37.3191187869	55.7551106921	52.7585451545	54.5542834732	65.8960153206	70.5560805758	44.6185755075	38.28618035	44.3392125787	48.2361373712	49.9426938
53.557129706	52.7934732678	56.9455958542	43.5895676171	40.0080240949	51.006751794	39.7653486328	63.0915318728	40.2038617535	52.3774810175	56.011583138	54.0657327685	58.7467498027	56.0179999802	58.0218243911	58.9882884684	54.2199759648	49.7832145354	45.1253605057	50.7085363776	50.7947317847	53.5982146537	48.2342029658	49.7538168067	44.0179883498	48.1528933199	53.791455457	57.2776726213	48.8749266867	94.2403082206	58.9310506232	52.446643951	62.3454657359	50.9999160002	62.5313790143	35.62085878	51.9498850978	58.697376317	59.9373183831	50.2487852157	61.9292769525	38.4536693317	54.3791171346	54.7254350593	45.0484350147	53.8093346836	46.4591571716	54.9104468774	55.0835008757	56.7469857898	54.0257630637	48.4460424558	51.4087217623	51.9199874725	35.5115705506	49.548763425	55.4868203457	60.0607169803	51.0211321253	47.1941123696	57.3677075719	50.2964689924	56.0817389301	56.2288253712	55.93843951	53.3241179473	50.9697254184	48.2948282014	45.9741825797	43.3114834345	59.4804558398	49.0237535019
72.4101617115	59.5362475737	70.978177969	59.1297011744	56.8686516322	53.5261951133	52.0859183416	77.985123682	63.8106016988	64.8432052018	63.9796600326	78.7250636424	67.8508966492	81.4977181276	75.5960702482	70.3826127099	74.8103727746	59.5981270073	56.1290006861	62.2133505551	57.2022199255	69.6644994019	61.0969438186	64.4895764154	71.5553682554	66.7823193403	74.9785772832	72.4054467357	68.5809121165	58.9310506232	94.2403082206	70.4070615016	74.8216868703	64.1666219676	78.375794406	56.3410306021	63.7833704171	61.5887073015	76.3634595893	72.6076344628	80.9582626441	60.3135229721	58.9450422424	72.2174748261	64.4802865927	72.0391317932	50.6916573418	59.2750966911	61.6690486925	62.1285341623	69.0942768048	56.7637077186	63.2472631966	73.9125162898	58.2727648332	72.3978553577	71.6323648761	73.6666213984	72.0020278772	46.4041672812	64.2647508943	55.3439808265	70.0579228512	64.2190252332	66.3163781444	71.3194688247	68.6971892695	63.159539268	54.5687978817	65.5860631843	62.6133575082	64.767091598
66.965607889	62.1971399684	68.6306842336	58.308805382	63.952368025	71.6494195536	75.3878939594	76.6682446771	73.3559719132	67.9162010413	80.0151369927	71.2339852592	84.8660084163	71.5154569032	69.3861061128	76.0308579779	76.6768635233	79.7122107436	54.5946345542	65.6690382458	78.1673054071	78.3734288182	75.8406723125	62.3284022641	57.0629665011	74.6728758456	60.492462713	80.627610456	51.2237932539	52.446643951	70.4070615016	94.2403082206	82.4932191729	76.4466229669	79.5891070345	52.5272285651	79.8764069918	74.1301673598	78.3569223156	66.0532590819	78.5526354512	50.9257866571	66.0858380979	64.9244915834	64.2122862259	57.2298582666	53.696653552	65.4526106093	59.8457092416	74.1860602567	72.8014809134	70.1751482925	74.3237337952	70.7394524863	52.2809033	64.4450558554	61.024526748	78.5719739275	67.9360687289	66.8445794892	78.302313329	67.6991946589	73.5084745332	68.9418962505	74.7691840345	73.54711482	52.7107331368	70.5086925383	68.2539537766	74.1079790532	61.2834723577	71.5926627389
68.9722648492	56.3818925108	71.2006163813	58.9991594293	63.3286525441	74.6269404791	71.2704250739	83.3041149778	65.97730283	71.3694545488	86.3358063143	75.0633854069	86.2278890675	78.683432149	74.3727145742	80.3385426083	74.2297644807	76.3876508487	59.296931714	64.7863205035	74.086721203	76.500164393	80.3694154692	64.8463325002	58.003567022	77.052302548	63.0433056866	86.5605064279	55.9515908854	62.3454657359	74.8216868703	82.4932191729	94.2403082206	74.1693073454	80.4082509374	56.1635526274	84.2212547014	81.41152678	82.2402321551	64.8455971424	80.9533676672	56.5962980605	69.6898439878	72.2777469346	66.1485277349	61.017564621	63.1873668346	74.5744971085	67.3635305691	71.1078831768	76.3280762268	69.1865606689	74.8831393824	77.2330847373	51.7837099453	64.8124145651	61.4096329688	83.8311851129	69.4898485993	68.5406664217	81.5471905069	69.6670749689	81.2441305071	71.9771146875	81.9756371328	74.1999835162	54.0788804225	74.8854344624	75.5618934227	77.8618917386	65.925328004	67.8872079505
60.8814876558	49.5418330335	58.6100922448	51.5029329897	67.2969315166	66.9728927672	73.3283693731	72.5175512885	60.636219558	60.8640376131	75.6872950419	66.0205010288	76.5770544887	61.9548514147	64.7392976269	70.2079995672	66.192661915	71.8036619532	51.2298714236	61.4877990866	72.645095849	64.5077874924	72.0574111871	54.6519440995	51.4554873896	65.0815849661	48.3747964581	73.9491056336	47.8970274166	50.9999160002	64.1666219676	76.4466229669	74.1693073454	94.2403082206	74.4602738914	37.5957724542	72.8000463952	68.4646607065	68.6138948713	59.1815091884	68.7064479383	48.2934914855	62.4661000451	57.9371464128	58.4233254404	51.3122802021	55.1134033714	71.0374547997	54.7962038778	72.2228695054	65.5011894249	64.9181630965	67.6846409348	66.456632923	48.6160642281	58.61975239	61.1008898881	70.9498260077	58.808210678	59.5819343087	76.3517741009	76.234584497	69.1328431058	66.0546061476	71.0795707823	66.178972258	47.9121562876	71.3219441512	64.7952685809	67.2103168718	54.543577155	73.687412805
73.2631154052	61.9672178673	72.1123816698	65.4576507583	64.5746816826	65.5289840261	64.1948730388	79.9911092469	68.7037550496	69.6589700711	73.0334207403	81.6737823918	81.7188647324	71.2665260774	79.3275967251	77.9555878789	77.7139325241	69.4096204732	58.5070398815	68.5626054052	71.2881378628	73.7245452743	69.2829299145	71.0619286213	68.0665402723	68.1651268147	71.1535046581	82.930976625	68.2533621572	62.5313790143	78.375794406	79.5891070345	80.4082509374	74.4602738914	94.2403082206	53.7619230029	75.0550985083	72.7466328246	82.1439730516	61.8074298417	85.2775017019	61.2041262761	62.442009688	66.6022562777	75.3472998474	68.419102789	62.4830700825	66.3822340385	59.2453820805	75.3800709055	73.8295022196	62.6804456124	69.9865578591	78.8577526514	57.7192650167	78.6555784722	67.8838781134	83.2659613227	79.9180586658	54.373780838	77.6253356348	65.999815714	73.0837747278	63.2160485867	76.9975733803	79.9571660376	67.886050991	71.346564161	61.1438823621	65.3944613504	63.2446093082	71.061431951
52.2056538394	35.3600127014	52.7257727252	43.2008859022	36.3319140021	44.1380886293	39.9329928367	49.0524772487	40.2599707467	46.8856800949	44.9664301265	50.9131999073	50.2723056433	53.4268117495	51.8291487575	54.4885113509	44.7209717765	50.2662506489	41.256340229	49.8925208333	45.5225153386	49.8226030784	45.1912205003	50.7131454529	51.8235178516	54.5666189519	51.2857358413	54.1017100914	46.0917589821	35.62085878	56.3410306021	52.5272285651	56.1635526274	37.5957724542	53.7619230029	94.2403082206	48.3117621431	50.8762724538	58.9573699953	43.8538711547	56.1101819055	39.873942213	48.3285545952	47.2866551324	45.9966047062	43.5633456743	49.5934120329	46.9790609172	38.4688243895	34.2325731917	46.3173456431	34.0272655754	46.156227163	51.5600321958	46.1814182554	50.1894511427	41.3110992934	54.0342252763	53.5561729774	35.1055607124	46.4239337931	36.5899849154	45.6944656162	36.6545710428	46.6535844487	53.1724626209	45.7961455235	48.7860358081	44.2922126216	54.4788757888	43.7931433925	50.09441676
62.8937526086	56.8907142107	65.3598190371	58.085357859	60.5155445069	74.8297501428	75.9508564583	75.0330181594	63.8972927568	68.1145388498	85.3981811509	63.9633260958	85.0673287953	69.028345305	67.1669524912	75.7541273745	70.6746222198	82.4449997319	45.9506239771	68.2704535837	81.5288125508	79.1486837482	83.6061997266	61.830378676	58.6304275293	75.2692985405	59.5350282129	80.4098671308	52.5244142015	51.9498850978	63.7833704171	79.8764069918	84.2212547014	72.8000463952	75.0550985083	48.3117621431	94.2403082206	69.7405251	72.1326576718	59.3757720965	75.539313257	52.5548507093	60.7066430503	68.4893720811	58.5768998078	55.8694183304	51.5387817858	63.851024818	69.1158841212	72.7482044768	72.2982629302	70.4784972072	74.4696187795	70.3937599236	47.1692576348	56.5282012387	52.0140376441	72.6036483398	56.6241425178	76.2307778044	80.9617891394	73.2892630055	78.4653902869	70.2628151475	80.5181414782	68.0408444369	49.6695488637	73.1817109556	76.6736735131	75.8994827386	60.0634728693	68.5222966315
60.7289849367	49.2247730349	55.1132105092	49.4167745842	59.5380049829	76.0874661373	67.5977618985	73.062952935	52.9500968539	64.1957026078	78.1888827005	68.9225095117	79.6795792781	61.5173555717	70.018755172	66.8128177964	61.0584371829	69.243039382	53.8884824712	53.4051928642	68.5881982476	62.8809783474	71.2814000338	54.884835911	44.6246464279	62.8870840942	48.6338310918	79.3204501069	44.3189448794	58.697376317	61.5887073015	74.1301673598	81.41152678	68.4646607065	72.7466328246	50.8762724538	69.7405251	94.2403082206	72.5457612418	49.7555491643	70.010838711	48.2175003975	66.6721961711	55.4814035189	66.0946937756	47.1524136597	67.9469457576	75.9807194098	56.44259565	62.0571121628	60.9311591248	64.4687822831	64.8801779962	68.2096154063	50.7687503245	64.6097164281	54.5903122214	82.3476051763	68.9376630263	64.0972877829	80.6774092271	62.6038871372	67.5309847809	63.7641307099	72.4011122647	67.3119581245	47.441433407	71.3107403344	69.7645262177	68.5799672627	54.0368602555	62.0343416514
70.0117434064	57.8908098389	68.7006338087	57.6405005736	66.5607913304	62.0310720284	61.2894520401	78.9608706572	69.3633304203	63.4767254285	72.2557314236	79.3439661959	78.0374098265	72.7213652564	74.7787438284	71.5980343518	70.8875376247	65.4199638222	66.7817101996	66.72062671	67.1581375862	69.9318064513	66.6876492842	66.4781510766	64.573486854	67.5586622886	70.0851026	76.5679536073	63.6240813095	59.9373183831	76.3634595893	78.3569223156	82.2402321551	68.6138948713	82.1439730516	58.9573699953	72.1326576718	72.5457612418	94.2403082206	65.498474576	79.464207932	58.4189002826	61.2019506818	68.6369401037	73.8828880029	66.5179663102	63.2116894054	64.7755452134	57.2879701529	72.0968791465	73.7002018655	65.718850671	62.4402214707	76.7865376439	57.4582808075	72.7760394279	67.0192403748	84.2794044051	78.8997826888	56.6914624816	72.3439839881	56.8147198431	68.5584600028	65.0354573009	72.5184321196	82.0650954069	59.4961629849	69.56946356	58.427907285	71.6486757224	60.0974325591	66.3654859016
61.706308418	62.089018866	61.0826373349	42.807454676	47.8292867706	48.9998218087	44.481331753	69.914043397	58.5741243034	57.9183317467	58.4587816351	61.6188042243	60.02573244	68.305371569	61.4124593255	61.5634955789	68.7816622404	52.0257710466	53.8991371383	57.1482616013	52.0863964993	68.7690593609	54.7130317127	58.6334134818	53.4438742736	60.7472433649	58.7817766972	62.4163189032	55.615799468	50.2487852157	72.6076344628	66.0532590819	64.8455971424	59.1815091884	61.8074298417	43.8538711547	59.3757720965	49.7555491643	65.498474576	94.2403082206	69.8107528139	48.0432604068	53.3535382903	68.2125971783	47.6786808255	53.7862534524	35.6852249707	47.3469589324	52.1851142866	54.2466402814	54.4456819207	54.5263632026	56.7214331073	58.5148473205	48.7138643828	52.5722833531	59.8183520525	57.4893247389	49.4242212179	46.8479605669	56.1034484588	48.7455605957	64.7604939357	62.8727869337	54.9404506377	61.7321442322	49.495032824	53.3000167221	53.2275370065	61.0579860445	64.0341227769	58.447392737
72.9285975637	63.4914868029	74.3589036065	61.235963048	59.6805519159	62.8174486179	57.2268100001	81.9226697187	69.24960995	75.3171085957	71.2927721212	78.7616482195	80.4009531666	78.7026772168	81.2448181655	77.7852952054	81.6165741616	68.344778478	57.8367638096	67.815256318	67.6150399987	77.6818751707	67.7936852149	71.7651934182	70.5465334489	73.2685518133	75.333320111	84.4920101585	69.8087235714	61.9292769525	80.9582626441	78.5526354512	80.9533676672	68.7064479383	85.2775017019	56.1101819055	75.539313257	70.010838711	79.464207932	69.8107528139	94.2403082206	57.6653787799	65.7723969755	75.8684009013	66.1976528963	65.898401708	56.4498224221	65.3452901741	65.3509479525	68.5417515308	72.3998927731	61.6286270442	70.5748020269	78.5176273728	61.5319500687	76.1777027973	69.6941906776	80.4709679877	74.6673216976	53.8275462321	73.4771809149	62.0234123962	77.8890102017	68.0556425272	75.4013387623	76.9724321319	70.2296947845	68.0441911895	62.2095439647	67.3905850955	67.8121280196	68.530543712
46.986588519	45.5343065858	44.9900802013	31.5759058709	42.9077279595	42.9849511608	45.5082795974	57.1621838085	38.1936422847	60.5261260252	51.6898879079	59.8799503951	50.1268968471	54.1385525239	62.5357011986	47.7659272305	46.9329087978	45.2948011898	47.895364609	52.4250254536	50.0699090155	49.2089862322	46.288954909	50.7197824574	36.4114428192	46.1117478147	40.9941463616	53.4434123093	46.8962712741	38.4536693317	60.3135229721	50.9257866571	56.5962980605	48.2934914855	61.2041262761	39.873942213	52.5548507093	48.2175003975	58.4189002826	48.0432604068	57.6653787799	94.2403082206	50.3504107417	40.7133937022	48.6699060171	43.7753677366	38.7377171768	48.1945114851	47.455218603	49.2974142418	42.917515768	48.951913393	42.5481388668	61.1526623799	60.5208499779	54.6186690161	47.9307097643	57.7140053404	55.4785540054	35.2757150683	57.8871603417	46.3453967858	47.9632961233	46.8781722822	53.3732834349	52.8359765852	44.3812274072	54.5752693402	49.2742142077	56.6759492897	44.8928927952	54.7805474971
52.7921472725	56.1200665815	58.1994084944	42.9638753573	36.3703191753	62.2117389442	50.9106638503	65.2099876361	44.7940625863	63.9638732157	66.3021843852	54.1994582806	64.3223363566	65.0576004549	64.1740453464	64.4454723317	58.4411879193	68.1609457535	53.372572942	59.7138449717	53.9173936162	67.943925537	54.9449747096	58.702660144	35.1351314055	56.7674322033	41.2664231162	66.1890898147	43.7227104419	54.3791171346	58.9450422424	66.0858380979	69.6898439878	62.4661000451	62.442009688	48.3285545952	60.7066430503	66.6721961711	61.2019506818	53.3535382903	65.7723969755	50.3504107417	94.2403082206	58.9401082641	38.2685657069	40.9751455013	40.8400460305	58.2511309184	59.0687403075	51.1937236371	54.1084118473	48.365165382	70.7995495894	58.3673740352	52.5224806321	46.58298301	47.5010210983	60.2334780945	46.9049713816	48.6868522675	64.4391563968	52.9168844892	70.5191592303	58.2428294667	59.4693359376	49.4874723143	46.2997368228	52.1105569982	66.3407093515	60.7926526083	58.2051656125	67.1639918059
61.5327317869	54.092597636	66.8263567695	55.6426818793	49.7537360163	53.3405437724	47.7710223301	73.6030920227	64.4462513639	57.7403822278	63.93919903	62.7322321237	67.9177087393	75.4187638688	63.2152519346	71.0122662354	70.7208159676	62.817615464	42.9000029166	64.8977557441	54.056319417	72.8812672696	62.8043068574	63.7018353526	65.8173030717	66.698499942	68.5790810114	70.9492135126	60.3871715356	54.7254350593	72.2174748261	64.9244915834	72.2777469346	57.9371464128	66.6022562777	47.2866551324	68.4893720811	55.4814035189	68.6369401037	68.2125971783	75.8684009013	40.7133937022	58.9401082641	94.2403082206	49.0642582916	62.9770210584	38.8491810218	46.4926656311	60.2630144457	60.4376216517	69.7350440835	53.1291372857	62.0863561276	66.5222072063	40.9105739131	51.670661498	55.1541642285	62.5036406673	55.6343463117	52.2169222208	59.1869427244	52.6907599957	73.042609931	61.4618556201	62.9854837759	62.1460057067	60.3463580227	53.3207639422	52.8672329407	56.3004727964	60.4030153273	54.0545758422
60.5690493535	44.2076502561	48.5460480246	52.1818673354	58.9942623785	55.9884835085	57.7154976941	66.5012423288	53.6915169918	56.004441065	62.132665409	75.0605374408	66.54924414	52.9356701379	67.679879278	59.3990841332	61.8199404859	51.8661735719	47.0220885547	58.7838542439	59.6311646819	54.6218278507	56.8270656754	52.8824095012	59.4400387842	53.2629507685	57.9010528328	66.9737147736	53.1391769077	45.0484350147	64.4802865927	64.2122862259	66.1485277349	58.4233254404	75.3472998474	45.9966047062	58.5768998078	66.0946937756	73.8828880029	47.6786808255	66.1976528963	48.6699060171	38.2685657069	49.0642582916	94.2403082206	59.3653233244	63.6831752756	55.3267445021	40.9682565252	59.4474100721	58.978509574	57.67627985	50.1498348004	66.1476269488	45.5423044936	75.3102465638	58.9851646036	76.9535289276	74.8773058811	45.3740002502	64.4730512411	56.2878316804	53.635158952	46.0424359326	69.7912261366	73.8580556463	53.8943200721	63.8561316627	46.8722415866	57.1241093225	50.275678711	55.3080774107
65.5145781822	51.8607327941	68.0368181404	59.1619521607	45.2515592231	43.1914486604	39.7948241575	62.2040606432	56.6455223807	52.4674761555	51.5741810279	64.2967189725	57.4848396836	66.964660095	55.1128558556	64.1426759986	58.5354809723	48.839617917	35.5712189111	56.3984473697	46.8155686062	59.8293680522	54.3459017133	51.679533242	70.0106089968	57.7642245718	71.4443249026	59.8642240107	66.8505761659	53.8093346836	72.0391317932	57.2298582666	61.017564621	51.3122802021	68.419102789	43.5633456743	55.8694183304	47.1524136597	66.5179663102	53.7862534524	65.898401708	43.7753677366	40.9751455013	62.9770210584	59.3653233244	94.2403082206	37.313799452	38.4787525938	54.9812564799	56.1893923955	61.7945018097	46.5514015122	56.0201988521	59.9894885429	41.5136757489	61.3024901529	61.5257510054	59.9434642593	64.3080976566	36.8884900622	49.4917255893	48.1974855672	56.753053658	46.3790747073	57.344798595	62.5091493027	62.6491085844	47.4908682605	40.2434843754	49.0062776097	49.9132931922	52.4862575261
56.4325064103	18.5651359726	40.2217021625	43.0537240138	59.6529685667	51.2330575696	53.3604297506	54.9452402029	39.1179512289	48.6416575486	57.4310030155	60.4562168287	60.2671700354	45.3346778169	59.4996198454	49.4271027206	46.2628408776	47.6733486543	51.1193683586	47.6724004957	55.4141886851	45.2973489629	53.4355804189	44.4024775637	36.0098306523	45.0477413618	38.7441459039	61.6302824127	41.9148867314	46.4591571716	50.6916573418	53.696653552	63.1873668346	55.1134033714	62.4830700825	49.5934120329	51.5387817858	67.9469457576	63.2116894054	35.6852249707	56.4498224221	38.7377171768	40.8400460305	38.8491810218	63.6831752756	37.313799452	94.2403082206	65.0475312704	39.2756063613	48.9977674102	49.3489676011	48.5901867847	47.6753725689	59.3736897502	47.1093594653	58.509756189	48.0752799225	70.2575093797	61.4220085102	46.2149361544	60.1233756568	48.8738812451	46.0681818478	38.6115725193	54.5226311312	60.4504183169	31.6205972462	67.4293536267	49.2526184573	55.4182205005	45.9428939928	52.3963332939
52.002437689	32.2666996716	52.8319904132	39.9384433775	64.3403233726	70.7413295389	65.6757192632	68.8167192039	48.0189037714	56.4564327626	74.5242841843	61.3164084887	74.8131888906	54.0812188745	65.3480208592	64.1391800582	55.9064688873	62.3070981912	58.5165061287	47.0657875752	65.8318100603	50.6422126012	64.6562467162	51.594708981	36.4099678702	62.0049475702	42.0522772449	76.7802411761	36.9386904171	54.9104468774	59.2750966911	65.4526106093	74.5744971085	71.0374547997	66.3822340385	46.9790609172	63.851024818	75.9807194098	64.7755452134	47.3469589324	65.3452901741	48.1945114851	58.2511309184	46.4926656311	55.3267445021	38.4787525938	65.0475312704	94.2403082206	49.2569554789	58.3555432612	51.1435676286	63.3714497961	54.6439598212	65.5475895608	41.1155625797	54.2409286237	56.6014315416	73.7878233393	59.5910306007	54.6834698021	77.5250274426	68.378661346	63.2902191517	53.0679869527	66.1924017959	65.4984052052	34.4250282424	77.6798243256	68.1442752732	68.2790295926	53.596304173	65.2349670521
56.9026925523	53.5208321478	57.765287341	51.3531753295	40.6221352356	61.4819103347	52.4726541465	60.9934120344	49.7836972639	65.5535189964	67.0966909077	52.7256663606	61.1325006048	66.3994718174	63.0852621525	60.1611754744	59.4941485279	61.7906802756	40.6294767202	62.8486548712	60.1940965282	69.6686298459	69.4357766075	50.4572315772	47.8237795391	62.6382872991	55.7156473703	67.4652232679	53.2373248886	55.0835008757	61.6690486925	59.8457092416	67.3635305691	54.7962038778	59.2453820805	38.4688243895	69.1158841212	56.44259565	57.2879701529	52.1851142866	65.3509479525	47.455218603	59.0687403075	60.2630144457	40.9682565252	54.9812564799	39.2756063613	49.2569554789	94.2403082206	54.9140943615	55.338608263	57.1689204014	65.3240195319	62.1948574473	45.6864905576	49.7225784315	46.7612111169	58.8116756774	44.8221272417	54.0815262531	64.996754535	57.3073740516	65.3797417679	55.2239097824	67.3427771489	50.0007734566	45.5936727002	53.2066865505	65.8305980653	63.010161574	52.2836636842	60.5551280212
59.2279892034	53.6104571041	61.5946898958	47.9932559136	74.0434235047	63.5383879207	69.8840001788	72.6907904945	74.7582557364	54.6534878203	74.0019655376	64.5370880073	77.9489278337	62.322687599	63.4467060738	67.3533435322	63.9057255966	68.3400937212	50.443930471	64.7643013291	74.47752282	62.6841270246	71.6252410773	58.4425723622	52.3847486306	64.7316599368	55.1132503288	67.9798474185	50.7403949569	56.7469857898	62.1285341623	74.1860602567	71.1078831768	72.2228695054	75.3800709055	34.2325731917	72.7482044768	62.0571121628	72.0968791465	54.2466402814	68.5417515308	49.2974142418	51.1937236371	60.4376216517	59.4474100721	56.1893923955	48.9977674102	58.3555432612	54.9140943615	94.2403082206	68.7970757287	70.2631431239	59.7924935273	69.7117692586	50.7073570643	52.1120768408	60.1081309786	67.8595100854	60.1683950615	68.3607091498	74.0236599142	72.1674606248	64.512620931	69.0805064807	69.5400944368	69.6975727991	48.6284970706	70.1125802948	54.7007725921	57.0906137202	62.998461789	67.6628537109
65.6594336396	50.11240747	66.3680690862	60.8504118038	60.9096223144	57.8266517536	62.3970411077	75.1865234589	65.887972553	53.7301291805	71.611388484	67.2111889463	74.6866043932	71.3107464172	59.5160249861	71.4455083128	66.4603530584	68.0571337619	45.8019463029	67.46023716	65.7583111478	68.1874565897	67.4271662768	54.7002492212	66.8995810405	62.3530422269	71.3872516804	68.3123597817	54.7099098812	54.0257630637	69.0942768048	72.8014809134	76.3280762268	65.5011894249	73.8295022196	46.3173456431	72.2982629302	60.9311591248	73.7002018655	54.4456819207	72.3998927731	42.917515768	54.1084118473	69.7350440835	58.978509574	61.7945018097	49.3489676011	51.1435676286	55.338608263	68.7970757287	94.2403082206	63.0614340256	65.5943607134	73.0851008345	48.9511519383	59.017664991	57.8387126289	72.7638524613	66.6742963551	60.7723381868	64.7280149982	59.6817314433	66.941535003	60.4691891059	73.2114847941	68.7963993497	61.8533806225	62.0124260348	53.6364909948	58.8572718855	54.1877173533	58.359524035
51.9959142788	50.0753275831	44.4684178527	41.1804996982	63.1945731083	62.3681648668	67.2202319571	70.1237795227	57.9431399588	56.0207630037	75.7098609459	62.8524459249	72.1483119904	57.7908855419	60.3137097369	60.0429040897	57.7373995833	66.4473138755	45.6128182261	64.8954594462	73.7554544535	62.1404927256	71.383020901	51.3125780717	45.9456054348	56.723270845	47.4973425278	68.0123724064	43.7987520506	48.4460424558	56.7637077186	70.1751482925	69.1865606689	64.9181630965	62.6804456124	34.0272655754	70.4784972072	64.4687822831	65.718850671	54.5263632026	61.6286270442	48.951913393	48.365165382	53.1291372857	57.67627985	46.5514015122	48.5901867847	63.3714497961	57.1689204014	70.2631431239	63.0614340256	94.2403082206	56.9817750851	68.208311096	44.6401001805	56.1447148336	53.6133098129	70.2668232652	57.8355301029	61.6238647691	72.7807483336	71.1269943381	61.8836151657	59.8580333273	72.4263753695	65.1249014257	41.7686245465	66.3397216895	61.0157342785	65.9830935917	49.0557022253	59.3224323457
64.133774969	55.3368202067	65.4424522389	51.0734844455	45.9451458697	66.6565739358	67.1932336774	68.766157887	53.2732656321	70.5206101754	72.5949512935	65.2297804233	70.9848989494	68.5124903533	65.1156653258	71.4949182894	65.9092797796	78.3406222097	43.7360617703	64.1595367147	64.7076766186	73.7023004652	69.2357957182	53.0896543419	47.3306986762	67.9710983959	54.9195272547	71.996674235	51.7785399243	51.4087217623	63.2472631966	74.3237337952	74.8831393824	67.6846409348	69.9865578591	46.156227163	74.4696187795	64.8801779962	62.4402214707	56.7214331073	70.5748020269	42.5481388668	70.7995495894	62.0863561276	50.1498348004	56.0201988521	47.6753725689	54.6439598212	65.3240195319	59.7924935273	65.5943607134	56.9817750851	94.2403082206	63.1796620007	51.8505873519	52.2970532249	45.9944542793	63.9567137138	51.1382800087	58.8355018531	65.9608897607	66.7161630596	76.0489287962	63.8131121713	71.5825985984	55.8395820886	45.9004862941	64.8391276797	71.9470976662	67.7454595556	56.0953936825	70.5234621818
62.7931592387	54.9967672528	65.0629397521	57.0432942628	65.4487491749	62.9868620271	59.4389691317	78.6385755893	63.6815172455	70.3866709521	71.8480848772	77.5413477611	74.8671879266	71.2943747723	75.5831729889	73.0661018281	69.7682785908	66.1827606142	58.126332678	71.8357302546	67.4042425823	68.591088036	66.5116625042	65.862280315	58.0448898191	62.4926724879	65.6840264075	76.7058406376	63.4600493747	51.9199874725	73.9125162898	70.7394524863	77.2330847373	66.456632923	78.8577526514	51.5600321958	70.3937599236	68.2096154063	76.7865376439	58.5148473205	78.5176273728	61.1526623799	58.3673740352	66.5222072063	66.1476269488	59.9894885429	59.3736897502	65.5475895608	62.1948574473	69.7117692586	73.0851008345	68.208311096	63.1796620007	94.2403082206	57.4847859449	69.887941222	62.7926044924	79.5883675317	72.8213369347	56.1285052407	73.6459696692	62.6003855214	70.4546374959	60.9372126613	76.6640549308	74.4634642225	61.0324214957	72.0905217326	60.265472076	63.758020139	61.3498997248	62.5694621853
53.9205082335	46.5271222412	45.3794075653	27.7201458761	47.2069682482	40.0339372873	40.3766328998	59.5047688842	49.7120895331	54.457448253	44.801448564	59.7303650918	48.3011947654	55.1539816359	62.8536174154	42.3427618614	48.6082864372	46.6021803718	51.7048764578	55.8560443331	43.9062571108	49.5654630217	45.3870562409	45.0731608283	46.415592373	47.2292478339	43.8050142549	47.4562631445	52.5855992828	35.5115705506	58.2727648332	52.2809033	51.7837099453	48.6160642281	57.7192650167	46.1814182554	47.1692576348	50.7687503245	57.4582808075	48.7138643828	61.5319500687	60.5208499779	52.5224806321	40.9105739131	45.5423044936	41.5136757489	47.1093594653	41.1155625797	45.6864905576	50.7073570643	48.9511519383	44.6401001805	51.8505873519	57.4847859449	94.2403082206	56.8902683485	48.4754695418	57.0426070621	56.3157869317	32.8931726191	45.8413704147	42.6147298717	45.2861733155	50.4863790452	49.3084971511	50.9104960222	49.375125318	49.8681787388	44.5351076314	51.1068823057	45.0665656023	63.5736212389
66.9938793829	54.2258174261	54.6643205212	57.9484446603	50.7136996071	52.3871156795	47.8115944283	69.6031639525	54.0020720906	62.0319905088	55.9096718758	80.9196981592	64.1600275698	60.2432782034	75.4776713716	58.9203153484	68.4980267111	50.7713718407	45.8870431084	58.1134985023	57.0277484421	57.5140025367	52.5102075052	59.2613617266	66.0963366781	52.897337659	67.6306179047	70.0613078143	70.8087870905	49.548763425	72.3978553577	64.4450558554	64.8124145651	58.61975239	78.6555784722	50.1894511427	56.5282012387	64.6097164281	72.7760394279	52.5722833531	76.1777027973	54.6186690161	46.58298301	51.670661498	75.3102465638	61.3024901529	58.509756189	54.2409286237	49.7225784315	52.1120768408	59.017664991	56.1447148336	52.2970532249	69.887941222	56.8902683485	94.2403082206	64.2673181726	79.3904273783	81.9506868066	34.9038420395	63.6856172308	45.7064731259	56.0918889475	47.9841173899	66.0672073033	74.4416806238	69.5033487554	56.091213641	49.0547507007	56.5642176995	46.9642906145	54.7487791956
63.7706465621	46.8859173433	62.3408234636	56.1770057851	59.7206420431	46.9278904042	46.4489166141	66.1373945206	57.8864532639	51.2688920448	57.2095025705	66.3492697916	60.4741512775	66.9402501064	64.9875913097	59.1765438744	63.7819949295	48.9964596991	46.5241755778	51.9462706722	50.9697882553	51.3484631945	52.241765524	50.5933559298	60.6211182687	59.5037882581	65.0100605086	63.572447222	56.9235883077	55.4868203457	71.6323648761	61.024526748	61.4096329688	61.1008898881	67.8838781134	41.3110992934	52.0140376441	54.5903122214	67.0192403748	59.8183520525	69.6941906776	47.9307097643	47.5010210983	55.1541642285	58.9851646036	61.5257510054	48.0752799225	56.6014315416	46.7612111169	60.1081309786	57.8387126289	53.6133098129	45.9944542793	62.7926044924	48.4754695418	64.2673181726	94.2403082206	66.1627009102	67.1940569083	38.114956406	57.4816644017	47.3635950361	57.5430492421	53.8549775823	53.1271115005	67.0591643025	58.2635940965	56.9301216808	43.8947289997	54.2741750415	52.7939193708	56.3423000865
66.1582620017	50.6987842701	61.2596627709	58.1725101287	65.0850904122	68.9841659443	66.7636921388	80.056531026	63.3174315655	66.027490156	77.7469542992	82.1781071792	81.1512808203	69.6200152884	78.419495264	69.9202981237	70.2327714081	69.1379055351	57.0010786852	65.0863552677	72.5360030525	66.682305075	69.9710623326	62.9604262651	59.4897776439	66.3518901133	66.5973700512	82.3370977429	58.2064285411	60.0607169803	73.6666213984	78.5719739275	83.8311851129	70.9498260077	83.2659613227	54.0342252763	72.6036483398	82.3476051763	84.2794044051	57.4893247389	80.4709679877	57.7140053404	60.2334780945	62.5036406673	76.9535289276	59.9434642593	70.2575093797	73.7878233393	58.8116756774	67.8595100854	72.7638524613	70.2668232652	63.9567137138	79.5883675317	57.0426070621	79.3904273783	66.1627009102	94.2403082206	81.7887981778	60.102724538	78.9647663357	61.3210929072	68.5605149725	60.385393667	80.3182675673	81.2141209007	58.6052866837	73.6955279515	64.6723974456	73.1579006142	59.1504416819	64.5381224288
64.9452738644	50.2686416048	61.6978847029	58.8014307008	61.2589674606	53.2333689194	53.220003808	69.8058500081	61.4349721436	52.7746122892	59.5371305082	78.1293249162	70.1746696581	59.9517694628	70.3870565865	61.0604563389	65.40973812	51.7558459848	53.9201383375	53.7233334611	58.9298169355	53.7381192826	54.2029492995	57.4944170043	68.5068124111	57.5983406449	68.8160750074	71.142436815	64.2420986892	51.0211321253	72.0020278772	67.9360687289	69.4898485993	58.808210678	79.9180586658	53.5561729774	56.6241425178	68.9376630263	78.8997826888	49.4242212179	74.6673216976	55.4785540054	46.9049713816	55.6343463117	74.8773058811	64.3080976566	61.4220085102	59.5910306007	44.8221272417	60.1683950615	66.6742963551	57.8355301029	51.1382800087	72.8213369347	56.3157869317	81.9506868066	67.1940569083	81.7887981778	94.2403082206	36.0898007088	65.3208621015	48.7075246413	55.307764445	47.273997203	63.7601015922	78.0367574735	68.653948035	62.9821932558	43.6409165778	56.8345403499	48.4666894288	54.5346179158
45.0348283743	42.6535014658	47.9509651814	39.3079955831	55.9658839089	72.8236272411	72.524202992	59.577883189	50.8206619673	48.1398532518	78.1968953412	48.9387788319	71.4801525091	52.4193900918	53.0624923133	55.8375495227	51.822874203	72.9390691572	37.873761562	52.3623586279	75.3071971893	59.7153064859	73.7804909495	43.200532846	35.3449433815	56.3555416791	40.1769290491	60.3596882998	27.2690960439	47.1941123696	46.4041672812	66.8445794892	68.5406664217	59.5819343087	54.373780838	35.1055607124	76.2307778044	64.0972877829	56.6914624816	46.8479605669	53.8275462321	35.2757150683	48.6868522675	52.2169222208	45.3740002502	36.8884900622	46.2149361544	54.6834698021	54.0815262531	68.3607091498	60.7723381868	61.6238647691	58.8355018531	56.1285052407	32.8931726191	34.9038420395	38.114956406	60.102724538	36.0898007088	94.2403082206	71.3352548705	61.9286669063	59.2004207409	64.1834876201	67.121878075	53.1696764504	27.2031535433	65.2797091898	67.2553933899	63.251116249	50.7839232904	53.9015353149
58.3967813093	53.6244218342	58.8878163454	53.7180451687	63.0619321623	80.4058607485	78.4416718185	74.9748400395	58.8373707964	66.0127331536	87.26295108	68.1226493947	85.6896619949	63.1757194915	74.4625795516	71.2706541612	69.4600741042	74.5042916952	52.1182328342	60.4511271869	84.0120622423	68.8857246559	78.0933955398	63.9628556858	48.8218911309	65.4333200557	51.2738468009	82.0658891269	47.7829250707	57.3677075719	64.2647508943	78.302313329	81.5471905069	76.3517741009	77.6253356348	46.4239337931	80.9617891394	80.6774092271	72.3439839881	56.1034484588	73.4771809149	57.8871603417	64.4391563968	59.1869427244	64.4730512411	49.4917255893	60.1233756568	77.5250274426	64.996754535	74.0236599142	64.7280149982	72.7807483336	65.9608897607	73.6459696692	45.8413704147	63.6856172308	57.4816644017	78.9647663357	65.3208621015	71.3352548705	94.2403082206	73.7905027549	70.6037191224	66.0791086442	79.704048758	71.8039555572	47.7503647315	79.3093171892	78.1448391509	75.1341721505	59.7978055028	69.7432234093
52.7554534453	38.9963948822	54.1394063968	38.5672432319	64.9063076134	66.8575936128	74.3614382026	68.516888996	50.1502336321	58.3587967294	75.3252478915	57.9817692906	75.6613514584	54.5035396947	59.331056618	70.2128296812	57.0326111596	72.2235088169	45.2279303517	64.0971672877	73.9397790896	57.0844598351	74.0286721982	51.7909159245	44.3815144717	64.5299518542	38.0430010658	68.4594479947	37.3191187869	50.2964689924	55.3439808265	67.6991946589	69.6670749689	76.234584497	65.999815714	36.5899849154	73.2892630055	62.6038871372	56.8147198431	48.7455605957	62.0234123962	46.3453967858	52.9168844892	52.6907599957	56.2878316804	48.1974855672	48.8738812451	68.378661346	57.3073740516	72.1674606248	59.6817314433	71.1269943381	66.7161630596	62.6003855214	42.6147298717	45.7064731259	47.3635950361	61.3210929072	48.7075246413	61.9286669063	73.7905027549	94.2403082206	65.5776190148	62.703466673	73.0332314733	56.1596931563	35.4520414739	73.2574497779	65.991825445	61.2526142995	54.0600415889	72.944395496
66.4737270953	60.2199638479	71.6664080792	59.507327391	48.4642434014	69.72092695	58.5110917888	79.1010135736	60.5313267763	78.1570510816	76.3106288927	66.7709827013	77.3055012516	74.5027346625	70.310016687	81.7338027019	75.5966948162	78.013397235	45.8983437697	68.6566829979	61.6221393962	77.630581914	73.523394215	66.9844111713	55.8299263698	72.859781016	60.6201166986	81.7844133293	55.7551106921	56.0817389301	70.0579228512	73.5084745332	81.2441305071	69.1328431058	73.0837747278	45.6944656162	78.4653902869	67.5309847809	68.5584600028	64.7604939357	77.8890102017	47.9632961233	70.5191592303	73.042609931	53.635158952	56.753053658	46.0681818478	63.2902191517	65.3797417679	64.512620931	66.941535003	61.8836151657	76.0489287962	70.4546374959	45.2861733155	56.0918889475	57.5430492421	68.5605149725	55.307764445	59.2004207409	70.6037191224	65.5776190148	94.2403082206	70.5686482719	76.1437655572	63.8237207103	55.658393572	61.4216633348	71.8114048537	62.8051537115	68.1367039413	64.6978581033
57.624123917	58.8354475021	65.1069647882	42.9064824187	54.7491686707	52.9772936777	58.1104237659	71.1026415646	59.6335062684	58.6873152819	70.2773611197	62.12365197	70.9077356139	65.7676515868	63.7857596829	63.1285403784	66.4250961606	65.8129163825	50.7546284137	54.1502855782	65.1574739922	63.837687011	64.4411949921	55.8154824276	47.9464463952	66.2122346876	52.2694839502	65.7447766187	52.7585451545	56.2288253712	64.2190252332	68.9418962505	71.9771146875	66.0546061476	63.2160485867	36.6545710428	70.2628151475	63.7641307099	65.0354573009	62.8727869337	68.0556425272	46.8781722822	58.2428294667	61.4618556201	46.0424359326	46.3790747073	38.6115725193	53.0679869527	55.2239097824	69.0805064807	60.4691891059	59.8580333273	63.8131121713	60.9372126613	50.4863790452	47.9841173899	53.8549775823	60.385393667	47.273997203	64.1834876201	66.0791086442	62.703466673	70.5686482719	94.2403082206	63.6347799804	62.0106502017	48.1647770157	61.2069508604	56.8703536363	56.5717930638	61.1875843909	60.6376135337
60.3312258583	53.3944882856	58.7777707938	51.0289704023	54.9288975418	74.8639775275	68.5780778488	79.5893838672	58.8108936377	73.180399856	83.370886897	75.3686890303	79.4943660454	66.6639677411	77.0201922291	72.9023856776	66.3730743857	73.0312948119	45.8046968057	73.0125023333	75.9917531529	71.7101086827	75.5011309517	62.3311037298	54.7921352902	68.6812381496	60.2245730367	79.0212843052	54.5542834732	55.93843951	66.3163781444	74.7691840345	81.9756371328	71.0795707823	76.9975733803	46.6535844487	80.5181414782	72.4011122647	72.5184321196	54.9404506377	75.4013387623	53.3732834349	59.4693359376	62.9854837759	69.7912261366	57.344798595	54.5226311312	66.1924017959	67.3427771489	69.5400944368	73.2114847941	72.4263753695	71.5825985984	76.6640549308	49.3084971511	66.0672073033	53.1271115005	80.3182675673	63.7601015922	67.121878075	79.704048758	73.0332314733	76.1437655572	63.6347799804	94.2403082206	73.9781873873	53.3116352545	71.711445404	74.9039327802	71.5874170569	60.0509785121	69.0065661634
64.7533934337	49.7803113225	62.585818575	52.7384420231	62.1441611297	58.9237681887	57.9073549777	76.2177814882	68.7207140313	57.6877317295	71.0384647881	78.279823828	76.5571137358	61.7605585685	75.2188437979	65.9153655586	66.4124020855	59.1581924169	58.532396261	61.564214286	70.0046075844	63.2849307163	60.9479634615	65.4217734921	63.8945323726	63.2446005035	69.2191953793	75.9531464664	65.8960153206	53.3241179473	71.3194688247	73.54711482	74.1999835162	66.178972258	79.9571660376	53.1724626209	68.0408444369	67.3119581245	82.0650954069	61.7321442322	76.9724321319	52.8359765852	49.4874723143	62.1460057067	73.8580556463	62.5091493027	60.4504183169	65.4984052052	50.0007734566	69.6975727991	68.7963993497	65.1249014257	55.8395820886	74.4634642225	50.9104960222	74.4416806238	67.0591643025	81.2141209007	78.0367574735	53.1696764504	71.8039555572	56.1596931563	63.8237207103	62.0106502017	73.9781873873	94.2403082206	59.9723481935	69.392066332	54.6573070546	63.2732786736	58.7752077932	63.635942395
58.3495064749	63.0017003149	62.529988601	62.2549020186	37.4100060721	41.2579260459	33.9993594754	63.1929204206	53.5467617322	52.623451576	46.2332379639	64.7975727875	54.4604073585	60.0291411051	62.46848441	55.1716527971	66.6450680126	47.118553877	33.7352047292	53.1752382992	44.0096782245	56.1285889031	42.7464119587	53.5940111065	74.7735866442	51.9357082883	72.7160563892	56.3963765948	70.5560805758	50.9697254184	68.6971892695	52.7107331368	54.0788804225	47.9121562876	67.886050991	45.7961455235	49.6695488637	47.441433407	59.4961629849	49.495032824	70.2296947845	44.3812274072	46.2997368228	60.3463580227	53.8943200721	62.6491085844	31.6205972462	34.4250282424	45.5936727002	48.6284970706	61.8533806225	41.7686245465	45.9004862941	61.0324214957	49.375125318	69.5033487554	58.2635940965	58.6052866837	68.653948035	27.2031535433	47.7503647315	35.4520414739	55.658393572	48.1647770157	53.3116352545	59.9723481935	94.2403082206	40.6517982604	30.7207465345	41.9320616069	50.3711417344	46.2541918509
59.1536683585	33.8735627063	58.6330147277	47.8745133639	75.2623293419	68.4967895408	79.2913183063	68.7121819883	53.7307249164	59.1270290875	79.1611669584	69.1965443717	77.5473062505	57.0560066958	69.040197067	62.793415278	59.0167718845	69.2689449566	59.2261756205	56.5309514128	79.811628103	55.6340152777	67.7014119263	54.3436697573	47.9121863585	66.0064798341	48.0708361263	73.2686844784	44.6185755075	48.2948282014	63.159539268	70.5086925383	74.8854344624	71.3219441512	71.346564161	48.7860358081	73.1817109556	71.3107403344	69.56946356	53.3000167221	68.0441911895	54.5752693402	52.1105569982	53.3207639422	63.8561316627	47.4908682605	67.4293536267	77.6798243256	53.2066865505	70.1125802948	62.0124260348	66.3397216895	64.8391276797	72.0905217326	49.8681787388	56.091213641	56.9301216808	73.6955279515	62.9821932558	65.2797091898	79.3093171892	73.2574497779	61.4216633348	61.2069508604	71.711445404	69.392066332	40.6517982604	94.2403082206	67.7630637717	72.6908866995	57.4678525477	69.2521698161
57.2236493026	46.8239778791	51.3133518145	39.968386471	43.2474701817	78.4473298269	69.387878013	66.6647390336	46.2043032629	70.2524231034	81.4096350638	55.7918674842	72.8720241173	60.9266825961	66.8166428895	67.024643056	58.696124244	73.3441068415	42.9016388818	57.8746431569	69.6285379648	64.7898624616	74.2900337367	53.4245025366	33.779697961	59.7839674995	38.6259673632	73.4489513184	38.28618035	45.9741825797	54.5687978817	68.2539537766	75.5618934227	64.7952685809	61.1438823621	44.2922126216	76.6736735131	69.7645262177	58.427907285	53.2275370065	62.2095439647	49.2742142077	66.3407093515	52.8672329407	46.8722415866	40.2434843754	49.2526184573	68.1442752732	65.8305980653	54.7007725921	53.6364909948	61.0157342785	71.9470976662	60.265472076	44.5351076314	49.0547507007	43.8947289997	64.6723974456	43.6409165778	67.2553933899	78.1448391509	65.991825445	71.8114048537	56.8703536363	74.9039327802	54.6573070546	30.7207465345	67.7630637717	94.2403082206	76.9683329029	51.6663217904	69.6093478667
56.3736512512	49.7316954251	52.6804301536	44.7533532908	56.1942823624	70.0798631391	70.7045881172	68.3442743021	53.5419635212	63.1654923455	77.5183045033	65.432628138	70.8852893166	66.4418517959	68.3699415377	59.2509842483	60.3542494166	69.915187	56.4072090805	54.4080960032	70.8750211931	66.0723421358	71.2166567878	51.8011179603	44.7963170175	68.0503024362	51.1399988138	72.044283965	44.3392125787	43.3114834345	65.5860631843	74.1079790532	77.8618917386	67.2103168718	65.3944613504	54.4788757888	75.8994827386	68.5799672627	71.6486757224	61.0579860445	67.3905850955	56.6759492897	60.7926526083	56.3004727964	57.1241093225	49.0062776097	55.4182205005	68.2790295926	63.010161574	57.0906137202	58.8572718855	65.9830935917	67.7454595556	63.758020139	51.1068823057	56.5642176995	54.2741750415	73.1579006142	56.8345403499	63.251116249	75.1341721505	61.2526142995	62.8051537115	56.5717930638	71.5874170569	63.2732786736	41.9320616069	72.6908866995	76.9683329029	94.2403082206	54.896557252	71.0157614745
53.2203811243	52.0677595427	61.3313966526	43.8644311516	44.699323048	57.6269703735	47.2030811797	70.1527161617	50.7708387335	60.104047551	61.3425888779	57.1345227148	61.2534666182	64.8378431725	61.7599376131	61.0736528462	64.6555703965	61.2658670407	49.8056312768	58.1633182349	53.6074897183	61.2805914021	54.3641452172	59.1966728044	43.8470448931	64.2924524406	56.8658135979	63.2561275252	48.2361373712	59.4804558398	62.6133575082	61.2834723577	65.925328004	54.543577155	63.2446093082	43.7931433925	60.0634728693	54.0368602555	60.0974325591	64.0341227769	67.8121280196	44.8928927952	58.2051656125	60.4030153273	50.275678711	49.9132931922	45.9428939928	53.596304173	52.2836636842	62.998461789	54.1877173533	49.0557022253	56.0953936825	61.3498997248	45.0665656023	46.9642906145	52.7939193708	59.1504416819	48.4666894288	50.7839232904	59.7978055028	54.0600415889	68.1367039413	61.1875843909	60.0509785121	58.7752077932	50.3711417344	57.4678525477	51.6663217904	54.896557252	94.2403082206	55.2300878311
65.1641949845	52.3968909134	60.0100085321	38.8042870076	56.4438267897	63.7886313094	65.334147378	70.9821373218	58.1187216676	65.128436744	71.1887693173	64.327564064	72.3349444753	60.2240050643	72.0121950553	67.2606912197	61.6567334977	68.6362129299	50.6507877739	68.2239482548	67.8733237091	63.2641381718	64.2849517306	57.3882357029	48.3825487278	65.2984619217	49.3352674804	66.597709008	49.9426938	49.0237535019	64.767091598	71.5926627389	67.8872079505	73.687412805	71.061431951	50.09441676	68.5222966315	62.0343416514	66.3654859016	58.447392737	68.530543712	54.7805474971	67.1639918059	54.0545758422	55.3080774107	52.4862575261	52.3963332939	65.2349670521	60.5551280212	67.6628537109	58.359524035	59.3224323457	70.5234621818	62.5694621853	63.5736212389	54.7487791956	56.3423000865	64.5381224288	54.5346179158	53.9015353149	69.7432234093	72.944395496	64.6978581033	60.6376135337	69.0065661634	63.635942395	46.2541918509	69.2521698161	69.6093478667	71.0157614745	55.2300878311	94.2403082206
Genotype stats (X^T * X): 	15.2997758431
Gene expression - Genotype stats (Y^T * X): 
9.53694295521	5.95731285224	12.2091702817	8.29896684967	10.8606926671	13.5307528641	13.1588291311	11.3487243751	8.17523286778	9.66453026731	12.5480348166	13.6149360376	12.6335535265	9.00382802071	16.0064537502	8.51130388788	7.90462453325	10.9850549692	6.11531173027	6.71185530739	9.79716213023	8.22484815881	12.6265457043	7.34782669164	8.47718173035	11.7547849108	9.44089097037	11.8371926016	8.69564418484	8.92413983356	7.35610355522	10.9790374902	12.9519132488	11.8904865629	11.555178462	8.43128263503	10.0391421397	14.9020351023	13.0337173001	3.23619100377	10.5490927143	3.95049914619	10.6250865987	7.31809541653	10.4721126709	4.36960552718	13.04236431	13.5693936556	7.08997684456	9.71480823836	10.154016405	6.41758053593	12.1063911452	10.7975329398	8.90592188035	9.7998383908	11.7926095183	14.2338969789	11.6331443046	10.5207315352	11.8383377171	7.84898504858	9.0518366945	7.7823970964	11.1361711138	10.6327126199	7.09731946008	11.9463591867	12.5407772293	12.1337345704	4.10545444641	11.8664925339