Tissue	braincerebellum
N_samples	102
Chr	1
Gene	ENSG00000159176.9
SNP	rs10800787
Gene_list	ENSG00000068078.13	ENSG00000110651.7	ENSG00000074800.9	ENSG00000157150.4	ENSG00000100033.12	ENSG00000167191.7	ENSG00000143878.8	ENSG00000172458.4	ENSG00000165795.16	ENSG00000183963.14	ENSG00000134769.17	ENSG00000085063.10	ENSG00000266964.1	ENSG00000079215.9	ENSG00000131771.9	ENSG00000100097.7	ENSG00000102760.12	ENSG00000250722.1	ENSG00000131095.7	ENSG00000160307.5	ENSG00000139644.8	ENSG00000100427.11	ENSG00000104112.4	ENSG00000167614.9	ENSG00000108387.10	ENSG00000168309.12	ENSG00000179604.8	ENSG00000021300.9	ENSG00000165092.8	ENSG00000145284.7	ENSG00000152583.8	ENSG00000105854.8	ENSG00000166925.4	ENSG00000164929.12	ENSG00000110887.3	ENSG00000168710.13	ENSG00000111275.8	ENSG00000155368.12	ENSG00000152661.7	ENSG00000066468.16	ENSG00000148180.12	ENSG00000166033.7	ENSG00000113140.6	ENSG00000155511.13	ENSG00000125462.12	ENSG00000018625.10	ENSG00000135821.12	ENSG00000159176.9	ENSG00000135919.8	ENSG00000135916.11	ENSG00000132329.6
Gene expression stats (Y^T * Y): 
94.2403082206	60.9114001304	61.7371799998	62.38755501	71.6540925984	54.0055860978	53.3763222607	67.1522932421	63.7931265035	60.5789287239	52.0552636142	40.2277896321	61.9687186993	61.0878455451	64.628758148	46.7473665504	60.150621343	46.1570732142	41.6229968375	41.000118962	58.2318756381	71.3733752982	55.5323880789	70.2846698784	50.8831254511	59.5940524197	71.2345497796	46.2511247914	55.0087616706	65.5454206187	58.6420060582	65.3833489253	49.420521413	49.415387902	69.4952296102	59.6595730571	69.4705206509	49.2237480058	70.4648689356	49.4826768275	45.6029896143	69.9080898438	61.6089714774	62.4398561319	67.4515320634	66.4596031286	50.7717937788	58.627614149	61.8214122826	56.3863281377	65.598086047
60.9114001304	94.2403082206	77.9614429474	60.2621919356	59.8367757434	59.915585284	66.1453742283	64.9123339676	70.3874486109	53.6897444513	62.0296070389	57.7590212635	76.4719779249	53.9885548942	75.6382375167	66.44557229	62.3505549587	54.5979144184	71.077223761	48.5683827629	64.5153956663	73.5992915648	50.18052097	77.6539256516	53.8802031542	68.2612848578	57.9554979312	61.8358335219	50.9855004072	58.7503720861	67.2030675433	66.5246784916	69.7608474992	58.3526150523	62.5196127184	65.8341368601	76.9324368202	66.6393546299	65.5849432592	43.9769762415	64.2230877804	71.8210603511	64.7713928943	56.4432874369	64.2027473594	77.0871700921	66.3670245748	69.7582068422	61.5305895117	82.2255385079	60.4252874258
61.7371799998	77.9614429474	94.2403082206	56.9407942862	61.1705477477	51.572266923	64.1660462011	58.7424654166	63.5873155304	52.0725462083	66.8970438347	54.526332256	70.2516501637	54.0963937633	66.4421437825	53.0487181393	55.4035056105	42.9888091524	66.277545206	43.9676327068	56.8791403052	66.788705173	49.3189761443	69.2362008291	49.0073246824	64.0779470159	58.9484265596	51.1272757211	51.550003182	64.7720397684	68.5318890966	61.1336604167	64.6934375508	60.4414365827	68.484197823	68.8679660307	74.6647232641	69.9422250765	64.1148177861	36.1224095674	50.7875473672	67.5552338311	58.3901825543	58.529764909	62.3790810695	71.6737288571	71.8043062908	65.2294289503	69.1296748251	72.5484043417	62.2217062708
62.38755501	60.2621919356	56.9407942862	94.2403082206	61.2286383427	50.9174929117	57.3729744625	63.8698747126	77.3905606232	65.4237243737	57.379765311	63.7760437225	66.1216393958	77.9801030334	64.2895916184	43.6521985282	69.9877060688	57.0185311945	25.348548915	65.05242747	66.845956869	73.8750763819	67.0935101005	68.5563123422	66.9055605176	70.1720765022	72.4258566028	42.0520433114	71.6706184101	72.2338002236	58.1080626266	73.0663857035	51.6649224338	66.4575675137	63.4212840485	64.7511947	56.4478672427	51.9347657472	59.744345436	56.062735085	40.1928112243	75.8582664202	69.2345569555	77.9697476629	68.6247894461	68.0013520889	53.4420608699	60.4450830423	70.0316252694	47.846213116	67.5991627523
71.6540925984	59.8367757434	61.1705477477	61.2286383427	94.2403082206	46.4851637094	46.3917998872	56.4197369341	65.0834864671	59.0839707161	59.2780109976	39.9803856484	62.4272051074	54.0749069517	72.4744747613	47.5656510867	57.1114009212	41.3009486153	46.6103404035	38.3311034176	50.1528852013	56.6296364925	53.6101095973	70.1833566978	47.5126573007	64.6610794258	62.7919948281	36.715774035	54.5699873581	54.2682084111	55.2596633156	56.2064153402	54.3787306602	49.8079783421	57.0079284179	66.1844073391	65.8438818335	57.6614926308	60.6789500763	42.8961246166	41.9571334893	59.9524427177	63.9388779516	59.6706143095	64.4403367378	67.7597956528	57.9366170195	60.0226873506	57.8879265138	49.2134220607	61.4752920186
54.0055860978	59.915585284	51.572266923	50.9174929117	46.4851637094	94.2403082206	44.3883082778	72.9283528818	71.614163919	49.5564138778	62.759671826	60.9260394376	64.3268343321	65.2819756549	61.4385259531	51.5170272226	55.3782723898	73.6998672688	48.7561921445	60.7031651965	59.026962611	70.6003542638	60.0177583235	62.0703713715	64.5440752967	64.6993823361	59.8218934317	68.393694272	68.829603252	61.8849633534	52.5340389424	70.1676057038	61.1001473884	60.5748235871	54.6753552073	54.1888952224	56.0042312624	57.0612939317	62.8600243955	61.7766436892	61.1429341326	64.2092532863	61.3635812707	58.9631522768	61.4744175054	56.1973848006	39.4055103084	73.8629121188	60.3864885553	50.4569960049	59.7342146563
53.3763222607	66.1453742283	64.1660462011	57.3729744625	46.3917998872	44.3883082778	94.2403082206	56.7676371458	53.1784820949	49.9890961512	45.3430412455	49.1157405095	57.5478651622	45.6386275917	61.9718659552	49.2471241348	59.8271347148	37.8087622095	49.0124902833	36.9915576593	55.688831926	56.2375162062	42.2774713142	57.2957640154	46.1611188878	46.910894421	61.6542916529	46.4434812751	42.9746447995	52.465062456	60.5019402119	52.4537615764	54.9139943067	45.3782102671	63.0023071186	51.1060892382	61.1403918177	47.6104948124	59.7621980094	31.3509087359	55.1633877728	64.9299161991	52.1414727548	47.3064785897	53.0381777834	61.7088648993	58.7234439487	57.9811809772	52.1513884034	66.9306259639	51.2123383911
67.1522932421	64.9123339676	58.7424654166	63.8698747126	56.4197369341	72.9283528818	56.7676371458	94.2403082206	73.6875954173	56.1435680775	60.8336440948	53.1075357525	72.8056378778	63.3031147108	66.3672227547	51.703386879	65.0868860992	65.6393632822	45.4600857878	57.4031584717	58.9384028447	72.9813597732	59.6063349988	67.5919623248	63.8029310736	67.1007009894	69.2461595437	59.3012951572	66.0778289017	63.7786953824	59.1141033568	73.0678764035	56.2381650705	60.4278917499	58.6248433915	62.3500877221	63.7401342767	56.9127270396	75.2360184916	53.7712941282	54.5037557196	69.9104134971	67.1335758475	62.6001288111	66.9460756003	60.1278807368	42.3414095622	65.1588255868	63.7561860765	54.0427261166	68.1052516602
63.7931265035	70.3874486109	63.5873155304	77.3905606232	65.0834864671	71.614163919	53.1784820949	73.6875954173	94.2403082206	65.7209374995	73.2524928675	69.6166642553	72.1878893311	81.2555754285	71.9316908735	50.3175793552	69.2579173761	70.699139101	44.1240491646	67.8368886856	70.2200680639	79.4408776463	69.8865304314	77.0951579576	64.1046847223	81.8858843222	69.0856283249	58.5357112926	78.5760592272	71.2882555805	70.4736676637	80.6322509388	59.1778581976	70.0779481287	59.7643583922	77.6297174976	66.5379430675	65.3768467122	66.8107290626	62.2427297229	55.5127931751	75.2162424179	78.6158538412	77.8213856841	74.2213584174	77.0682444322	57.8625306884	74.0355751374	72.2332842633	56.0580965049	61.6618854504
60.5789287239	53.6897444513	52.0725462083	65.4237243737	59.0839707161	49.5564138778	49.9890961512	56.1435680775	65.7209374995	94.2403082206	48.7342487907	59.9994540735	57.5993542312	58.2843333596	60.9879814075	53.9504092399	69.2755397439	55.7398393341	27.4788425573	47.2639559362	55.1956783082	62.1402286968	63.0133081419	52.4864092043	52.0218179858	66.1296487369	68.2941980757	38.1269717619	54.9318278797	57.3082204697	51.6941888955	67.4547526116	32.4161573558	46.6219655326	45.021932505	48.4820511499	49.9624714675	41.9295669317	57.3366798752	50.04136498	46.534155058	55.1245061506	74.7041003437	61.242946419	46.5834851092	55.9624917266	48.1840094437	60.9402921853	52.5737449327	44.8880364214	56.7713848464
52.0552636142	62.0296070389	66.8970438347	57.379765311	59.2780109976	62.759671826	45.3430412455	60.8336440948	73.2524928675	48.7342487907	94.2403082206	65.759477332	65.2866070795	67.3409925191	61.2609565214	43.548531948	53.0613568995	48.9484461091	52.7019651455	50.4409809836	62.9820926494	64.6695090815	62.8732845318	60.3240226249	48.2244744147	69.9330353977	59.2060451015	45.9216927907	70.2751205954	70.6814232676	68.2468239452	73.0081970423	54.115362097	75.1187947849	54.7634031756	77.7834289583	64.7017792444	78.0846834729	62.7584280277	43.3430266292	40.4883187542	58.9013123261	69.9142622455	66.3133444537	58.186249144	69.3513348911	65.5317399992	60.4360567531	72.9747112126	51.0692518129	54.2939996919
40.2277896321	57.7590212635	54.526332256	63.7760437225	39.9803856484	60.9260394376	49.1157405095	53.1075357525	69.6166642553	59.9994540735	65.759477332	94.2403082206	57.8238110776	72.7898478506	52.1898898391	49.2078210814	53.5956544741	62.7707328492	30.6621317923	58.3342880543	70.0441238367	62.4687030608	64.3982134292	51.2133615359	52.4220844	67.8262523056	60.7610668266	39.9163022825	71.1379979379	71.2804376893	57.2908402937	71.6197391601	40.9413673374	65.3536372168	45.4971629488	60.9800271106	51.6279032807	62.652868584	50.0378617132	49.271666617	42.0985673962	57.3673161824	69.0903786887	71.5086423989	44.5560273066	60.2062862114	53.5323130137	59.6255421135	70.1183041528	41.8270874695	54.7684524384
61.9687186993	76.4719779249	70.2516501637	66.1216393958	62.4272051074	64.3268343321	57.5478651622	72.8056378778	72.1878893311	57.5993542312	65.2866070795	57.8238110776	94.2403082206	57.2613495222	75.8476689081	66.5977346886	65.5682404234	53.5743982326	60.9851554458	61.0954651807	55.4190379864	74.4875232628	56.6800297808	71.8360426806	64.9114420213	74.2127973554	68.0087699709	61.3275929634	66.0910334759	58.5445438153	51.430633891	65.3260547936	65.4093848493	63.6545525352	61.3017057078	61.5691672045	68.8803959499	70.4044579715	60.5736559934	47.3792775825	50.749093484	64.1564514441	66.0905880006	61.2311568742	69.2875973916	63.4705451407	51.4251190343	63.6932082213	65.4219762537	65.2950996632	71.9731268556
61.0878455451	53.9885548942	54.0963937633	77.9801030334	54.0749069517	65.2819756549	45.6386275917	63.3031147108	81.2555754285	58.2843333596	67.3409925191	72.7898478506	57.2613495222	94.2403082206	55.1453068815	39.903080848	55.695056221	67.8258688865	22.5957508562	69.6513616425	73.5147533364	76.6699666516	73.7848655834	65.579569074	65.4544609946	69.1972956884	68.3847066847	44.7582015913	84.1118151088	79.3352230406	62.6389267415	78.6665055739	43.86255441	70.341169275	60.8212297831	69.3847389172	51.6692712512	52.7437843759	63.1810883198	64.0765319735	40.7580797019	70.2064457334	71.0800555223	86.8995279427	63.3529068929	71.8825374218	55.4646806495	62.948658951	77.9764757645	42.2027117681	55.3910793044
64.628758148	75.6382375167	66.4421437825	64.2895916184	72.4744747613	61.4385259531	61.9718659552	66.3672227547	71.9316908735	60.9879814075	61.2609565214	52.1898898391	75.8476689081	55.1453068815	94.2403082206	60.3397294801	72.6644570444	49.138957143	58.2582259672	42.5547195416	58.5710315087	64.4951864844	54.1033049862	73.2600666302	51.2945008775	73.2146146708	66.8631212916	52.0218338448	57.2256388181	55.8792364793	60.2098244888	61.6428375228	64.0872452956	50.7145586144	62.2064234759	68.4046473901	74.5386156643	63.076120717	66.0561128656	36.5768249723	56.0322472165	69.0727127839	66.7343501631	58.3346503654	69.2797445214	73.388215018	56.2273978009	65.0781043186	56.3219837652	65.6648879116	67.9806494887
46.7473665504	66.44557229	53.0487181393	43.6521985282	47.5656510867	51.5170272226	49.2471241348	51.703386879	50.3175793552	53.9504092399	43.548531948	49.2078210814	66.5977346886	39.903080848	60.3397294801	94.2403082206	54.5543062992	50.6653432636	51.0637262679	49.3345881245	44.41456805	52.8574769824	45.8994275257	50.877868485	57.638556307	60.0495827034	50.8118625234	53.4944816633	44.8046853531	42.429112055	46.2691845053	53.8468920173	45.9431679012	37.6705878204	49.1870260649	40.4443396024	52.3936310694	54.8156779252	52.2969551144	35.3595838099	58.8890316614	46.9403260606	62.4261794927	40.3010549316	44.4335043513	53.9327103298	40.9677656088	59.2300462766	39.676632891	59.1982245511	58.1432946488
60.150621343	62.3505549587	55.4035056105	69.9877060688	57.1114009212	55.3782723898	59.8271347148	65.0868860992	69.2579173761	69.2755397439	53.0613568995	53.5956544741	65.5682404234	55.695056221	72.6644570444	54.5543062992	94.2403082206	53.7482335047	43.8129295104	46.341975037	54.0386451115	58.3989154279	58.9066751435	57.1018009585	56.2160828744	66.9565943141	61.8644587047	52.8942366897	56.5357772188	60.8680398961	60.1827255238	65.8882574498	48.3492623854	50.7035190648	61.1484426699	59.0415893078	66.463747461	50.3588849334	67.7529129124	43.2761804724	50.1535939294	70.6931109971	66.1757512763	56.2036956864	61.8674547576	64.667222128	44.2558211162	63.1517071758	50.7984820262	55.2755537739	67.2436656859
46.1570732142	54.5979144184	42.9888091524	57.0185311945	41.3009486153	73.6998672688	37.8087622095	65.6393632822	70.699139101	55.7398393341	48.9484461091	62.7707328492	53.5743982326	67.8258688865	49.138957143	50.6653432636	53.7482335047	94.2403082206	29.5448403612	62.7234013792	61.6076918883	62.9258075579	67.1587892478	51.4513387047	65.8638707283	60.7150644522	51.2813255927	58.3532840848	66.5820742631	57.3552935571	48.2030841221	70.6257930452	42.9455938318	57.0301307721	44.0129950333	54.6770923207	43.6712069749	39.5275638671	58.1404046927	67.9437839324	67.02322238	58.955905881	64.9960119435	62.7859582051	47.4916952518	54.4784325938	33.266542482	70.4338168308	54.7417092523	40.7594731797	49.2464556257
41.6229968375	71.077223761	66.277545206	25.348548915	46.6103404035	48.7561921445	49.0124902833	45.4600857878	44.1240491646	27.4788425573	52.7019651455	30.6621317923	60.9851554458	22.5957508562	58.2582259672	51.0637262679	43.8129295104	29.5448403612	94.2403082206	22.688916437	31.5319765414	45.3247814274	21.4560627261	54.4596658613	33.0575731916	42.3188217154	33.4730471385	60.1766006913	30.0678538763	35.501940809	46.0973295905	36.6166689118	68.2080810639	42.4544323526	45.2284331378	49.6918456977	63.4320814544	62.5530489037	48.9922270239	29.4183618304	45.1000132441	45.0233009793	39.8124408553	24.6972126694	44.9991291125	49.1898169693	53.1320135346	57.8519570763	38.2762506802	69.4900184846	41.7839852039
41.000118962	48.5683827629	43.9676327068	65.05242747	38.3311034176	60.7031651965	36.9915576593	57.4031584717	67.8368886856	47.2639559362	50.4409809836	58.3342880543	61.0954651807	69.6513616425	42.5547195416	49.3345881245	46.341975037	62.7234013792	22.688916437	94.2403082206	45.140259416	70.2758950632	63.0963693485	61.3442586307	80.7734994102	61.1836118589	52.3374617508	63.4754411108	69.8324566334	55.905086169	36.2094291291	64.945578472	55.2642526422	62.4932559209	52.6065240832	40.2866992197	36.0799818329	46.5920508186	42.5372487374	62.1569840198	40.2591609535	56.5484293432	52.6348945752	62.7719758829	62.4235453437	49.1859648066	32.7715691282	57.8621402176	56.1178031485	40.9158406934	53.2177362801
58.2318756381	64.5153956663	56.8791403052	66.845956869	50.1528852013	59.026962611	55.688831926	58.9384028447	70.2200680639	55.1956783082	62.9820926494	70.0441238367	55.4190379864	73.5147533364	58.5710315087	44.41456805	54.0386451115	61.6076918883	31.5319765414	45.140259416	94.2403082206	69.4750089089	63.1832934111	62.1622223757	46.2678901773	64.4969926187	61.3994662903	39.977871173	65.5394169781	72.2927971535	68.3129285401	74.0667129497	38.786662526	60.1130749551	52.9320962153	70.4971961803	63.7101951793	53.8304567427	65.4383381541	48.3933558961	55.1713101182	66.3318724487	70.5643732317	73.432401296	52.7370853659	75.5940937877	58.7797305163	60.4998628468	72.9190926001	53.2493383629	50.6297062737
71.3733752982	73.5992915648	66.788705173	73.8750763819	56.6296364925	70.6003542638	56.2375162062	72.9813597732	79.4408776463	62.1402286968	64.6695090815	62.4687030608	74.4875232628	76.6699666516	64.4951864844	52.8574769824	58.3989154279	62.9258075579	45.3247814274	70.2758950632	69.4750089089	94.2403082206	69.3330991499	79.4223306389	68.061572914	72.6729609619	72.3685364618	62.2846817353	71.071336279	73.0877605482	61.5415261482	79.815321685	59.8848568644	69.3499486947	65.8216662226	62.3126427482	63.703734415	58.7051745043	64.6102952731	59.958291689	52.095997239	74.2447941977	69.1048742427	75.1073282269	72.7687676321	71.2226360965	57.2152975474	68.7246492405	75.2045770965	65.1717787261	65.1326539108
55.5323880789	50.18052097	49.3189761443	67.0935101005	53.6101095973	60.0177583235	42.2774713142	59.6063349988	69.8865304314	63.0133081419	62.8732845318	64.3982134292	56.6800297808	73.7848655834	54.1033049862	45.8994275257	58.9066751435	67.1587892478	21.4560627261	63.0963693485	63.1832934111	69.3330991499	94.2403082206	54.2056489386	61.6970435094	63.6370851493	60.7498921283	46.1968837372	70.3987883925	67.7125574305	57.8562048461	76.190757543	40.837958584	64.5053311748	54.4547763622	60.8325216748	50.8458314328	51.9674706422	54.7650040891	57.0578182312	46.505626523	61.9988040147	71.6168869295	69.5622178241	57.1309389292	59.9167943191	43.9590264013	58.6632403346	70.0054149669	39.3827972935	56.0324584371
70.2846698784	77.6539256516	69.2362008291	68.5563123422	70.1833566978	62.0703713715	57.2957640154	67.5919623248	77.0951579576	52.4864092043	60.3240226249	51.2133615359	71.8360426806	65.579569074	73.2600666302	50.877868485	57.1018009585	51.4513387047	54.4596658613	61.3442586307	62.1622223757	79.4223306389	54.2056489386	94.2403082206	61.4369082022	71.6615517124	61.250712978	62.2137524316	60.4311451854	65.7828621695	64.1180310923	67.9003984387	74.5698495858	60.3401907834	69.3608048773	66.1696199077	73.1914442022	64.6589698411	59.7777056481	49.4736717807	52.3177336182	75.6885054577	61.2734885218	67.0435788266	83.2140688993	77.2529124449	62.8833701287	71.1922003626	68.298350763	69.7164424431	61.5306704748
50.8831254511	53.8802031542	49.0073246824	66.9055605176	47.5126573007	64.5440752967	46.1611188878	63.8029310736	64.1046847223	52.0218179858	48.2244744147	52.4220844	64.9114420213	65.4544609946	51.2945008775	57.638556307	56.2160828744	65.8638707283	33.0575731916	80.7734994102	46.2678901773	68.061572914	61.6970435094	61.4369082022	94.2403082206	58.2974268309	58.8820383967	66.2440759668	65.919049866	57.5649244926	38.0956164977	62.7606299725	61.5533361073	58.5413479427	66.5741599242	42.749240278	39.6718139291	46.1182270815	53.2121422632	66.263436977	48.726470357	60.2621339772	56.0293083961	61.9847552992	58.9899767183	53.1268794064	33.9672956714	67.1963333295	50.8181538197	45.3254174648	60.0835529416
59.5940524197	68.2612848578	64.0779470159	70.1720765022	64.6610794258	64.6993823361	46.910894421	67.1007009894	81.8858843222	66.1296487369	69.9330353977	67.8262523056	74.2127973554	69.1972956884	73.2146146708	60.0495827034	66.9565943141	60.7150644522	42.3188217154	61.1836118589	64.4969926187	72.6729609619	63.6370851493	71.6615517124	58.2974268309	94.2403082206	69.5595650132	50.7051490369	73.9840683536	65.455530025	60.4942678081	73.7109551301	49.8135610698	61.2021610714	57.6996173131	70.1833143803	68.4542178317	65.7613279329	61.6460488414	42.9060552972	46.9697921267	62.437385779	73.4883974377	73.982801135	67.6236724454	70.1036980724	48.8793562317	66.1995103893	67.2952571147	52.3023985824	66.3910551405
71.2345497796	57.9554979312	58.9484265596	72.4258566028	62.7919948281	59.8218934317	61.6542916529	69.2461595437	69.0856283249	68.2941980757	59.2060451015	60.7610668266	68.0087699709	68.3847066847	66.8631212916	50.8118625234	61.8644587047	51.2813255927	33.4730471385	52.3374617508	61.3994662903	72.3685364618	60.7498921283	61.250712978	58.8820383967	69.5595650132	94.2403082206	41.3423199339	69.0715431415	66.5372370949	54.3438954078	69.1883683604	45.8699418369	56.9556712575	62.4941620556	57.6683199965	56.2880453557	52.7514822089	64.3161824089	48.2221453914	39.2371243064	62.7346485587	70.5160063525	70.7965150602	58.256983578	60.7455428587	47.5255660991	57.3604284451	67.3622031937	45.9732984793	72.0045196703
46.2511247914	61.8358335219	51.1272757211	42.0520433114	36.715774035	68.393694272	46.4434812751	59.3012951572	58.5357112926	38.1269717619	45.9216927907	39.9163022825	61.3275929634	44.7582015913	52.0218338448	53.4944816633	52.8942366897	58.3532840848	60.1766006913	63.4754411108	39.977871173	62.2846817353	46.1968837372	62.2137524316	66.2440759668	50.7051490369	41.3423199339	94.2403082206	49.7801565484	47.9387347121	41.778602421	56.4680244056	69.2799337299	49.2628462758	54.3172031946	38.434947283	53.8511965361	49.5285693887	51.7637476268	60.9259311237	59.3462489646	61.4222298602	42.5284622207	41.2778879793	59.1697176261	47.9472465444	37.5980800576	68.0445171426	43.7790824352	58.8761410139	47.5551042591
55.0087616706	50.9855004072	51.550003182	71.6706184101	54.5699873581	68.829603252	42.9746447995	66.0778289017	78.5760592272	54.9318278797	70.2751205954	71.1379979379	66.0910334759	84.1118151088	57.2256388181	44.8046853531	56.5357772188	66.5820742631	30.0678538763	69.8324566334	65.5394169781	71.071336279	70.3987883925	60.4311451854	65.919049866	73.9840683536	69.0715431415	49.7801565484	94.2403082206	72.8371763219	52.1733878567	74.765422165	44.924228836	69.5948291235	56.9391308195	64.2515957864	54.6338772613	59.921700965	62.7587481885	58.2881437087	39.9109590852	60.5836121755	69.0798833492	85.0766981652	61.2837846033	63.1310469126	46.2687533542	64.0157005311	74.0700266208	36.1005313663	56.9282908823
65.5454206187	58.7503720861	64.7720397684	72.2338002236	54.2682084111	61.8849633534	52.465062456	63.7786953824	71.2882555805	57.3082204697	70.6814232676	71.2804376893	58.5445438153	79.3352230406	55.8792364793	42.429112055	60.8680398961	57.3552935571	35.501940809	55.905086169	72.2927971535	73.0877605482	67.7125574305	65.7828621695	57.5649244926	65.455530025	66.5372370949	47.9387347121	72.8371763219	94.2403082206	68.6111530229	79.2184646964	51.2299073608	71.0974806921	67.6967869837	69.5874905844	65.1913673282	63.1524257815	67.5901485728	54.9702973003	39.5007973363	74.271417217	68.9575648148	78.9754557965	61.1908547238	68.860906812	60.8734647468	64.5473472113	81.2684331469	48.6552112894	65.1682392602
58.6420060582	67.2030675433	68.5318890966	58.1080626266	55.2596633156	52.5340389424	60.5019402119	59.1141033568	70.4736676637	51.6941888955	68.2468239452	57.2908402937	51.430633891	62.6389267415	60.2098244888	46.2691845053	60.1827255238	48.2030841221	46.0973295905	36.2094291291	68.3129285401	61.5415261482	57.8562048461	64.1180310923	38.0956164977	60.4942678081	54.3438954078	41.778602421	52.1733878567	68.6111530229	94.2403082206	70.8925417038	49.3512721092	55.931289669	60.5441598162	76.079463259	70.8291998335	60.006842325	68.3471724392	38.7729458182	56.2947212531	70.850742341	65.2605524232	58.0523045637	57.4148091983	76.7506181681	66.8351279123	63.5316679075	66.4970171595	61.8835132174	50.9821209452
65.3833489253	66.5246784916	61.1336604167	73.0663857035	56.2064153402	70.1676057038	52.4537615764	73.0678764035	80.6322509388	67.4547526116	73.0081970423	71.6197391601	65.3260547936	78.6665055739	61.6428375228	53.8468920173	65.8882574498	70.6257930452	36.6166689118	64.945578472	74.0667129497	79.815321685	76.190757543	67.9003984387	62.7606299725	73.7109551301	69.1883683604	56.4680244056	74.765422165	79.2184646964	70.8925417038	94.2403082206	51.522400325	74.2329726997	60.0620476125	68.8649213792	62.7172922801	62.0168469402	71.8587271326	61.6013759185	54.4435530673	77.2747709543	77.8287049256	75.5105599407	64.853969135	71.3185855264	54.7573037496	69.2334761975	76.3825096338	53.3103141154	66.8836172519
49.420521413	69.7608474992	64.6934375508	51.6649224338	54.3787306602	61.1001473884	54.9139943067	56.2381650705	59.1778581976	32.4161573558	54.115362097	40.9413673374	65.4093848493	43.86255441	64.0872452956	45.9431679012	48.3492623854	42.9455938318	68.2080810639	55.2642526422	38.786662526	59.8848568644	40.837958584	74.5698495858	61.5533361073	49.8135610698	45.8699418369	69.2799337299	44.924228836	51.2299073608	49.3512721092	51.522400325	94.2403082206	56.4563729856	63.1213551166	52.2712033425	61.5327091046	63.8831876863	44.5250059664	47.6834619993	52.855583038	67.4465229192	43.9078018586	40.7929942687	68.7608627061	54.9862385672	50.9368218737	67.6579997747	50.7438526201	62.2940288762	60.1470714124
49.415387902	58.3526150523	60.4414365827	66.4575675137	49.8079783421	60.5748235871	45.3782102671	60.4278917499	70.0779481287	46.6219655326	75.1187947849	65.3536372168	63.6545525352	70.341169275	50.7145586144	37.6705878204	50.7035190648	57.0301307721	42.4544323526	62.4932559209	60.1130749551	69.3499486947	64.5053311748	60.3401907834	58.5413479427	61.2021610714	56.9556712575	49.2628462758	69.5948291235	71.0974806921	55.931289669	74.2329726997	56.4563729856	94.2403082206	53.1749291489	64.7947866008	56.2052466591	68.2644811966	55.8867882905	53.7057821842	33.6861169465	66.1480024587	62.153146145	66.5706240808	62.1283002975	59.1127783596	53.2395116385	58.2867122361	75.112493077	47.5574225559	57.6885614363
69.4952296102	62.5196127184	68.484197823	63.4212840485	57.0079284179	54.6753552073	63.0023071186	58.6248433915	59.7643583922	45.021932505	54.7634031756	45.4971629488	61.3017057078	60.8212297831	62.2064234759	49.1870260649	61.1484426699	44.0129950333	45.2284331378	52.6065240832	52.9320962153	65.8216662226	54.4547763622	69.3608048773	66.5741599242	57.6996173131	62.4941620556	54.3172031946	56.9391308195	67.6967869837	60.5441598162	60.0620476125	63.1213551166	53.1749291489	94.2403082206	57.8062481121	65.7243889909	54.7125533577	63.4709794388	40.7073917624	47.5087040361	71.5231003769	50.6629969177	59.9815716905	68.0864244848	69.9068723029	51.6477213068	65.0683955865	60.1896442512	63.9660715101	65.3319950303
59.6595730571	65.8341368601	68.8679660307	64.7511947	66.1844073391	54.1888952224	51.1060892382	62.3500877221	77.6297174976	48.4820511499	77.7834289583	60.9800271106	61.5691672045	69.3847389172	68.4046473901	40.4443396024	59.0415893078	54.6770923207	49.6918456977	40.2866992197	70.4971961803	62.3126427482	60.8325216748	66.1696199077	42.749240278	70.1833143803	57.6683199965	38.434947283	64.2515957864	69.5874905844	76.079463259	68.8649213792	52.2712033425	64.7947866008	57.8062481121	94.2403082206	72.0626017821	68.2529059175	65.068787511	42.7191177223	48.3757598522	67.090024029	71.2487961749	69.9237045751	62.0833620794	78.0520430999	68.1763937572	62.3492640426	74.4899506042	53.851749741	52.7991654677
69.4705206509	76.9324368202	74.6647232641	56.4478672427	65.8438818335	56.0042312624	61.1403918177	63.7401342767	66.5379430675	49.9624714675	64.7017792444	51.6279032807	68.8803959499	51.6692712512	74.5386156643	52.3936310694	66.463747461	43.6712069749	63.4320814544	36.0799818329	63.7101951793	63.703734415	50.8458314328	73.1914442022	39.6718139291	68.4542178317	56.2880453557	53.8511965361	54.6338772613	65.1913673282	70.8291998335	62.7172922801	61.5327091046	56.2052466591	65.7243889909	72.0626017821	94.2403082206	68.0791125135	69.9059220355	34.7136275829	55.5203192571	71.5580820697	62.334327685	57.7204311793	69.8415749969	76.625544027	64.7561068799	65.3109095824	65.6419622949	71.1246581504	59.5850022257
49.2237480058	66.6393546299	69.9422250765	51.9347657472	57.6614926308	57.0612939317	47.6104948124	56.9127270396	65.3768467122	41.9295669317	78.0846834729	62.652868584	70.4044579715	52.7437843759	63.076120717	54.8156779252	50.3588849334	39.5275638671	62.5530489037	46.5920508186	53.8304567427	58.7051745043	51.9674706422	64.6589698411	46.1182270815	65.7613279329	52.7514822089	49.5285693887	59.921700965	63.1524257815	60.006842325	62.0168469402	63.8831876863	68.2644811966	54.7125533577	68.2529059175	68.0791125135	94.2403082206	53.0995850679	34.1210479402	38.8087192101	60.2397243844	63.6829970089	56.3422071172	62.3130517329	63.9785725333	61.5774376872	64.1832541511	68.9146616646	52.6649727972	59.432262288
70.4648689356	65.5849432592	64.1148177861	59.744345436	60.6789500763	62.8600243955	59.7621980094	75.2360184916	66.8107290626	57.3366798752	62.7584280277	50.0378617132	60.5736559934	63.1810883198	66.0561128656	52.2969551144	67.7529129124	58.1404046927	48.9922270239	42.5372487374	65.4383381541	64.6102952731	54.7650040891	59.7777056481	53.2121422632	61.6460488414	64.3161824089	51.7637476268	62.7587481885	67.5901485728	68.3471724392	71.8587271326	44.5250059664	55.8867882905	63.4709794388	65.068787511	69.9059220355	53.0995850679	94.2403082206	46.5681223257	55.2798653971	70.3947687875	65.3785588193	63.6649197121	56.5137109992	71.4356303601	51.9407533305	64.8331929866	62.2846738257	61.2222927665	60.1900135139
49.4826768275	43.9769762415	36.1224095674	56.062735085	42.8961246166	61.7766436892	31.3509087359	53.7712941282	62.2427297229	50.04136498	43.3430266292	49.271666617	47.3792775825	64.0765319735	36.5768249723	35.3595838099	43.2761804724	67.9437839324	29.4183618304	62.1569840198	48.3933558961	59.958291689	57.0578182312	49.4736717807	66.263436977	42.9060552972	48.2221453914	60.9259311237	58.2881437087	54.9702973003	38.7729458182	61.6013759185	47.6834619993	53.7057821842	40.7073917624	42.7191177223	34.7136275829	34.1210479402	46.5681223257	94.2403082206	49.3932165527	57.7265502277	56.0953410924	57.8376854779	40.969917289	42.3318235239	40.663953313	60.9821309085	50.2822262866	28.7715978323	42.1162587929
45.6029896143	64.2230877804	50.7875473672	40.1928112243	41.9571334893	61.1429341326	55.1633877728	54.5037557196	55.5127931751	46.534155058	40.4883187542	42.0985673962	50.749093484	40.7580797019	56.0322472165	58.8890316614	50.1535939294	67.02322238	45.1000132441	40.2591609535	55.1713101182	52.095997239	46.505626523	52.3177336182	48.726470357	46.9697921267	39.2371243064	59.3462489646	39.9109590852	39.5007973363	56.2947212531	54.4435530673	52.855583038	33.6861169465	47.5087040361	48.3757598522	55.5203192571	38.8087192101	55.2798653971	49.3932165527	94.2403082206	59.1068139897	53.7923072212	38.322083745	45.2022666519	58.0303419849	45.7573023518	68.0186031077	40.0182185809	60.153927216	42.5859143397
69.9080898438	71.8210603511	67.5552338311	75.8582664202	59.9524427177	64.2092532863	64.9299161991	69.9104134971	75.2162424179	55.1245061506	58.9013123261	57.3673161824	64.1564514441	70.2064457334	69.0727127839	46.9403260606	70.6931109971	58.955905881	45.0233009793	56.5484293432	66.3318724487	74.2447941977	61.9988040147	75.6885054577	60.2621339772	62.437385779	62.7346485587	61.4222298602	60.5836121755	74.271417217	70.850742341	77.2747709543	67.4465229192	66.1480024587	71.5231003769	67.090024029	71.5580820697	60.2397243844	70.3947687875	57.7265502277	59.1068139897	94.2403082206	64.1475143831	66.1545263863	76.7142478631	74.6368787882	60.1888702144	70.7868986223	71.0606508796	63.7888686468	68.4880099689
61.6089714774	64.7713928943	58.3901825543	69.2345569555	63.9388779516	61.3635812707	52.1414727548	67.1335758475	78.6158538412	74.7041003437	69.9142622455	69.0903786887	66.0905880006	71.0800555223	66.7343501631	62.4261794927	66.1757512763	64.9960119435	39.8124408553	52.6348945752	70.5643732317	69.1048742427	71.6168869295	61.2734885218	56.0293083961	73.4883974377	70.5160063525	42.5284622207	69.0798833492	68.9575648148	65.2605524232	77.8287049256	43.9078018586	62.153146145	50.6629969177	71.2487961749	62.334327685	63.6829970089	65.3785588193	56.0953410924	53.7923072212	64.1475143831	94.2403082206	71.0516683889	55.6388982347	71.5597691271	59.5327048536	68.029723982	68.8814079037	48.5038452904	58.5254318761
62.4398561319	56.4432874369	58.529764909	77.9697476629	59.6706143095	58.9631522768	47.3064785897	62.6001288111	77.8213856841	61.242946419	66.3133444537	71.5086423989	61.2311568742	86.8995279427	58.3346503654	40.3010549316	56.2036956864	62.7859582051	24.6972126694	62.7719758829	73.432401296	75.1073282269	69.5622178241	67.0435788266	61.9847552992	73.982801135	70.7965150602	41.2778879793	85.0766981652	78.9754557965	58.0523045637	75.5105599407	40.7929942687	66.5706240808	59.9815716905	69.9237045751	57.7204311793	56.3422071172	63.6649197121	57.8376854779	38.322083745	66.1545263863	71.0516683889	94.2403082206	60.7130590494	71.2639992186	58.9899911718	63.0767690386	79.3262138977	40.8162189609	54.0943407528
67.4515320634	64.2027473594	62.3790810695	68.6247894461	64.4403367378	61.4744175054	53.0381777834	66.9460756003	74.2213584174	46.5834851092	58.186249144	44.5560273066	69.2875973916	63.3529068929	69.2797445214	44.4335043513	61.8674547576	47.4916952518	44.9991291125	62.4235453437	52.7370853659	72.7687676321	57.1309389292	83.2140688993	58.9899767183	67.6236724454	58.256983578	59.1697176261	61.2837846033	61.1908547238	57.4148091983	64.853969135	68.7608627061	62.1283002975	68.0864244848	62.0833620794	69.8415749969	62.3130517329	56.5137109992	40.969917289	45.2022666519	76.7142478631	55.6388982347	60.7130590494	94.2403082206	69.9860129276	50.7211132159	63.3832303988	66.9395490938	60.8663893371	63.0609281655
66.4596031286	77.0871700921	71.6737288571	68.0013520889	67.7597956528	56.1973848006	61.7088648993	60.1278807368	77.0682444322	55.9624917266	69.3513348911	60.2062862114	63.4705451407	71.8825374218	73.388215018	53.9327103298	64.667222128	54.4784325938	49.1898169693	49.1859648066	75.5940937877	71.2226360965	59.9167943191	77.2529124449	53.1268794064	70.1036980724	60.7455428587	47.9472465444	63.1310469126	68.860906812	76.7506181681	71.3185855264	54.9862385672	59.1127783596	69.9068723029	78.0520430999	76.625544027	63.9785725333	71.4356303601	42.3318235239	58.0303419849	74.6368787882	71.5597691271	71.2639992186	69.9860129276	94.2403082206	75.2005049931	69.9963409702	69.0241967842	71.048935202	52.9811285419
50.7717937788	66.3670245748	71.8043062908	53.4420608699	57.9366170195	39.4055103084	58.7234439487	42.3414095622	57.8625306884	48.1840094437	65.5317399992	53.5323130137	51.4251190343	55.4646806495	56.2273978009	40.9677656088	44.2558211162	33.266542482	53.1320135346	32.7715691282	58.7797305163	57.2152975474	43.9590264013	62.8833701287	33.9672956714	48.8793562317	47.5255660991	37.5980800576	46.2687533542	60.8734647468	66.8351279123	54.7573037496	50.9368218737	53.2395116385	51.6477213068	68.1763937572	64.7561068799	61.5774376872	51.9407533305	40.663953313	45.7573023518	60.1888702144	59.5327048536	58.9899911718	50.7211132159	75.2005049931	94.2403082206	59.4316435152	65.6515036282	62.6151184957	38.1250595735
58.627614149	69.7582068422	65.2294289503	60.4450830423	60.0226873506	73.8629121188	57.9811809772	65.1588255868	74.0355751374	60.9402921853	60.4360567531	59.6255421135	63.6932082213	62.948658951	65.0781043186	59.2300462766	63.1517071758	70.4338168308	57.8519570763	57.8621402176	60.4998628468	68.7246492405	58.6632403346	71.1922003626	67.1963333295	66.1995103893	57.3604284451	68.0445171426	64.0157005311	64.5473472113	63.5316679075	69.2334761975	67.6579997747	58.2867122361	65.0683955865	62.3492640426	65.3109095824	64.1832541511	64.8331929866	60.9821309085	68.0186031077	70.7868986223	68.029723982	63.0767690386	63.3832303988	69.9963409702	59.4316435152	94.2403082206	59.781329554	58.8319034978	57.9270831589
61.8214122826	61.5305895117	69.1296748251	70.0316252694	57.8879265138	60.3864885553	52.1513884034	63.7561860765	72.2332842633	52.5737449327	72.9747112126	70.1183041528	65.4219762537	77.9764757645	56.3219837652	39.676632891	50.7984820262	54.7417092523	38.2762506802	56.1178031485	72.9190926001	75.2045770965	70.0054149669	68.298350763	50.8181538197	67.2952571147	67.3622031937	43.7790824352	74.0700266208	81.2684331469	66.4970171595	76.3825096338	50.7438526201	75.112493077	60.1896442512	74.4899506042	65.6419622949	68.9146616646	62.2846738257	50.2822262866	40.0182185809	71.0606508796	68.8814079037	79.3262138977	66.9395490938	69.0241967842	65.6515036282	59.781329554	94.2403082206	49.2049094774	60.7921299015
56.3863281377	82.2255385079	72.5484043417	47.846213116	49.2134220607	50.4569960049	66.9306259639	54.0427261166	56.0580965049	44.8880364214	51.0692518129	41.8270874695	65.2950996632	42.2027117681	65.6648879116	59.1982245511	55.2755537739	40.7594731797	69.4900184846	40.9158406934	53.2493383629	65.1717787261	39.3827972935	69.7164424431	45.3254174648	52.3023985824	45.9732984793	58.8761410139	36.1005313663	48.6552112894	61.8835132174	53.3103141154	62.2940288762	47.5574225559	63.9660715101	53.851749741	71.1246581504	52.6649727972	61.2222927665	28.7715978323	60.153927216	63.7888686468	48.5038452904	40.8162189609	60.8663893371	71.048935202	62.6151184957	58.8319034978	49.2049094774	94.2403082206	49.1115512154
65.598086047	60.4252874258	62.2217062708	67.5991627523	61.4752920186	59.7342146563	51.2123383911	68.1052516602	61.6618854504	56.7713848464	54.2939996919	54.7684524384	71.9731268556	55.3910793044	67.9806494887	58.1432946488	67.2436656859	49.2464556257	41.7839852039	53.2177362801	50.6297062737	65.1326539108	56.0324584371	61.5306704748	60.0835529416	66.3910551405	72.0045196703	47.5551042591	56.9282908823	65.1682392602	50.9821209452	66.8836172519	60.1470714124	57.6885614363	65.3319950303	52.7991654677	59.5850022257	59.432262288	60.1900135139	42.1162587929	42.5859143397	68.4880099689	58.5254318761	54.0943407528	63.0609281655	52.9811285419	38.1250595735	57.9270831589	60.7921299015	49.1115512154	94.2403082206
Genotype stats (X^T * X): 	19.2588485196
Gene expression - Genotype stats (Y^T * X): 
-8.9175739437	-15.9474867488	-16.7589637661	-10.811009512	-10.3274517607	-13.5361858981	-13.5442076821	-12.700978677	-13.411011291	-11.0088462013	-12.63889711	-9.83483155161	-16.483771494	-11.9227996942	-14.0610742654	-8.76254208942	-14.6730964952	-13.4758016598	-13.6443082974	-11.9584779303	-10.7967857654	-13.6410256894	-13.3090553305	-13.7563273475	-16.9147574693	-14.6366057585	-11.1820996505	-12.7761072146	-13.129416148	-10.2354341781	-10.3160894809	-12.0206986786	-13.9831304529	-13.0148801427	-15.4823720117	-11.5131468242	-13.0137809527	-11.2963112637	-12.6225791552	-12.1964700572	-13.2330476522	-11.8748170736	-10.7801388317	-12.9131506508	-10.3553660303	-11.7484878702	-9.06840830685	-13.7625883896	-11.5224654832	-11.9697102812	-11.9087999289