Tissue	braincerebellum
N_samples	102
Chr	14
Gene	ENSG00000100605.12
SNP	rs10143129
Gene_list	ENSG00000068078.13	ENSG00000157150.4	ENSG00000093010.7	ENSG00000102760.12	ENSG00000122378.9	ENSG00000100605.12	ENSG00000105854.8	ENSG00000066468.16	ENSG00000166033.7	ENSG00000136802.7	ENSG00000198892.6	ENSG00000132329.6
Gene expression stats (Y^T * Y): 
94.2403082206	62.38755501	49.4636739724	60.150621343	48.6609336012	59.2457506864	65.3833489253	49.4826768275	69.9080898438	78.0354283406	52.5600648601	65.598086047
62.38755501	94.2403082206	62.6655863928	69.9877060688	52.2126410036	58.3471731319	73.0663857035	56.062735085	75.8582664202	74.3954163669	60.0540198263	67.5991627523
49.4636739724	62.6655863928	94.2403082206	46.8453142616	49.7085841247	59.9624918524	64.0256363622	56.5618173277	54.1285416746	56.4703813472	47.5744462114	54.4641881058
60.150621343	69.9877060688	46.8453142616	94.2403082206	50.8852782545	59.7902405606	65.8882574498	43.2761804724	70.6931109971	68.5819309595	61.0306956544	67.2436656859
48.6609336012	52.2126410036	49.7085841247	50.8852782545	94.2403082206	57.9372087792	57.3903382531	30.4930274179	51.8766921264	51.3691812104	47.9075686279	58.6221733076
59.2457506864	58.3471731319	59.9624918524	59.7902405606	57.9372087792	94.2403082206	57.7239371221	57.0608219249	60.3888143099	63.5181789909	61.9201018976	63.2321929673
65.3833489253	73.0663857035	64.0256363622	65.8882574498	57.3903382531	57.7239371221	94.2403082206	61.6013759185	77.2747709543	67.2687085467	49.1616141232	66.8836172519
49.4826768275	56.062735085	56.5618173277	43.2761804724	30.4930274179	57.0608219249	61.6013759185	94.2403082206	57.7265502277	55.1818146394	33.4782234671	42.1162587929
69.9080898438	75.8582664202	54.1285416746	70.6931109971	51.8766921264	60.3888143099	77.2747709543	57.7265502277	94.2403082206	67.9903924225	61.9589977278	68.4880099689
78.0354283406	74.3954163669	56.4703813472	68.5819309595	51.3691812104	63.5181789909	67.2687085467	55.1818146394	67.9903924225	94.2403082206	53.6929238327	63.7512925511
52.5600648601	60.0540198263	47.5744462114	61.0306956544	47.9075686279	61.9201018976	49.1616141232	33.4782234671	61.9589977278	53.6929238327	94.2403082206	60.3090326597
65.598086047	67.5991627523	54.4641881058	67.2436656859	58.6221733076	63.2321929673	66.8836172519	42.1162587929	68.4880099689	63.7512925511	60.3090326597	94.2403082206
Genotype stats (X^T * X): 	41.7645923235
Gene expression - Genotype stats (Y^T * X): 
16.0950351836	20.0852311572	12.3541906989	22.7427572338	15.3945351679	19.3515941025	13.6993243096	9.00100199583	20.6442238916	13.7956250968	20.4983476688	14.1032464721