Tissue	braincerebellum
N_samples	102
Chr	12
Gene	ENSG00000139083.6
SNP	rs2855733
Gene_list	ENSG00000168140.4	ENSG00000139083.6	ENSG00000125810.9	ENSG00000125945.10	ENSG00000158055.11	ENSG00000179431.5	ENSG00000145623.8	ENSG00000171631.10	ENSG00000019991.11	ENSG00000188483.6
Gene expression stats (Y^T * Y): 
94.2403082206	62.4595462481	45.8717223234	67.5682989501	60.7314297518	42.8210694884	49.3493938644	53.4781595416	52.7745490119	68.6262430203
62.4595462481	94.2403082206	64.4459283167	65.6258062255	64.4271702717	60.411704599	58.7437069001	65.6670427683	61.3281763175	58.6210674284
45.8717223234	64.4459283167	94.2403082206	49.4911482534	50.7486735319	36.4496290149	61.1183793533	43.2806635458	55.7064420337	45.0983041152
67.5682989501	65.6258062255	49.4911482534	94.2403082206	52.558441782	45.4603589866	58.2762234973	56.4517036737	53.5571881954	78.4314013246
60.7314297518	64.4271702717	50.7486735319	52.558441782	94.2403082206	46.4290768228	47.6545230249	57.5748769844	54.2413584283	46.348883095
42.8210694884	60.411704599	36.4496290149	45.4603589866	46.4290768228	94.2403082206	38.1833177457	58.7790466242	51.98836013	42.4085372706
49.3493938644	58.7437069001	61.1183793533	58.2762234973	47.6545230249	38.1833177457	94.2403082206	36.5827615245	61.7718113969	44.9947472385
53.4781595416	65.6670427683	43.2806635458	56.4517036737	57.5748769844	58.7790466242	36.5827615245	94.2403082206	54.5796087886	51.0976483414
52.7745490119	61.3281763175	55.7064420337	53.5571881954	54.2413584283	51.98836013	61.7718113969	54.5796087886	94.2403082206	47.6537287794
68.6262430203	58.6210674284	45.0983041152	78.4314013246	46.348883095	42.4085372706	44.9947472385	51.0976483414	47.6537287794	94.2403082206
Genotype stats (X^T * X): 	36.9192371471
Gene expression - Genotype stats (Y^T * X): 
-11.7140860039	-20.3190127532	-12.0233102203	-20.0406822642	-15.6919448019	-17.9961531475	-14.1222488068	-13.1160444415	-13.1152043666	-17.9368946776