Tissue	braincerebellum
N_samples	102
Chr	1
Gene	ENSG00000169474.3
SNP	rs61276970
Gene_list	ENSG00000125780.11	ENSG00000185479.5	ENSG00000205420.6	ENSG00000170423.8	ENSG00000140519.8	ENSG00000136689.14	ENSG00000121552.3	ENSG00000145879.6	ENSG00000143536.7	ENSG00000169509.5	ENSG00000163207.5	ENSG00000169474.3	ENSG00000169469.7	ENSG00000163216.6	ENSG00000241794.1	ENSG00000189334.4
Gene expression stats (Y^T * Y): 
94.2403082206	87.6746085826	66.2795273792	82.1579320251	74.7226529658	76.395798495	78.3760690745	66.479112591	82.6166442106	78.7072679267	65.5934920088	65.9503774395	69.3973316761	84.971396637	78.7219786723	67.4770676311
87.6746085826	94.2403082206	72.8393671535	83.0380302174	76.938646388	78.5713772408	79.2039863755	67.3059184175	81.7883671094	79.9310856812	66.9998901233	70.2005272152	72.9781557434	86.1347742592	81.8004087075	68.6021284694
66.2795273792	72.8393671535	94.2403082206	67.4125451842	74.352859419	70.7119711945	78.3820792797	62.1360057024	72.2146108301	66.4679380611	62.5262873837	77.0161062326	65.5557486285	68.0375857493	80.8917437271	66.2806374513
82.1579320251	83.0380302174	67.4125451842	94.2403082206	72.2546332837	72.9747944972	75.2943476498	57.8272735148	76.6563593842	77.4325264356	70.3822557306	63.4919123588	71.0603195664	80.9320064406	73.1091634483	69.9222402011
74.7226529658	76.938646388	74.352859419	72.2546332837	94.2403082206	71.5597086902	74.9889453739	60.2158225019	74.8023519891	74.9569589162	60.1302445661	72.8052842288	69.3603303419	74.6305118602	76.7081077256	69.5179593642
76.395798495	78.5713772408	70.7119711945	72.9747944972	71.5597086902	94.2403082206	72.2276685739	56.048510181	69.9423843764	69.5869619679	67.3085633626	64.8125895812	68.5104958997	72.5756585152	71.610363674	67.6852556846
78.3760690745	79.2039863755	78.3820792797	75.2943476498	74.9889453739	72.2276685739	94.2403082206	62.6162035353	85.7683922536	72.5338493433	65.1704366557	71.650956548	70.7608856851	80.2685018397	82.163634519	68.5959562955
66.479112591	67.3059184175	62.1360057024	57.8272735148	60.2158225019	56.048510181	62.6162035353	94.2403082206	62.303850732	49.1426177929	46.6707636856	58.1391590197	55.5615818746	62.0321545833	66.7815847698	46.971332441
82.6166442106	81.7883671094	72.2146108301	76.6563593842	74.8023519891	69.9423843764	85.7683922536	62.303850732	94.2403082206	75.2757392608	57.3695032435	69.6009092713	68.2462413697	85.7991703301	85.9710509427	66.0494775765
78.7072679267	79.9310856812	66.4679380611	77.4325264356	74.9569589162	69.5869619679	72.5338493433	49.1426177929	75.2757392608	94.2403082206	60.0263347304	66.3134369003	61.0335356	79.8291163125	74.8819233337	67.8940757717
65.5934920088	66.9998901233	62.5262873837	70.3822557306	60.1302445661	67.3085633626	65.1704366557	46.6707636856	57.3695032435	60.0263347304	94.2403082206	59.9586242407	57.4862045156	59.5144735031	62.4782433952	68.9400546637
65.9503774395	70.2005272152	77.0161062326	63.4919123588	72.8052842288	64.8125895812	71.650956548	58.1391590197	69.6009092713	66.3134369003	59.9586242407	94.2403082206	60.6015512604	66.4755633458	74.788844036	61.4222448986
69.3973316761	72.9781557434	65.5557486285	71.0603195664	69.3603303419	68.5104958997	70.7608856851	55.5615818746	68.2462413697	61.0335356	57.4862045156	60.6015512604	94.2403082206	69.1153179233	67.6684456472	60.112336492
84.971396637	86.1347742592	68.0375857493	80.9320064406	74.6305118602	72.5756585152	80.2685018397	62.0321545833	85.7991703301	79.8291163125	59.5144735031	66.4755633458	69.1153179233	94.2403082206	82.3168059812	65.8109983991
78.7219786723	81.8004087075	80.8917437271	73.1091634483	76.7081077256	71.610363674	82.163634519	66.7815847698	85.9710509427	74.8819233337	62.4782433952	74.788844036	67.6684456472	82.3168059812	94.2403082206	66.7651121462
67.4770676311	68.6021284694	66.2806374513	69.9222402011	69.5179593642	67.6852556846	68.5959562955	46.971332441	66.0494775765	67.8940757717	68.9400546637	61.4222448986	60.112336492	65.8109983991	66.7651121462	94.2403082206
Genotype stats (X^T * X): 	2.78826658824
Gene expression - Genotype stats (Y^T * X): 
-4.6730161188	-4.21086318694	-5.17159206796	-5.46852551077	-4.35117509776	-3.678604265	-3.36716417059	-4.21603190737	-3.49264523647	-4.37516952446	-6.53046165078	-5.47512722435	-4.50646989478	-3.74216213474	-4.62705189503	-4.23992283601