Tissue	braincerebellum
N_samples	102
Chr	3
Gene	ENSG00000091513.10
SNP	rs8177277
Gene_list	ENSG00000141934.5	ENSG00000129757.8	ENSG00000162073.9	ENSG00000177105.9	ENSG00000109099.9	ENSG00000117115.8	ENSG00000151552.7	ENSG00000129538.9	ENSG00000150867.9	ENSG00000166091.15	ENSG00000158865.8	ENSG00000204655.7	ENSG00000126860.7	ENSG00000184007.13	ENSG00000175130.6	ENSG00000105695.10	ENSG00000012124.10	ENSG00000105290.7	ENSG00000011426.6	ENSG00000128283.6	ENSG00000100146.12	ENSG00000167641.6	ENSG00000168314.13	ENSG00000146122.12	ENSG00000173786.12	ENSG00000049089.9	ENSG00000092529.18	ENSG00000010282.10	ENSG00000079435.5	ENSG00000066322.8	ENSG00000244274.3	ENSG00000167755.9	ENSG00000064787.8	ENSG00000134851.8	ENSG00000065361.10	ENSG00000102934.5	ENSG00000124920.9	ENSG00000176485.6	ENSG00000126803.8	ENSG00000172508.6	ENSG00000150656.10	ENSG00000141540.6	ENSG00000197971.10	ENSG00000103089.4	ENSG00000166348.13	ENSG00000141524.11	ENSG00000204278.8	ENSG00000164176.8	ENSG00000104267.5	ENSG00000118785.9	ENSG00000187764.7	ENSG00000172005.6	ENSG00000197430.6	ENSG00000080822.12	ENSG00000099194.5	ENSG00000203485.8	ENSG00000070214.11	ENSG00000198121.9	ENSG00000174607.6	ENSG00000136867.6	ENSG00000187164.13	ENSG00000136960.8	ENSG00000170775.2	ENSG00000107902.9	ENSG00000167123.14	ENSG00000091513.10	ENSG00000126878.8	ENSG00000104419.10	ENSG00000148826.6	ENSG00000113578.13	ENSG00000132702.8	ENSG00000136541.10	ENSG00000164124.6	ENSG00000144283.17	ENSG00000013297.6	ENSG00000117266.11	ENSG00000196187.7	ENSG00000116574.4	ENSG00000115468.7
Gene expression stats (Y^T * Y): 
94.2403082206	60.2434591648	45.5266305828	64.3665990693	53.9572023316	51.736155422	54.3767329456	55.4755111592	70.9301229856	62.3093990544	65.0034032939	61.1276275031	66.4177486246	47.205445126	38.7154108407	67.1733700042	70.3107618031	36.1895852122	63.323575696	70.6664726521	66.7786384317	56.5448658677	41.2993952268	59.1923382672	55.2496315508	65.1433818459	62.5775978116	45.6639661826	59.7691578316	61.2684138098	32.0218606642	69.8007800308	44.293481134	53.557129706	72.4101617115	66.965607889	68.9722648492	60.8814876558	73.2631154052	62.8937526086	60.7289849367	70.0117434064	44.4867366825	72.9285975637	46.986588519	52.7921472725	61.5327317869	60.5690493535	56.4325064103	52.002437689	56.9026925523	59.2279892034	65.6594336396	51.9959142788	27.6739064431	64.133774969	62.7931592387	53.3270529822	66.9938793829	63.7706465621	51.2781393249	66.1582620017	64.9452738644	44.9808048817	45.0348283743	58.3967813093	34.9014028259	52.7554534453	66.4737270953	35.5144895541	57.624123917	60.3312258583	64.7533934337	32.441230915	59.1536683585	57.2236493026	56.3736512512	53.2203811243	65.1641949845
60.2434591648	94.2403082206	47.9582628553	60.7290779799	43.4078841093	56.2492742779	55.3254926086	50.4300731683	59.6157481733	44.9688219057	69.5375503603	58.5387902386	60.2677329174	46.601702145	43.1429765352	64.421608433	56.8462306985	42.4816500665	62.2376738881	68.0249958139	64.2806074848	60.8284971461	41.7538983559	52.4907642385	54.6148684277	65.2086333285	56.9064389855	48.4325256055	60.2427689854	58.6850067306	32.852118182	72.4160379401	41.124826222	38.2590799655	63.9567301293	58.9540169842	62.7402803532	55.6041725488	69.0006026191	65.2277809826	58.0388727613	53.109821389	42.4864041708	71.4522149906	46.1521852513	54.3611149038	57.1776732717	54.5532969235	42.3064356244	50.2128367239	56.1058630865	45.3062452262	50.5730504336	46.1483952179	27.0838785306	61.8735647349	63.078465501	50.2297487182	64.099177456	51.0061831892	45.3313219953	58.7010969352	60.5281163246	49.6936628881	37.8277556019	61.596817432	39.3930232342	54.2895046216	70.5145930808	34.9178941652	49.2428096597	59.4517772125	54.6331438209	38.828757855	58.389892045	55.6913992632	54.1886316783	51.8800891859	54.9621773356
45.5266305828	47.9582628553	94.2403082206	54.5626156692	44.2013934756	46.5379242101	58.266734974	49.8320867084	60.5142204274	52.8269859843	56.3887936604	61.6045640912	49.7268327401	53.2649803124	44.0115102342	62.0156862601	55.7473235592	47.0633254543	56.115995121	60.7370413435	60.3870812158	58.7053069089	48.3785134788	47.8035204074	54.7413704555	62.4476959209	51.9001066679	50.1842605143	48.5466729317	53.5286078688	40.5758265078	61.3214705817	48.1501964815	51.3916815192	51.6041020941	61.2285530357	62.8961086013	54.6724977489	54.6873353366	63.6977323812	53.6835740403	54.1161643404	49.3217072592	60.1887241254	32.6938205832	53.6963760483	56.4680602105	37.1444907361	29.546056746	45.8952952608	50.3892512217	55.6283978117	51.0480640355	50.6276821138	26.8057515277	57.7464864859	55.3637939401	48.7667031645	44.3622018268	43.1979377704	51.3663196239	50.7774686333	45.7821161614	50.8166549544	51.6875935048	59.1063100775	48.9597559182	48.4276460962	62.837583136	44.3397298688	57.6506414038	58.6867905277	48.0036188072	43.2240095169	47.9024360547	54.2789400038	48.75969378	48.340228498	46.0398162855
64.3665990693	60.7290779799	54.5626156692	94.2403082206	51.5889427079	60.5237146141	54.1209280362	50.6887799273	67.7313388845	63.3375645573	57.2323008154	61.5361004707	66.3497904607	51.1443270232	48.8634448365	69.8713635977	68.1599797576	45.4736426538	64.1214262254	71.9536296567	70.9885157678	64.716865849	43.2372583839	57.4513972262	56.5303776104	65.8644275564	59.1008678878	42.5545158271	58.0647805398	72.6911568041	32.2536114058	71.1654264868	44.9104728053	56.9455958542	70.978177969	68.6306842336	71.2006163813	58.6100922448	72.1123816698	65.3598190371	55.1132105092	68.7006338087	45.5563123893	74.3589036065	44.9900802013	58.1994084944	66.8263567695	48.5460480246	40.2217021625	52.8319904132	57.765287341	61.5946898958	66.3680690862	44.4684178527	16.0197465889	65.4424522389	65.0629397521	52.1927182644	54.6643205212	62.3408234636	50.6377052524	61.2596627709	61.6978847029	44.0750740575	47.9509651814	58.8878163454	38.2560706082	54.1394063968	71.6664080792	32.7843532136	65.1069647882	58.7777707938	62.585818575	32.7728715517	58.6330147277	51.3133518145	52.6804301536	61.3313966526	60.0100085321
53.9572023316	43.4078841093	44.2013934756	51.5889427079	94.2403082206	36.7145726202	50.27165307	67.1043722274	60.4974546404	67.1989649106	42.0309879667	62.7624304927	62.2175689089	43.5615782985	57.0273118062	69.1632610251	52.3760149146	45.5780927919	54.0883002796	56.2804355035	52.9002377797	54.6388641861	44.4704373387	49.2703246083	66.8312371627	47.1282884626	59.6745020296	45.4474289147	41.0478692346	56.7193414708	52.8739308167	62.3908446952	42.2709958805	40.0080240949	56.8686516322	63.952368025	63.3286525441	67.2969315166	64.5746816826	60.5155445069	59.5380049829	66.5607913304	43.7350771213	59.6805519159	42.9077279595	36.3703191753	49.7537360163	58.9942623785	59.6529685667	64.3403233726	40.6221352356	74.0434235047	60.9096223144	63.1945731083	47.3724878948	45.9451458697	65.4487491749	46.6100907087	50.7136996071	59.7206420431	40.032215099	65.0850904122	61.2589674606	55.6238154917	55.9658839089	63.0619321623	40.3703060931	64.9063076134	48.4642434014	47.2677387663	54.7491686707	54.9288975418	62.1441611297	33.9800353995	75.2623293419	43.2474701817	56.1942823624	44.699323048	56.4438267897
51.736155422	56.2492742779	46.5379242101	60.5237146141	36.7145726202	94.2403082206	49.3203632604	40.9100878176	57.3249983861	53.7745250601	61.3552124949	53.4975344781	61.362991466	53.5428380949	47.388471461	58.9691004582	54.2487356896	49.6262843268	66.9258677547	56.3026886621	59.8453184621	55.4739030472	43.5381611685	63.9682467341	54.2708331674	69.7667131573	53.8597689338	46.7726256607	59.6970030426	60.148383385	30.5025466059	64.9709637039	40.7555651083	44.2551874134	59.6514539501	59.7563807106	58.0784404204	49.1162604774	65.7513682792	62.5376846778	47.6576702176	56.0886196842	44.8582552574	66.3893571136	54.1151201263	48.0916186771	53.102257546	47.0415749807	37.6002540748	45.0138342242	61.2371627497	50.3462437419	48.5819300875	47.0921260073	28.5108904136	50.9839509277	60.9539156623	45.7799185783	57.5613489616	49.8116741174	48.9273683617	58.0928657316	49.4724773885	48.4595312085	40.368386117	57.2276226222	36.7961409663	42.9462033528	60.9706098591	45.2768184022	50.9955344035	60.4729898153	60.6761409824	42.4361659737	47.4450666131	50.5195168782	51.703643505	54.6914591264	54.8442721896
54.3767329456	55.3254926086	58.266734974	54.1209280362	50.27165307	49.3203632604	94.2403082206	73.6629837188	67.2534810642	48.529274163	65.190469492	79.5674897877	57.8954324024	69.5754063209	49.0492287836	74.8107753902	56.6625741582	65.5643969527	64.0476313156	67.9480164025	59.1148265353	76.1525137117	60.3487213824	57.4722020897	68.618209178	64.6616250429	74.66177451	66.8479449219	53.1569846762	62.0620569577	67.0019017665	73.8494473818	63.3628138635	51.006751794	53.5261951133	71.6494195536	74.6269404791	66.9728927672	65.5289840261	74.8297501428	76.0874661373	62.0310720284	64.3531971395	62.8174486179	42.9849511608	62.2117389442	53.3405437724	55.9884835085	51.2330575696	70.7413295389	61.4819103347	63.5383879207	57.8266517536	62.3681648668	46.5103889153	66.6565739358	62.9868620271	62.2525847542	52.3871156795	46.9278904042	65.4755422962	68.9841659443	53.2333689194	64.6647915322	72.8236272411	80.4058607485	67.9825073875	66.8575936128	69.72092695	52.1093262477	52.9772936777	74.8639775275	58.9237681887	60.1469931397	68.4967895408	78.4473298269	70.0798631391	57.6269703735	63.7886313094
55.4755111592	50.4300731683	49.8320867084	50.6887799273	67.1043722274	40.9100878176	73.6629837188	94.2403082206	61.5903387265	54.5876576674	51.4009544737	80.5624392932	57.2095046242	61.3613882865	55.3710009829	76.8575916548	52.2007798195	63.5199223981	55.3057156414	60.2404026091	57.491421784	75.697316458	63.9390074601	52.0294188245	81.3794825178	55.9938645111	74.6773574364	61.4146822071	42.4446029873	64.3902549748	70.5242688796	67.0685434877	61.5697273272	39.7653486328	52.0859183416	75.3878939594	71.2704250739	73.3283693731	64.1948730388	75.9508564583	67.5977618985	61.2894520401	61.877903752	57.2268100001	45.5082795974	50.9106638503	47.7710223301	57.7154976941	53.3604297506	65.6757192632	52.4726541465	69.8840001788	62.3970411077	67.2202319571	53.8021845571	67.1932336774	59.4389691317	58.5963845352	47.8115944283	46.4489166141	53.1633189552	66.7636921388	53.220003808	65.2017657324	72.524202992	78.4416718185	63.2111904563	74.3614382026	58.5110917888	56.0329412315	58.1104237659	68.5780778488	57.9073549777	55.7448094593	79.2913183063	69.387878013	70.7045881172	47.2030811797	65.334147378
70.9301229856	59.6157481733	60.5142204274	67.7313388845	60.4974546404	57.3249983861	67.2534810642	61.5903387265	94.2403082206	67.9824881346	69.1668372141	78.7200967962	79.4576895276	66.6182841683	52.6326427114	79.6133485528	77.1601817536	55.8322352863	77.2776033238	76.7647096286	75.9952655738	69.4743088245	60.3593724367	68.8773862902	67.3267788934	70.6237143196	70.9075626129	53.0369258469	68.2817663012	73.5240274468	45.2932672873	80.2445600963	60.4985859487	63.0915318728	77.985123682	76.6682446771	83.3041149778	72.5175512885	79.9911092469	75.0330181594	73.062952935	78.9608706572	65.0477806321	81.9226697187	57.1621838085	65.2099876361	73.6030920227	66.5012423288	54.9452402029	68.8167192039	60.9934120344	72.6907904945	75.1865234589	70.1237795227	34.1749694681	68.766157887	78.6385755893	67.0017471364	69.6031639525	66.1373945206	67.4204298617	80.056531026	69.8058500081	59.6994193069	59.577883189	74.9748400395	49.4195455027	68.516888996	79.1010135736	45.1715008681	71.1026415646	79.5893838672	76.2177814882	50.1152680289	68.7121819883	66.6647390336	68.3442743021	70.1527161617	70.9821373218
62.3093990544	44.9688219057	52.8269859843	63.3375645573	67.1989649106	53.7745250601	48.529274163	54.5876576674	67.9824881346	94.2403082206	47.7790499425	61.4213145462	62.7753283693	46.0609154606	56.5291690316	70.4848188264	64.7813700771	49.9823875433	57.1700456877	64.0250050553	68.1313101088	56.2833998202	47.8386587506	56.7836508494	60.3305154281	65.1450854962	62.1348779598	43.9915780295	51.247845608	64.5310701751	44.324403373	68.0510414296	48.2558490382	40.2038617535	63.8106016988	73.3559719132	65.97730283	60.636219558	68.7037550496	63.8972927568	52.9500968539	69.3633304203	49.5065214347	69.24960995	38.1936422847	44.7940625863	64.4462513639	53.6915169918	39.1179512289	48.0189037714	49.7836972639	74.7582557364	65.887972553	57.9431399588	32.8996262516	53.2732656321	63.6815172455	49.1150604315	54.0020720906	57.8864532639	51.7609547112	63.3174315655	61.4349721436	51.0935206381	50.8206619673	58.8373707964	37.44767296	50.1502336321	60.5313267763	45.8087704207	59.6335062684	58.8108936377	68.7207140313	38.1560827725	53.7307249164	46.2043032629	53.5419635212	50.7708387335	58.1187216676
65.0034032939	69.5375503603	56.3887936604	57.2323008154	42.0309879667	61.3552124949	65.190469492	51.4009544737	69.1668372141	47.7790499425	94.2403082206	65.0825285393	67.372937044	66.378939165	42.5175265059	66.3208971593	69.4705360682	48.7339431854	73.2641079699	73.2233339717	66.106674928	67.2135331444	57.0080964268	67.1826605753	57.3898912851	74.8089130382	62.2432375607	58.1961937338	65.7197034095	59.8711757615	40.2403224821	74.3429748508	59.712188686	52.3774810175	64.8432052018	67.9162010413	71.3694545488	60.8640376131	69.6589700711	68.1145388498	64.1957026078	63.4767254285	61.9689481515	75.3171085957	60.5261260252	63.9638732157	57.7403822278	56.004441065	48.6416575486	56.4564327626	65.5535189964	54.6534878203	53.7301291805	56.0207630037	39.4416780145	70.5206101754	70.3866709521	65.193825549	62.0319905088	51.2688920448	63.6851374462	66.027490156	52.7746122892	60.563989883	48.1398532518	66.0127331536	57.1167630024	58.3587967294	78.1570510816	52.3106899205	58.6873152819	73.180399856	57.6877317295	58.5526191835	59.1270290875	70.2524231034	63.1654923455	60.104047551	65.128436744
61.1276275031	58.5387902386	61.6045640912	61.5361004707	62.7624304927	53.4975344781	79.5674897877	80.5624392932	78.7200967962	61.4213145462	65.0825285393	94.2403082206	66.816834111	68.250890607	51.1384961299	86.0430651042	68.4075041667	65.9334194964	71.3819294419	71.6206022223	67.8310528261	79.1723543758	70.1235719285	63.0953108049	82.3687017595	71.1440871833	82.4375055155	65.7180833094	58.3517945802	71.8467412891	67.1153253811	81.4349040861	67.3319906552	56.011583138	63.9796600326	80.0151369927	86.3358063143	75.6872950419	73.0334207403	85.3981811509	78.1888827005	72.2557314236	72.0898423511	71.2927721212	51.6898879079	66.3021843852	63.93919903	62.132665409	57.4310030155	74.5242841843	67.0966909077	74.0019655376	71.611388484	75.7098609459	49.1392092835	72.5949512935	71.8480848772	65.0150444379	55.9096718758	57.2095025705	67.5253517487	77.7469542992	59.5371305082	67.2907007246	78.1968953412	87.26295108	66.5845325469	75.3252478915	76.3106288927	58.2648396758	70.2773611197	83.370886897	71.0384647881	65.4768283891	79.1611669584	81.4096350638	77.5183045033	61.3425888779	71.1887693173
66.4177486246	60.2677329174	49.7268327401	66.3497904607	62.2175689089	61.362991466	57.8954324024	57.2095046242	79.4576895276	62.7753283693	67.372937044	66.816834111	94.2403082206	54.1549855439	50.0377441773	71.2757897804	69.1846584337	48.0881880121	82.6082787366	66.0507484885	70.9288780057	60.0726086536	48.0068500284	63.5543332602	63.3859450144	62.7004066959	59.5560093304	44.67604698	67.0132377748	65.3910061045	40.284778985	74.509299445	46.4103879312	54.0657327685	78.7250636424	71.2339852592	75.0633854069	66.0205010288	81.6737823918	63.9633260958	68.9225095117	79.3439661959	50.3781223228	78.7616482195	59.8799503951	54.1994582806	62.7322321237	75.0605374408	60.4562168287	61.3164084887	52.7256663606	64.5370880073	67.2111889463	62.8524459249	31.1911999769	65.2297804233	77.5413477611	55.342920965	80.9196981592	66.3492697916	58.2806266298	82.1781071792	78.1293249162	53.764952853	48.9387788319	68.1226493947	42.7711053351	57.9817692906	66.7709827013	43.9061675276	62.12365197	75.3686890303	78.279823828	40.1269652701	69.1965443717	55.7918674842	65.432628138	57.1345227148	64.327564064
47.205445126	46.601702145	53.2649803124	51.1443270232	43.5615782985	53.5428380949	69.5754063209	61.3613882865	66.6182841683	46.0609154606	66.378939165	68.250890607	54.1549855439	94.2403082206	36.8332451221	65.3200195997	56.6733975067	58.0063647419	58.4901579457	69.2566969244	52.9764114252	71.6652946144	68.6141431797	66.6903791873	60.0496442198	64.2163577733	65.7138666675	58.5186717965	49.2689844706	60.0470602981	50.2098494077	67.632776356	73.8654999122	45.9781232027	49.9693086982	64.3103712853	67.4562936119	68.0973728633	59.9108007725	68.7958622403	59.2098938022	53.6978027259	71.8795863859	59.8845094384	49.5017374323	62.2544976941	52.4758225877	44.6121094769	41.7902196443	60.4090255363	59.8293224642	57.1334539671	58.4343553334	61.7074675665	45.0849429444	67.9950037159	61.635081872	75.5562236581	40.0797157256	36.3888833131	73.872123714	57.9726244321	39.550771346	65.8115052847	57.8946438126	66.2462585684	73.390868485	74.0516497361	68.0540733465	61.1502521113	55.1777137176	71.9421361737	49.5425676212	66.7221094491	57.8698550251	65.8933002769	59.5662442781	54.0571395775	65.5584197924
38.7154108407	43.1429765352	44.0115102342	48.8634448365	57.0273118062	47.388471461	49.0492287836	55.3710009829	52.6326427114	56.5291690316	42.5175265059	51.1384961299	50.0377441773	36.8332451221	94.2403082206	60.849730541	43.3571370247	62.4044393918	43.7848705579	51.7615382329	55.8200899577	57.7563484068	50.0893930702	47.9437122181	64.3958455363	50.092242384	50.9203866924	46.3655805184	42.5385203871	51.9767145466	58.4163070019	54.4655050099	45.6161986406	44.4649830884	46.5830123062	60.9313192719	49.7704506071	50.1840484174	56.5675498924	52.2761076207	48.555154931	50.10103396	47.7345916123	54.4670345168	30.0864397182	35.8094365794	45.2901481319	46.787704988	30.3707154374	44.2198811607	42.2061493319	65.3244309987	47.3584653364	57.4708867591	46.114771137	42.0541037484	53.7831920638	43.1436610727	49.2247962477	43.3511785476	37.3495716261	52.0958521633	47.7872625972	57.2599722406	47.9335888905	56.7154385196	38.3151471569	51.1582532994	47.4288392387	37.6353320708	50.1626474042	49.8967337192	50.6549527469	38.8621780375	49.6291246324	36.2592943584	38.8568639045	50.2965096426	39.124444269
67.1733700042	64.421608433	62.0156862601	69.8713635977	69.1632610251	58.9691004582	74.8107753902	76.8575916548	79.6133485528	70.4848188264	66.3208971593	86.0430651042	71.2757897804	65.3200195997	60.849730541	94.2403082206	68.5316643033	62.3332696965	72.835989053	79.8298021622	75.8488921946	79.4472071391	63.3041758468	65.4975838189	83.0342051224	74.0842914617	79.3613836551	59.383185925	66.7627734229	74.4032774568	57.238740534	85.5730425094	60.347268548	58.7467498027	67.8508966492	84.8660084163	86.2278890675	76.5770544887	81.7188647324	85.0673287953	79.6795792781	78.0374098265	64.429169758	80.4009531666	50.1268968471	64.3223363566	67.9177087393	66.54924414	60.2671700354	74.8131888906	61.1325006048	77.9489278337	74.6866043932	72.1483119904	48.212922419	70.9848989494	74.8671879266	63.7667169813	64.1600275698	60.4741512775	64.9421763219	81.1512808203	70.1746696581	61.5037367393	71.4801525091	85.6896619949	57.9407689968	75.6613514584	77.3055012516	50.2913492482	70.9077356139	79.4943660454	76.5571137358	56.5064954533	77.5473062505	72.8720241173	70.8852893166	61.2534666182	72.3349444753
70.3107618031	56.8462306985	55.7473235592	68.1599797576	52.3760149146	54.2487356896	56.6625741582	52.2007798195	77.1601817536	64.7813700771	69.4705360682	68.4075041667	69.1846584337	56.6733975067	43.3571370247	68.5316643033	94.2403082206	41.4387084903	69.6302885402	72.890881272	73.8046584795	64.060400422	48.6435659382	64.8013586174	55.2194526455	74.1900569644	67.9605524974	53.8067345703	63.0132033199	66.1330062223	40.0387552848	73.8314750565	51.4899459976	56.0179999802	81.4977181276	71.5154569032	78.683432149	61.9548514147	71.2665260774	69.028345305	61.5173555717	72.7213652564	55.1572464955	78.7026772168	54.1385525239	65.0576004549	75.4187638688	52.9356701379	45.3346778169	54.0812188745	66.3994718174	62.322687599	71.3107464172	57.7908855419	29.8438715691	68.5124903533	71.2943747723	55.3369750063	60.2432782034	66.9402501064	57.1517991689	69.6200152884	59.9517694628	53.6482873138	52.4193900918	63.1757194915	45.3700687853	54.5035396947	74.5027346625	42.6962023561	65.7676515868	66.6639677411	61.7605585685	42.2461819133	57.0560066958	60.9266825961	66.4418517959	64.8378431725	60.2240050643
36.1895852122	42.4816500665	47.0633254543	45.4736426538	45.5780927919	49.6262843268	65.5643969527	63.5199223981	55.8322352863	49.9823875433	48.7339431854	65.9334194964	48.0881880121	58.0063647419	62.4044393918	62.3332696965	41.4387084903	94.2403082206	49.8768620366	51.816878442	53.2238938827	60.0754955558	63.1504850352	52.2555801577	67.623980611	51.3666816798	62.094466081	57.1553257505	42.0957344879	55.5577475323	67.1331768767	60.4858144828	60.4896790761	40.4352199302	42.1043086213	60.6721496569	55.9194858851	59.0584712292	54.0834139485	60.7270320493	55.0464158109	42.6446107734	66.7904462123	53.1312392535	30.2028730958	37.8661605037	42.5110187653	49.4245378516	38.1553220284	53.464713873	53.7180391658	57.574851184	46.7144939768	51.9287200499	40.3817784681	52.2202824263	52.9421748423	57.9263499729	43.3594816822	31.7518539184	56.829510093	55.2968386321	41.1346169165	64.9352895085	60.0074454168	67.5589666744	56.1168359996	64.4426339543	52.8751226462	48.2096259962	48.294536088	67.9792553576	49.2786262195	59.5113486458	56.8126644391	59.4300730027	47.6148902068	53.0835887829	49.0965269184
63.323575696	62.2376738881	56.115995121	64.1214262254	54.0883002796	66.9258677547	64.0476313156	55.3057156414	77.2776033238	57.1700456877	73.2641079699	71.3819294419	82.6082787366	58.4901579457	43.7848705579	72.835989053	69.6302885402	49.8768620366	94.2403082206	65.4129622686	70.5538011078	63.4814735705	51.8347806226	67.9210979848	66.1183671901	68.493217387	63.1304944431	52.7127941982	65.7828432765	65.6952115611	39.3036545894	75.5730240328	51.2578027879	58.0218243911	75.5960702482	69.3861061128	74.3727145742	64.7392976269	79.3275967251	67.1669524912	70.018755172	74.7787438284	55.1790793022	81.2448181655	62.5357011986	64.1740453464	63.2152519346	67.679879278	59.4996198454	65.3480208592	63.0852621525	63.4467060738	59.5160249861	60.3137097369	36.818814211	65.1156653258	75.5831729889	57.2117294698	75.4776713716	64.9875913097	64.916586605	78.419495264	70.3870565865	55.8450118005	53.0624923133	74.4625795516	47.094757033	59.331056618	70.310016687	50.2338824535	63.7857596829	77.0201922291	75.2188437979	44.7759687621	69.040197067	66.8166428895	68.3699415377	61.7599376131	72.0121950553
70.6664726521	68.0249958139	60.7370413435	71.9536296567	56.2804355035	56.3026886621	67.9480164025	60.2404026091	76.7647096286	64.0250050553	73.2233339717	71.6206022223	66.0507484885	69.2566969244	51.7615382329	79.8298021622	72.890881272	51.816878442	65.4129622686	94.2403082206	73.775826165	73.8632090032	58.6334197457	69.3354054718	65.0301612197	73.7992215689	70.8345365681	53.1941217107	68.9828063362	68.9187800928	43.5622519979	80.524266132	62.1337745286	58.9882884684	70.3826127099	76.0308579779	80.3385426083	70.2079995672	77.9555878789	75.7541273745	66.8128177964	71.5980343518	63.3654868193	77.7852952054	47.7659272305	64.4454723317	71.0122662354	59.3990841332	49.4271027206	64.1391800582	60.1611754744	67.3533435322	71.4455083128	60.0429040897	34.5119024849	71.4949182894	73.0661018281	69.5817293567	58.9203153484	59.1765438744	67.4358824349	69.9202981237	61.0604563389	58.0548967597	55.8375495227	71.2706541612	58.7489364632	70.2128296812	81.7338027019	43.9912596354	63.1285403784	72.9023856776	65.9153655586	55.5027722081	62.793415278	67.024643056	59.2509842483	61.0736528462	67.2606912197
66.7786384317	64.2806074848	60.3870812158	70.9885157678	52.9002377797	59.8453184621	59.1148265353	57.491421784	75.9952655738	68.1313101088	66.106674928	67.8310528261	70.9288780057	52.9764114252	55.8200899577	75.8488921946	73.8046584795	53.2238938827	70.5538011078	73.775826165	94.2403082206	66.729156756	49.7540113239	62.2905343322	63.4479357141	71.4475471927	68.6642943461	49.839353975	64.016677368	66.0989888826	41.172638143	75.9779280378	49.8951718838	54.2199759648	74.8103727746	76.6768635233	74.2297644807	66.192661915	77.7139325241	70.6746222198	61.0584371829	70.8875376247	54.0666956149	81.6165741616	46.9329087978	58.4411879193	70.7208159676	61.8199404859	46.2628408776	55.9064688873	59.4941485279	63.9057255966	66.4603530584	57.7373995833	31.1900212356	65.9092797796	69.7682785908	56.293632928	68.4980267111	63.7819949295	55.5610512735	70.2327714081	65.40973812	51.7739331145	51.822874203	69.4600741042	43.1601907612	57.0326111596	75.5966948162	44.0231933151	66.4250961606	66.3730743857	66.4124020855	42.7547160247	59.0167718845	58.696124244	60.3542494166	64.6555703965	61.6567334977
56.5448658677	60.8284971461	58.7053069089	64.716865849	54.6388641861	55.4739030472	76.1525137117	75.697316458	69.4743088245	56.2833998202	67.2135331444	79.1723543758	60.0726086536	71.6652946144	57.7563484068	79.4472071391	64.060400422	60.0754955558	63.4814735705	73.8632090032	66.729156756	94.2403082206	69.3380313708	69.3746504616	75.8472112381	74.5973301471	76.7534493353	68.3712253699	56.1883679521	71.9769555169	59.6451848737	73.8953252366	69.2568270643	49.7832145354	59.5981270073	79.7122107436	76.3876508487	71.8036619532	69.4096204732	82.4449997319	69.243039382	65.4199638222	69.1790779984	68.344778478	45.2948011898	68.1609457535	62.817615464	51.8661735719	47.6733486543	62.3070981912	61.7906802756	68.3400937212	68.0571337619	66.4473138755	45.0791738234	78.3406222097	66.1827606142	67.2145984214	50.7713718407	48.9964596991	67.638463729	69.1379055351	51.7558459848	70.3510956683	72.9390691572	74.5042916952	70.8624467286	72.2235088169	78.013397235	58.827434992	65.8129163825	73.0312948119	59.1581924169	65.078537125	69.2689449566	73.3441068415	69.915187	61.2658670407	68.6362129299
41.2993952268	41.7538983559	48.3785134788	43.2372583839	44.4704373387	43.5381611685	60.3487213824	63.9390074601	60.3593724367	47.8386587506	57.0080964268	70.1235719285	48.0068500284	68.6141431797	50.0893930702	63.3041758468	48.6435659382	63.1504850352	51.8347806226	58.6334197457	49.7540113239	69.3380313708	94.2403082206	65.9992787873	71.2173772589	56.5820315236	67.166706761	69.1853679168	44.361352792	53.7703076267	63.1750434705	56.2569513554	87.4987797051	44.0148087086	41.2053919219	60.3773526441	59.5539480669	59.9797163594	53.8618049002	70.8536069294	50.4964870262	45.5683332035	88.1311708247	51.3807376387	40.7513522274	50.5212778806	45.3503409618	38.9381323331	30.3790223234	44.7579732461	60.0017080483	66.7977633308	55.6720167009	68.6352431769	49.5133555094	63.8070122342	56.1754094014	77.9533739248	35.7234374548	29.8141328319	74.7527907112	51.2431845255	31.4168168732	73.0310532069	69.0546936129	63.3919612504	72.1503046505	73.83863012	63.198698247	64.7657100597	61.4229659462	73.9320748421	46.3986297574	74.8165808916	54.8039778335	62.4540791687	49.5075431819	48.6747549254	58.9344009062
59.1923382672	52.4907642385	47.8035204074	57.4513972262	49.2703246083	63.9682467341	57.4722020897	52.0294188245	68.8773862902	56.7836508494	67.1826605753	63.0953108049	63.5543332602	66.6903791873	47.9437122181	65.4975838189	64.8013586174	52.2555801577	67.9210979848	69.3354054718	62.2905343322	69.3746504616	65.9992787873	94.2403082206	61.9183593988	71.9678365321	63.1091095138	65.8933602591	59.3809371833	58.6737316009	40.6978973521	63.7053661927	66.5966116965	50.7085363776	62.2133505551	65.6690382458	64.7863205035	61.4877990866	68.5626054052	68.2704535837	53.4051928642	66.72062671	66.5638373739	67.815256318	52.4250254536	59.7138449717	64.8977557441	58.7838542439	47.6724004957	47.0657875752	62.8486548712	64.7643013291	67.46023716	64.8954594462	38.8259127077	64.1595367147	71.8357302546	71.2951927792	58.1134985023	51.9462706722	71.5889135109	65.0863552677	53.7233334611	65.7234413883	52.3623586279	60.4511271869	62.2671298444	64.0971672877	68.6566829979	62.5488332753	54.1502855782	73.0125023333	61.564214286	60.392982069	56.5309514128	57.8746431569	54.4080960032	58.1633182349	68.2239482548
55.2496315508	54.6148684277	54.7413704555	56.5303776104	66.8312371627	54.2708331674	68.618209178	81.3794825178	67.3267788934	60.3305154281	57.3898912851	82.3687017595	63.3859450144	60.0496442198	64.3958455363	83.0342051224	55.2194526455	67.623980611	66.1183671901	65.0301612197	63.4479357141	75.8472112381	71.2173772589	61.9183593988	94.2403082206	63.82763233	73.3540136332	65.0656761836	54.8734646284	65.4358505645	69.2837962984	72.4221162667	61.6116792351	50.7947317847	57.2022199255	78.1673054071	74.086721203	72.645095849	71.2881378628	81.5288125508	68.5881982476	67.1581375862	67.7457904131	67.6150399987	50.0699090155	53.9173936162	54.056319417	59.6311646819	55.4141886851	65.8318100603	60.1940965282	74.47752282	65.7583111478	73.7554544535	60.3461735645	64.7076766186	67.4042425823	58.0745878426	57.0277484421	50.9697882553	57.6928544001	72.5360030525	58.9298169355	70.3321073068	75.3071971893	84.0120622423	61.0594365223	73.9397790896	61.6221393962	60.7505959702	65.1574739922	75.9917531529	70.0046075844	60.6491842407	79.811628103	69.6285379648	70.8750211931	53.6074897183	67.8733237091
65.1433818459	65.2086333285	62.4476959209	65.8644275564	47.1282884626	69.7667131573	64.6616250429	55.9938645111	70.6237143196	65.1450854962	74.8089130382	71.1440871833	62.7004066959	64.2163577733	50.092242384	74.0842914617	74.1900569644	51.3666816798	68.493217387	73.7992215689	71.4475471927	74.5973301471	56.5820315236	71.9678365321	63.82763233	94.2403082206	71.9930978261	61.9890459063	65.2177122282	68.5378313307	43.1654419821	76.919752807	58.4941669822	53.5982146537	69.6644994019	78.3734288182	76.500164393	64.5077874924	73.7245452743	79.1486837482	62.8809783474	69.9318064513	57.9895320925	77.6818751707	49.2089862322	67.943925537	72.8812672696	54.6218278507	45.2973489629	50.6422126012	69.6686298459	62.6841270246	68.1874565897	62.1404927256	40.1251400303	73.7023004652	68.591088036	60.7074054479	57.5140025367	51.3484631945	62.7454099536	66.682305075	53.7381192826	62.1788695037	59.7153064859	68.8857246559	55.1540046583	57.0844598351	77.630581914	56.0774271162	63.837687011	71.7101086827	63.2849307163	55.4651888504	55.6340152777	64.7898624616	66.0723421358	61.2805914021	63.2641381718
62.5775978116	56.9064389855	51.9001066679	59.1008678878	59.6745020296	53.8597689338	74.66177451	74.6773574364	70.9075626129	62.1348779598	62.2432375607	82.4375055155	59.5560093304	65.7138666675	50.9203866924	79.3613836551	67.9605524974	62.094466081	63.1304944431	70.8345365681	68.6642943461	76.7534493353	67.166706761	63.1091095138	73.3540136332	71.9930978261	94.2403082206	71.7288041574	52.1711083874	72.2287361221	65.5752511423	75.6450561878	68.5248051457	48.2342029658	61.0969438186	75.8406723125	80.3694154692	72.0574111871	69.2829299145	83.6061997266	71.2814000338	66.6876492842	70.1280897311	67.7936852149	46.288954909	54.9449747096	62.8043068574	56.8270656754	53.4355804189	64.6562467162	69.4357766075	71.6252410773	67.4271662768	71.383020901	49.7072623181	69.2357957182	66.5116625042	67.0759070821	52.5102075052	52.241765524	65.4223731814	69.9710623326	54.2029492995	64.5049723241	73.7804909495	78.0933955398	63.7375905095	74.0286721982	73.523394215	58.1271883567	64.4411949921	75.5011309517	60.9479634615	64.8287978843	67.7014119263	74.2900337367	71.2166567878	54.3641452172	64.2849517306
45.6639661826	48.4325256055	50.1842605143	42.5545158271	45.4474289147	46.7726256607	66.8479449219	61.4146822071	53.0369258469	43.9915780295	58.1961937338	65.7180833094	44.67604698	58.5186717965	46.3655805184	59.383185925	53.8067345703	57.1553257505	52.7127941982	53.1941217107	49.839353975	68.3712253699	69.1853679168	65.8933602591	65.0656761836	61.9890459063	71.7288041574	94.2403082206	46.8677850186	50.5814144051	65.0085726501	55.9988736305	67.152620203	42.1847753537	46.182135714	59.3374307962	57.6095427575	56.0830905602	52.7967200136	72.2618910499	52.0859562207	51.46514178	65.9429478265	51.6646867645	43.6937704815	47.5027499227	50.4638328678	42.2821030491	35.5265666325	44.1772176757	65.5337656686	62.9384767718	47.9837331709	63.8997569184	49.3591847797	55.6660568675	51.8052482402	54.3192132852	41.2615786077	36.6845925363	61.6645334677	52.0354390133	35.9980150623	73.489418645	67.6334227817	64.984493091	62.3633808177	65.7267385395	57.6495571514	64.1174255651	55.9141344402	63.4696418746	45.3711317811	62.1613520886	53.0600212989	64.0892002412	60.381650125	47.9815554275	57.0789724296
59.7691578316	60.2427689854	48.5466729317	58.0647805398	41.0478692346	59.6970030426	53.1569846762	42.4446029873	68.2817663012	51.247845608	65.7197034095	58.3517945802	67.0132377748	49.2689844706	42.5385203871	66.7627734229	63.0132033199	42.0957344879	65.7828432765	68.9828063362	64.016677368	56.1883679521	44.361352792	59.3809371833	54.8734646284	65.2177122282	52.1711083874	46.8677850186	94.2403082206	51.79699854	32.0286342376	67.2084276683	43.1502341807	49.7538168067	64.4895764154	62.3284022641	64.8463325002	54.6519440995	71.0619286213	61.830378676	54.884835911	66.4781510766	47.3920168423	71.7651934182	50.7197824574	58.702660144	63.7018353526	52.8824095012	44.4024775637	51.594708981	50.4572315772	58.4425723622	54.7002492212	51.3125780717	30.1039182563	53.0896543419	65.862280315	47.6115682843	59.2613617266	50.5933559298	55.496704556	62.9604262651	57.4944170043	48.2370601232	43.200532846	63.9628556858	34.6716190403	51.7909159245	66.9844111713	36.637951781	55.8154824276	62.3311037298	65.4217734921	42.6819791029	54.3436697573	53.4245025366	51.8011179603	59.1966728044	57.3882357029
61.2684138098	58.6850067306	53.5286078688	72.6911568041	56.7193414708	60.148383385	62.0620569577	64.3902549748	73.5240274468	64.5310701751	59.8711757615	71.8467412891	65.3910061045	60.0470602981	51.9767145466	74.4032774568	66.1330062223	55.5577475323	65.6952115611	68.9187800928	66.0989888826	71.9769555169	53.7703076267	58.6737316009	65.4358505645	68.5378313307	72.2287361221	50.5814144051	51.79699854	94.2403082206	48.9190419237	74.339007746	52.374483096	48.1528933199	66.7823193403	74.6728758456	77.052302548	65.0815849661	68.1651268147	75.2692985405	62.8870840942	67.5586622886	55.7386993666	73.2685518133	46.1117478147	56.7674322033	66.698499942	53.2629507685	45.0477413618	62.0049475702	62.6382872991	64.7316599368	62.3530422269	56.723270845	29.2391023161	67.9710983959	62.4926724879	55.8307445059	52.897337659	59.5037882581	51.4307713466	66.3518901133	57.5983406449	53.7857357225	56.3555416791	65.4333200557	48.1587398102	64.5299518542	72.859781016	39.6463602833	66.2122346876	68.6812381496	63.2446005035	42.095039234	66.0064798341	59.7839674995	68.0503024362	64.2924524406	65.2984619217
32.0218606642	32.852118182	40.5758265078	32.2536114058	52.8739308167	30.5025466059	67.0019017665	70.5242688796	45.2932672873	44.324403373	40.2403224821	67.1153253811	40.284778985	50.2098494077	58.4163070019	57.238740534	40.0387552848	67.1331768767	39.3036545894	43.5622519979	41.172638143	59.6451848737	63.1750434705	40.6978973521	69.2837962984	43.1654419821	65.5752511423	65.0085726501	32.0286342376	48.9190419237	94.2403082206	49.1761132358	59.2499596886	33.4562298523	37.1015665814	55.4877400073	53.2251938823	54.9980104933	40.6888495323	61.2321119852	48.1349166465	42.3497278345	62.0631040143	37.3137481874	30.2162605979	33.1228739866	35.331209574	39.7744645191	29.4833464335	51.39865307	49.6858737316	59.9588308516	43.2468386024	64.6591540945	62.1828420118	44.6841435838	44.9326531662	45.8814916174	30.2326960207	34.0238640155	44.8820756496	46.6115949354	34.0409774155	68.550200901	66.4498931089	65.1901108158	63.0160848014	62.9991307784	45.3904887976	56.8331768439	46.9505511863	58.8626404075	41.2763899374	57.4183621357	57.5466538455	57.8255587553	56.5419881881	38.8957794711	44.927654594
69.8007800308	72.4160379401	61.3214705817	71.1654264868	62.3908446952	64.9709637039	73.8494473818	67.0685434877	80.2445600963	68.0510414296	74.3429748508	81.4349040861	74.509299445	67.632776356	54.4655050099	85.5730425094	73.8314750565	60.4858144828	75.5730240328	80.524266132	75.9779280378	73.8953252366	56.2569513554	63.7053661927	72.4221162667	76.919752807	75.6450561878	55.9988736305	67.2084276683	74.339007746	49.1761132358	94.2403082206	56.2925318702	57.2776726213	72.4054467357	80.627610456	86.5605064279	73.9491056336	82.930976625	80.4098671308	79.3204501069	76.5679536073	59.5883610675	84.4920101585	53.4434123093	66.1890898147	70.9492135126	66.9737147736	61.6302824127	76.7802411761	67.4652232679	67.9798474185	68.3123597817	68.0123724064	41.8658208342	71.996674235	76.7058406376	62.4818321913	70.0613078143	63.572447222	63.7268684302	82.3370977429	71.142436815	61.9770141295	60.3596882998	82.0658891269	54.9935206634	68.4594479947	81.7844133293	47.8960242001	65.7447766187	79.0212843052	75.9531464664	54.3680631149	73.2686844784	73.4489513184	72.044283965	63.2561275252	66.597709008
44.293481134	41.124826222	48.1501964815	44.9104728053	42.2709958805	40.7555651083	63.3628138635	61.5697273272	60.4985859487	48.2558490382	59.712188686	67.3319906552	46.4103879312	73.8654999122	45.6161986406	60.347268548	51.4899459976	60.4896790761	51.2578027879	62.1337745286	49.8951718838	69.2568270643	87.4987797051	66.5966116965	61.6116792351	58.4941669822	68.5248051457	67.152620203	43.1502341807	52.374483096	59.2499596886	56.2925318702	94.2403082206	44.5081591476	42.4582831054	59.5540342159	59.805090406	61.2944337914	55.0941066355	66.0007670638	52.3529157944	45.0752975763	87.6587516889	50.6741317194	41.5807373568	55.9469360148	48.1496420273	40.3535237985	29.4510197915	43.9369848539	58.7886649663	66.422588376	56.14798038	62.8433371385	45.9933391608	65.0430240429	57.2092156056	84.3282090914	32.5459411919	32.08963948	79.7725531153	49.768053292	31.5736747993	72.0263991578	65.1565364004	60.6205843657	76.6531175027	74.0291922046	65.7351735034	64.0599431851	59.1722638795	72.0095328082	42.1806110158	76.1239121716	49.073434888	62.1980999529	47.5224254597	49.0110614392	59.1258446622
53.557129706	38.2590799655	51.3916815192	56.9455958542	40.0080240949	44.2551874134	51.006751794	39.7653486328	63.0915318728	40.2038617535	52.3774810175	56.011583138	54.0657327685	45.9781232027	44.4649830884	58.7467498027	56.0179999802	40.4352199302	58.0218243911	58.9882884684	54.2199759648	49.7832145354	44.0148087086	50.7085363776	50.7947317847	53.5982146537	48.2342029658	42.1847753537	49.7538168067	48.1528933199	33.4562298523	57.2776726213	44.5081591476	94.2403082206	58.9310506232	52.446643951	62.3454657359	50.9999160002	62.5313790143	51.9498850978	58.697376317	59.9373183831	46.3181397797	61.9292769525	38.4536693317	54.3791171346	54.7254350593	45.0484350147	46.4591571716	54.9104468774	55.0835008757	56.7469857898	54.0257630637	48.4460424558	27.914253814	51.4087217623	51.9199874725	49.3408674006	49.548763425	55.4868203457	49.130480877	60.0607169803	51.0211321253	41.3296782226	47.1941123696	57.3677075719	41.3467745184	50.2964689924	56.0817389301	30.5415500993	56.2288253712	55.93843951	53.3241179473	37.6019932885	48.2948282014	45.9741825797	43.3114834345	59.4804558398	49.0237535019
72.4101617115	63.9567301293	51.6041020941	70.978177969	56.8686516322	59.6514539501	53.5261951133	52.0859183416	77.985123682	63.8106016988	64.8432052018	63.9796600326	78.7250636424	49.9693086982	46.5830123062	67.8508966492	81.4977181276	42.1043086213	75.5960702482	70.3826127099	74.8103727746	59.5981270073	41.2053919219	62.2133505551	57.2022199255	69.6644994019	61.0969438186	46.182135714	64.4895764154	66.7823193403	37.1015665814	72.4054467357	42.4582831054	58.9310506232	94.2403082206	70.4070615016	74.8216868703	64.1666219676	78.375794406	63.7833704171	61.5887073015	76.3634595893	44.3246771418	80.9582626441	60.3135229721	58.9450422424	72.2174748261	64.4802865927	50.6916573418	59.2750966911	61.6690486925	62.1285341623	69.0942768048	56.7637077186	25.4304293526	63.2472631966	73.9125162898	51.8165765333	72.3978553577	71.6323648761	51.5519344565	73.6666213984	72.0020278772	46.3314501106	46.4041672812	64.2647508943	34.5497907679	55.3439808265	70.0579228512	37.3006306118	64.2190252332	66.3163781444	71.3194688247	33.4265481723	63.159539268	54.5687978817	65.5860631843	62.6133575082	64.767091598
66.965607889	58.9540169842	61.2285530357	68.6306842336	63.952368025	59.7563807106	71.6494195536	75.3878939594	76.6682446771	73.3559719132	67.9162010413	80.0151369927	71.2339852592	64.3103712853	60.9313192719	84.8660084163	71.5154569032	60.6721496569	69.3861061128	76.0308579779	76.6768635233	79.7122107436	60.3773526441	65.6690382458	78.1673054071	78.3734288182	75.8406723125	59.3374307962	62.3284022641	74.6728758456	55.4877400073	80.627610456	59.5540342159	52.446643951	70.4070615016	94.2403082206	82.4932191729	76.4466229669	79.5891070345	79.8764069918	74.1301673598	78.3569223156	60.5260548729	78.5526354512	50.9257866571	66.0858380979	64.9244915834	64.2122862259	53.696653552	65.4526106093	59.8457092416	74.1860602567	72.8014809134	70.1751482925	47.0333492867	74.3237337952	70.7394524863	59.6795570912	64.4450558554	61.024526748	60.8459023094	78.5719739275	67.9360687289	63.6266594141	66.8445794892	78.302313329	59.8505754115	67.6991946589	73.5084745332	55.9049209354	68.9418962505	74.7691840345	73.54711482	54.018785181	70.5086925383	68.2539537766	74.1079790532	61.2834723577	71.5926627389
68.9722648492	62.7402803532	62.8961086013	71.2006163813	63.3286525441	58.0784404204	74.6269404791	71.2704250739	83.3041149778	65.97730283	71.3694545488	86.3358063143	75.0633854069	67.4562936119	49.7704506071	86.2278890675	78.683432149	55.9194858851	74.3727145742	80.3385426083	74.2297644807	76.3876508487	59.5539480669	64.7863205035	74.086721203	76.500164393	80.3694154692	57.6095427575	64.8463325002	77.052302548	53.2251938823	86.5605064279	59.805090406	62.3454657359	74.8216868703	82.4932191729	94.2403082206	74.1693073454	80.4082509374	84.2212547014	81.41152678	82.2402321551	64.2551610864	80.9533676672	56.5962980605	69.6898439878	72.2777469346	66.1485277349	63.1873668346	74.5744971085	67.3635305691	71.1078831768	76.3280762268	69.1865606689	42.8401300931	74.8831393824	77.2330847373	63.404813944	64.8124145651	61.4096329688	65.5602686293	83.8311851129	69.4898485993	59.3126944565	68.5406664217	81.5471905069	58.9074879944	69.6670749689	81.2441305071	48.0870921572	71.9771146875	81.9756371328	74.1999835162	55.3410680957	74.8854344624	75.5618934227	77.8618917386	65.925328004	67.8872079505
60.8814876558	55.6041725488	54.6724977489	58.6100922448	67.2969315166	49.1162604774	66.9728927672	73.3283693731	72.5175512885	60.636219558	60.8640376131	75.6872950419	66.0205010288	68.0973728633	50.1840484174	76.5770544887	61.9548514147	59.0584712292	64.7392976269	70.2079995672	66.192661915	71.8036619532	59.9797163594	61.4877990866	72.645095849	64.5077874924	72.0574111871	56.0830905602	54.6519440995	65.0815849661	54.9980104933	73.9491056336	61.2944337914	50.9999160002	64.1666219676	76.4466229669	74.1693073454	94.2403082206	74.4602738914	72.8000463952	68.4646607065	68.6138948713	60.827474888	68.7064479383	48.2934914855	62.4661000451	57.9371464128	58.4233254404	55.1134033714	71.0374547997	54.7962038778	72.2228695054	65.5011894249	64.9181630965	46.8210243207	67.6846409348	66.456632923	63.5743216059	58.61975239	61.1008898881	58.2286160763	70.9498260077	58.808210678	61.036932611	59.5819343087	76.3517741009	62.1004914993	76.234584497	69.1328431058	59.1468921909	66.0546061476	71.0795707823	66.178972258	53.4198110827	71.3219441512	64.7952685809	67.2103168718	54.543577155	73.687412805
73.2631154052	69.0006026191	54.6873353366	72.1123816698	64.5746816826	65.7513682792	65.5289840261	64.1948730388	79.9911092469	68.7037550496	69.6589700711	73.0334207403	81.6737823918	59.9108007725	56.5675498924	81.7188647324	71.2665260774	54.0834139485	79.3275967251	77.9555878789	77.7139325241	69.4096204732	53.8618049002	68.5626054052	71.2881378628	73.7245452743	69.2829299145	52.7967200136	71.0619286213	68.1651268147	40.6888495323	82.930976625	55.0941066355	62.5313790143	78.375794406	79.5891070345	80.4082509374	74.4602738914	94.2403082206	75.0550985083	72.7466328246	82.1439730516	55.5103374005	85.2775017019	61.2041262761	62.442009688	66.6022562777	75.3472998474	62.4830700825	66.3822340385	59.2453820805	75.3800709055	73.8295022196	62.6804456124	34.9223604235	69.9865578591	78.8577526514	63.9208767763	78.6555784722	67.8838781134	64.4053667881	83.2659613227	79.9180586658	54.2450075031	54.373780838	77.6253356348	48.1975731303	65.999815714	73.0837747278	44.5017765389	63.2160485867	76.9975733803	79.9571660376	47.527732889	71.346564161	61.1438823621	65.3944613504	63.2446093082	71.061431951
62.8937526086	65.2277809826	63.6977323812	65.3598190371	60.5155445069	62.5376846778	74.8297501428	75.9508564583	75.0330181594	63.8972927568	68.1145388498	85.3981811509	63.9633260958	68.7958622403	52.2761076207	85.0673287953	69.028345305	60.7270320493	67.1669524912	75.7541273745	70.6746222198	82.4449997319	70.8536069294	68.2704535837	81.5288125508	79.1486837482	83.6061997266	72.2618910499	61.830378676	75.2692985405	61.2321119852	80.4098671308	66.0007670638	51.9498850978	63.7833704171	79.8764069918	84.2212547014	72.8000463952	75.0550985083	94.2403082206	69.7405251	72.1326576718	70.7071966512	75.539313257	52.5548507093	60.7066430503	68.4893720811	58.5768998078	51.5387817858	63.851024818	69.1158841212	72.7482044768	72.2982629302	70.4784972072	46.7676590222	74.4696187795	70.3937599236	64.8495977438	56.5282012387	52.0140376441	65.6203304753	72.6036483398	56.6241425178	68.9797662838	76.2307778044	80.9617891394	63.740457862	73.2892630055	78.4653902869	58.3886419334	70.2628151475	80.5181414782	68.0408444369	64.8238271891	73.1817109556	76.6736735131	75.8994827386	60.0634728693	68.5222966315
60.7289849367	58.0388727613	53.6835740403	55.1132105092	59.5380049829	47.6576702176	76.0874661373	67.5977618985	73.062952935	52.9500968539	64.1957026078	78.1888827005	68.9225095117	59.2098938022	48.555154931	79.6795792781	61.5173555717	55.0464158109	70.018755172	66.8128177964	61.0584371829	69.243039382	50.4964870262	53.4051928642	68.5881982476	62.8809783474	71.2814000338	52.0859562207	54.884835911	62.8870840942	48.1349166465	79.3204501069	52.3529157944	58.697376317	61.5887073015	74.1301673598	81.41152678	68.4646607065	72.7466328246	69.7405251	94.2403082206	72.5457612418	54.7273082184	70.010838711	48.2175003975	66.6721961711	55.4814035189	66.0946937756	67.9469457576	75.9807194098	56.44259565	62.0571121628	60.9311591248	64.4687822831	46.0895488567	64.8801779962	68.2096154063	55.4369411566	64.6097164281	54.5903122214	58.488525865	82.3476051763	68.9376630263	55.0921223588	64.0972877829	80.6774092271	55.600196093	62.6038871372	67.5309847809	41.1580126971	63.7641307099	72.4011122647	67.3119581245	45.9520766337	71.3107403344	69.7645262177	68.5799672627	54.0368602555	62.0343416514
70.0117434064	53.109821389	54.1161643404	68.7006338087	66.5607913304	56.0886196842	62.0310720284	61.2894520401	78.9608706572	69.3633304203	63.4767254285	72.2557314236	79.3439661959	53.6978027259	50.10103396	78.0374098265	72.7213652564	42.6446107734	74.7787438284	71.5980343518	70.8875376247	65.4199638222	45.5683332035	66.72062671	67.1581375862	69.9318064513	66.6876492842	51.46514178	66.4781510766	67.5586622886	42.3497278345	76.5679536073	45.0752975763	59.9373183831	76.3634595893	78.3569223156	82.2402321551	68.6138948713	82.1439730516	72.1326576718	72.5457612418	94.2403082206	48.6491702903	79.464207932	58.4189002826	61.2019506818	68.6369401037	73.8828880029	63.2116894054	64.7755452134	57.2879701529	72.0968791465	73.7002018655	65.718850671	38.8596524283	62.4402214707	76.7865376439	50.331656814	72.7760394279	67.0192403748	56.1847794095	84.2794044051	78.8997826888	52.0688885331	56.6914624816	72.3439839881	43.3294760053	56.8147198431	68.5584600028	43.8657717042	65.0354573009	72.5184321196	82.0650954069	36.6258041223	69.56946356	58.427907285	71.6486757224	60.0974325591	66.3654859016
44.4867366825	42.4864041708	49.3217072592	45.5563123893	43.7350771213	44.8582552574	64.3531971395	61.877903752	65.0477806321	49.5065214347	61.9689481515	72.0898423511	50.3781223228	71.8795863859	47.7345916123	64.429169758	55.1572464955	66.7904462123	55.1790793022	63.3654868193	54.0666956149	69.1790779984	88.1311708247	66.5638373739	67.7457904131	57.9895320925	70.1280897311	65.9429478265	47.3920168423	55.7386993666	62.0631040143	59.5883610675	87.6587516889	46.3181397797	44.3246771418	60.5260548729	64.2551610864	60.827474888	55.5103374005	70.7071966512	54.7273082184	48.6491702903	94.2403082206	55.0188112325	39.6159909576	52.7256918676	49.5974020716	42.7146821488	33.6210509487	47.1370652295	61.6735355787	65.1484199451	59.9570293962	64.3817336989	44.5035729574	64.7686452172	58.9694179266	79.8422126364	36.278449384	34.7739343529	77.418520676	53.9649846038	32.5059431182	72.94807325	70.1097229283	64.8086736815	71.8145378946	72.5654219991	67.4190951358	59.4450891147	63.8322724122	77.6132435991	49.0622857228	75.0889129087	54.2453888028	68.5787771925	53.3316870506	53.9060316587	59.5691182106
72.9285975637	71.4522149906	60.1887241254	74.3589036065	59.6805519159	66.3893571136	62.8174486179	57.2268100001	81.9226697187	69.24960995	75.3171085957	71.2927721212	78.7616482195	59.8845094384	54.4670345168	80.4009531666	78.7026772168	53.1312392535	81.2448181655	77.7852952054	81.6165741616	68.344778478	51.3807376387	67.815256318	67.6150399987	77.6818751707	67.7936852149	51.6646867645	71.7651934182	73.2685518133	37.3137481874	84.4920101585	50.6741317194	61.9292769525	80.9582626441	78.5526354512	80.9533676672	68.7064479383	85.2775017019	75.539313257	70.010838711	79.464207932	55.0188112325	94.2403082206	57.6653787799	65.7723969755	75.8684009013	66.1976528963	56.4498224221	65.3452901741	65.3509479525	68.5417515308	72.3998927731	61.6286270442	33.8635830128	70.5748020269	78.5176273728	60.3310272669	76.1777027973	69.6941906776	60.097794682	80.4709679877	74.6673216976	57.0086514777	53.8275462321	73.4771809149	43.0939372748	62.0234123962	77.8890102017	42.4705952964	68.0556425272	75.4013387623	76.9724321319	44.4275700365	68.0441911895	62.2095439647	67.3905850955	67.8121280196	68.530543712
46.986588519	46.1521852513	32.6938205832	44.9900802013	42.9077279595	54.1151201263	42.9849511608	45.5082795974	57.1621838085	38.1936422847	60.5261260252	51.6898879079	59.8799503951	49.5017374323	30.0864397182	50.1268968471	54.1385525239	30.2028730958	62.5357011986	47.7659272305	46.9329087978	45.2948011898	40.7513522274	52.4250254536	50.0699090155	49.2089862322	46.288954909	43.6937704815	50.7197824574	46.1117478147	30.2162605979	53.4434123093	41.5807373568	38.4536693317	60.3135229721	50.9257866571	56.5962980605	48.2934914855	61.2041262761	52.5548507093	48.2175003975	58.4189002826	39.6159909576	57.6653787799	94.2403082206	50.3504107417	40.7133937022	48.6699060171	38.7377171768	48.1945114851	47.455218603	49.2974142418	42.917515768	48.951913393	33.9072281139	42.5481388668	61.1526623799	43.2704013598	54.6186690161	47.9307097643	41.0118205262	57.7140053404	55.4785540054	41.1204101693	35.2757150683	57.8871603417	35.2520675859	46.3453967858	47.9632961233	41.5790803919	46.8781722822	53.3732834349	52.8359765852	35.1730763993	54.5752693402	49.2742142077	56.6759492897	44.8928927952	54.7805474971
52.7921472725	54.3611149038	53.6963760483	58.1994084944	36.3703191753	48.0916186771	62.2117389442	50.9106638503	65.2099876361	44.7940625863	63.9638732157	66.3021843852	54.1994582806	62.2544976941	35.8094365794	64.3223363566	65.0576004549	37.8661605037	64.1740453464	64.4454723317	58.4411879193	68.1609457535	50.5212778806	59.7138449717	53.9173936162	67.943925537	54.9449747096	47.5027499227	58.702660144	56.7674322033	33.1228739866	66.1890898147	55.9469360148	54.3791171346	58.9450422424	66.0858380979	69.6898439878	62.4661000451	62.442009688	60.7066430503	66.6721961711	61.2019506818	52.7256918676	65.7723969755	50.3504107417	94.2403082206	58.9401082641	38.2685657069	40.8400460305	58.2511309184	59.0687403075	51.1937236371	54.1084118473	48.365165382	34.8231793807	70.7995495894	58.3673740352	55.4210268674	46.58298301	47.5010210983	59.1190222236	60.2334780945	46.9049713816	47.2657746563	48.6868522675	64.4391563968	56.3373641515	52.9168844892	70.5191592303	45.7507189604	58.2428294667	59.4693359376	49.4874723143	44.9837566621	52.1105569982	66.3407093515	60.7926526083	58.2051656125	67.1639918059
61.5327317869	57.1776732717	56.4680602105	66.8263567695	49.7537360163	53.102257546	53.3405437724	47.7710223301	73.6030920227	64.4462513639	57.7403822278	63.93919903	62.7322321237	52.4758225877	45.2901481319	67.9177087393	75.4187638688	42.5110187653	63.2152519346	71.0122662354	70.7208159676	62.817615464	45.3503409618	64.8977557441	54.056319417	72.8812672696	62.8043068574	50.4638328678	63.7018353526	66.698499942	35.331209574	70.9492135126	48.1496420273	54.7254350593	72.2174748261	64.9244915834	72.2777469346	57.9371464128	66.6022562777	68.4893720811	55.4814035189	68.6369401037	49.5974020716	75.8684009013	40.7133937022	58.9401082641	94.2403082206	49.0642582916	38.8491810218	46.4926656311	60.2630144457	60.4376216517	69.7350440835	53.1291372857	23.4482675304	62.0863561276	66.5222072063	53.3635591324	51.670661498	55.1541642285	54.1526687978	62.5036406673	55.6343463117	56.0520957937	52.2169222208	59.1869427244	43.3427583323	52.6907599957	73.042609931	41.8199941821	61.4618556201	62.9854837759	62.1460057067	43.8550552017	53.3207639422	52.8672329407	56.3004727964	60.4030153273	54.0545758422
60.5690493535	54.5532969235	37.1444907361	48.5460480246	58.9942623785	47.0415749807	55.9884835085	57.7154976941	66.5012423288	53.6915169918	56.004441065	62.132665409	75.0605374408	44.6121094769	46.787704988	66.54924414	52.9356701379	49.4245378516	67.679879278	59.3990841332	61.8199404859	51.8661735719	38.9381323331	58.7838542439	59.6311646819	54.6218278507	56.8270656754	42.2821030491	52.8824095012	53.2629507685	39.7744645191	66.9737147736	40.3535237985	45.0484350147	64.4802865927	64.2122862259	66.1485277349	58.4233254404	75.3472998474	58.5768998078	66.0946937756	73.8828880029	42.7146821488	66.1976528963	48.6699060171	38.2685657069	49.0642582916	94.2403082206	63.6831752756	55.3267445021	40.9682565252	59.4474100721	58.978509574	57.67627985	33.5416631743	50.1498348004	66.1476269488	49.2452549076	75.3102465638	58.9851646036	51.2917934513	76.9535289276	74.8773058811	48.6729448671	45.3740002502	64.4730512411	36.4924196988	56.2878316804	53.635158952	36.7621594687	46.0424359326	69.7912261366	73.8580556463	35.8231695591	63.8561316627	46.8722415866	57.1241093225	50.275678711	55.3080774107
56.4325064103	42.3064356244	29.546056746	40.2217021625	59.6529685667	37.6002540748	51.2330575696	53.3604297506	54.9452402029	39.1179512289	48.6416575486	57.4310030155	60.4562168287	41.7902196443	30.3707154374	60.2671700354	45.3346778169	38.1553220284	59.4996198454	49.4271027206	46.2628408776	47.6733486543	30.3790223234	47.6724004957	55.4141886851	45.2973489629	53.4355804189	35.5265666325	44.4024775637	45.0477413618	29.4833464335	61.6302824127	29.4510197915	46.4591571716	50.6916573418	53.696653552	63.1873668346	55.1134033714	62.4830700825	51.5387817858	67.9469457576	63.2116894054	33.6210509487	56.4498224221	38.7377171768	40.8400460305	38.8491810218	63.6831752756	94.2403082206	65.0475312704	39.2756063613	48.9977674102	49.3489676011	48.5901867847	39.8063444855	47.6753725689	59.3736897502	41.2116917197	58.509756189	48.0752799225	42.7228689718	70.2575093797	61.4220085102	39.0743195288	46.2149361544	60.1233756568	34.8207464464	48.8738812451	46.0681818478	34.576414112	38.6115725193	54.5226311312	60.4504183169	26.7130077434	67.4293536267	49.2526184573	55.4182205005	45.9428939928	52.3963332939
52.002437689	50.2128367239	45.8952952608	52.8319904132	64.3403233726	45.0138342242	70.7413295389	65.6757192632	68.8167192039	48.0189037714	56.4564327626	74.5242841843	61.3164084887	60.4090255363	44.2198811607	74.8131888906	54.0812188745	53.464713873	65.3480208592	64.1391800582	55.9064688873	62.3070981912	44.7579732461	47.0657875752	65.8318100603	50.6422126012	64.6562467162	44.1772176757	51.594708981	62.0049475702	51.39865307	76.7802411761	43.9369848539	54.9104468774	59.2750966911	65.4526106093	74.5744971085	71.0374547997	66.3822340385	63.851024818	75.9807194098	64.7755452134	47.1370652295	65.3452901741	48.1945114851	58.2511309184	46.4926656311	55.3267445021	65.0475312704	94.2403082206	49.2569554789	58.3555432612	51.1435676286	63.3714497961	47.0914345587	54.6439598212	65.5475895608	50.9354091937	54.2409286237	56.6014315416	49.6689295328	73.7878233393	59.5910306007	47.2717358792	54.6834698021	77.5250274426	49.1095995157	68.378661346	63.2902191517	37.4447073192	53.0679869527	66.1924017959	65.4984052052	43.9034573572	77.6798243256	68.1442752732	68.2790295926	53.596304173	65.2349670521
56.9026925523	56.1058630865	50.3892512217	57.765287341	40.6221352356	61.2371627497	61.4819103347	52.4726541465	60.9934120344	49.7836972639	65.5535189964	67.0966909077	52.7256663606	59.8293224642	42.2061493319	61.1325006048	66.3994718174	53.7180391658	63.0852621525	60.1611754744	59.4941485279	61.7906802756	60.0017080483	62.8486548712	60.1940965282	69.6686298459	69.4357766075	65.5337656686	50.4572315772	62.6382872991	49.6858737316	67.4652232679	58.7886649663	55.0835008757	61.6690486925	59.8457092416	67.3635305691	54.7962038778	59.2453820805	69.1158841212	56.44259565	57.2879701529	61.6735355787	65.3509479525	47.455218603	59.0687403075	60.2630144457	40.9682565252	39.2756063613	49.2569554789	94.2403082206	54.9140943615	55.338608263	57.1689204014	37.4104820946	65.3240195319	62.1948574473	57.6769416705	49.7225784315	46.7612111169	57.1247979023	58.8116756774	44.8221272417	59.2616749243	54.0815262531	64.996754535	56.2009414842	57.3073740516	65.3797417679	52.8611684389	55.2239097824	67.3427771489	50.0007734566	54.9633287593	53.2066865505	65.8305980653	63.010161574	52.2836636842	60.5551280212
59.2279892034	45.3062452262	55.6283978117	61.5946898958	74.0434235047	50.3462437419	63.5383879207	69.8840001788	72.6907904945	74.7582557364	54.6534878203	74.0019655376	64.5370880073	57.1334539671	65.3244309987	77.9489278337	62.322687599	57.574851184	63.4467060738	67.3533435322	63.9057255966	68.3400937212	66.7977633308	64.7643013291	74.47752282	62.6841270246	71.6252410773	62.9384767718	58.4425723622	64.7316599368	59.9588308516	67.9798474185	66.422588376	56.7469857898	62.1285341623	74.1860602567	71.1078831768	72.2228695054	75.3800709055	72.7482044768	62.0571121628	72.0968791465	65.1484199451	68.5417515308	49.2974142418	51.1937236371	60.4376216517	59.4474100721	48.9977674102	58.3555432612	54.9140943615	94.2403082206	68.7970757287	70.2631431239	45.7392857364	59.7924935273	69.7117692586	63.6895099626	52.1120768408	60.1081309786	63.2051544643	67.8595100854	60.1683950615	65.3588712749	68.3607091498	74.0236599142	52.4560354725	72.1674606248	64.512620931	57.9993320108	69.0805064807	69.5400944368	69.6975727991	53.4811672334	70.1125802948	54.7007725921	57.0906137202	62.998461789	67.6628537109
65.6594336396	50.5730504336	51.0480640355	66.3680690862	60.9096223144	48.5819300875	57.8266517536	62.3970411077	75.1865234589	65.887972553	53.7301291805	71.611388484	67.2111889463	58.4343553334	47.3584653364	74.6866043932	71.3107464172	46.7144939768	59.5160249861	71.4455083128	66.4603530584	68.0571337619	55.6720167009	67.46023716	65.7583111478	68.1874565897	67.4271662768	47.9837331709	54.7002492212	62.3530422269	43.2468386024	68.3123597817	56.14798038	54.0257630637	69.0942768048	72.8014809134	76.3280762268	65.5011894249	73.8295022196	72.2982629302	60.9311591248	73.7002018655	59.9570293962	72.3998927731	42.917515768	54.1084118473	69.7350440835	58.978509574	49.3489676011	51.1435676286	55.338608263	68.7970757287	94.2403082206	63.0614340256	25.8294693064	65.5943607134	73.0851008345	63.4212597372	59.017664991	57.8387126289	61.7206111786	72.7638524613	66.6742963551	52.9149493428	60.7723381868	64.7280149982	49.3501982255	59.6817314433	66.941535003	42.7641929398	60.4691891059	73.2114847941	68.7963993497	48.3380519893	62.0124260348	53.6364909948	58.8572718855	54.1877173533	58.359524035
51.9959142788	46.1483952179	50.6276821138	44.4684178527	63.1945731083	47.0921260073	62.3681648668	67.2202319571	70.1237795227	57.9431399588	56.0207630037	75.7098609459	62.8524459249	61.7074675665	57.4708867591	72.1483119904	57.7908855419	51.9287200499	60.3137097369	60.0429040897	57.7373995833	66.4473138755	68.6352431769	64.8954594462	73.7554544535	62.1404927256	71.383020901	63.8997569184	51.3125780717	56.723270845	64.6591540945	68.0123724064	62.8433371385	48.4460424558	56.7637077186	70.1751482925	69.1865606689	64.9181630965	62.6804456124	70.4784972072	64.4687822831	65.718850671	64.3817336989	61.6286270442	48.951913393	48.365165382	53.1291372857	57.67627985	48.5901867847	63.3714497961	57.1689204014	70.2631431239	63.0614340256	94.2403082206	59.8395067083	56.9817750851	68.208311096	59.2473154053	56.1447148336	53.6133098129	61.7862366727	70.2668232652	57.8355301029	70.5783493555	61.6238647691	72.7807483336	59.5555661495	71.1269943381	61.8836151657	61.1758056781	59.8580333273	72.4263753695	65.1249014257	61.8150841758	66.3397216895	61.0157342785	65.9830935917	49.0557022253	59.3224323457
27.6739064431	27.0838785306	26.8057515277	16.0197465889	47.3724878948	28.5108904136	46.5103889153	53.8021845571	34.1749694681	32.8996262516	39.4416780145	49.1392092835	31.1911999769	45.0849429444	46.114771137	48.212922419	29.8438715691	40.3817784681	36.818814211	34.5119024849	31.1900212356	45.0791738234	49.5133555094	38.8259127077	60.3461735645	40.1251400303	49.7072623181	49.3591847797	30.1039182563	29.2391023161	62.1828420118	41.8658208342	45.9933391608	27.914253814	25.4304293526	47.0333492867	42.8401300931	46.8210243207	34.9223604235	46.7676590222	46.0895488567	38.8596524283	44.5035729574	33.8635830128	33.9072281139	34.8231793807	23.4482675304	33.5416631743	39.8063444855	47.0914345587	37.4104820946	45.7392857364	25.8294693064	59.8395067083	94.2403082206	33.371143775	41.6811492926	34.4450785348	29.6784142633	27.3958013567	36.7882961766	42.1988369332	27.2745434221	59.5054571372	47.5797033862	56.7198013652	50.6056574314	51.7681858634	33.2332415869	63.6580084648	36.5892322761	42.7004814756	33.7308858469	45.0377395938	47.6714530716	45.3459311913	49.8209615496	28.6301791681	41.0235823648
64.133774969	61.8735647349	57.7464864859	65.4424522389	45.9451458697	50.9839509277	66.6565739358	67.1932336774	68.766157887	53.2732656321	70.5206101754	72.5949512935	65.2297804233	67.9950037159	42.0541037484	70.9848989494	68.5124903533	52.2202824263	65.1156653258	71.4949182894	65.9092797796	78.3406222097	63.8070122342	64.1595367147	64.7076766186	73.7023004652	69.2357957182	55.6660568675	53.0896543419	67.9710983959	44.6841435838	71.996674235	65.0430240429	51.4087217623	63.2472631966	74.3237337952	74.8831393824	67.6846409348	69.9865578591	74.4696187795	64.8801779962	62.4402214707	64.7686452172	70.5748020269	42.5481388668	70.7995495894	62.0863561276	50.1498348004	47.6753725689	54.6439598212	65.3240195319	59.7924935273	65.5943607134	56.9817750851	33.371143775	94.2403082206	63.1796620007	69.3024725512	52.2970532249	45.9944542793	63.9873801837	63.9567137138	51.1382800087	60.8111793989	58.8355018531	65.9608897607	65.6623114726	66.7161630596	76.0489287962	54.3070324015	63.8131121713	71.5825985984	55.8395820886	58.1354114282	64.8391276797	71.9470976662	67.7454595556	56.0953936825	70.5234621818
62.7931592387	63.078465501	55.3637939401	65.0629397521	65.4487491749	60.9539156623	62.9868620271	59.4389691317	78.6385755893	63.6815172455	70.3866709521	71.8480848772	77.5413477611	61.635081872	53.7831920638	74.8671879266	71.2943747723	52.9421748423	75.5831729889	73.0661018281	69.7682785908	66.1827606142	56.1754094014	71.8357302546	67.4042425823	68.591088036	66.5116625042	51.8052482402	65.862280315	62.4926724879	44.9326531662	76.7058406376	57.2092156056	51.9199874725	73.9125162898	70.7394524863	77.2330847373	66.456632923	78.8577526514	70.3937599236	68.2096154063	76.7865376439	58.9694179266	78.5176273728	61.1526623799	58.3673740352	66.5222072063	66.1476269488	59.3736897502	65.5475895608	62.1948574473	69.7117692586	73.0851008345	68.208311096	41.6811492926	63.1796620007	94.2403082206	64.5403620074	69.887941222	62.7926044924	64.3367624446	79.5883675317	72.8213369347	58.6419260773	56.1285052407	73.6459696692	49.0137632514	62.6003855214	70.4546374959	49.8529061165	60.9372126613	76.6640549308	74.4634642225	52.3971995226	72.0905217326	60.265472076	63.758020139	61.3498997248	62.5694621853
53.3270529822	50.2297487182	48.7667031645	52.1927182644	46.6100907087	45.7799185783	62.2525847542	58.5963845352	67.0017471364	49.1150604315	65.193825549	65.0150444379	55.342920965	75.5562236581	43.1436610727	63.7667169813	55.3369750063	57.9263499729	57.2117294698	69.5817293567	56.293632928	67.2145984214	77.9533739248	71.2951927792	58.0745878426	60.7074054479	67.0759070821	54.3192132852	47.6115682843	55.8307445059	45.8814916174	62.4818321913	84.3282090914	49.3408674006	51.8165765333	59.6795570912	63.404813944	63.5743216059	63.9208767763	64.8495977438	55.4369411566	50.331656814	79.8422126364	60.3310272669	43.2704013598	55.4210268674	53.3635591324	49.2452549076	41.2116917197	50.9354091937	57.6769416705	63.6895099626	63.4212597372	59.2473154053	34.4450785348	69.3024725512	64.5403620074	94.2403082206	43.8042147533	37.3413729604	80.5207837383	57.6368234942	42.8469415917	63.3972558728	57.6898046665	59.3062315829	73.4492387448	72.6594261208	69.9138523334	58.1684443689	54.1872381093	75.9943662298	48.8407830303	70.4391619258	55.8257590489	60.1557770645	46.1065539769	52.2759208678	62.91046719
66.9938793829	64.099177456	44.3622018268	54.6643205212	50.7136996071	57.5613489616	52.3871156795	47.8115944283	69.6031639525	54.0020720906	62.0319905088	55.9096718758	80.9196981592	40.0797157256	49.2247962477	64.1600275698	60.2432782034	43.3594816822	75.4776713716	58.9203153484	68.4980267111	50.7713718407	35.7234374548	58.1134985023	57.0277484421	57.5140025367	52.5102075052	41.2615786077	59.2613617266	52.897337659	30.2326960207	70.0613078143	32.5459411919	49.548763425	72.3978553577	64.4450558554	64.8124145651	58.61975239	78.6555784722	56.5282012387	64.6097164281	72.7760394279	36.278449384	76.1777027973	54.6186690161	46.58298301	51.670661498	75.3102465638	58.509756189	54.2409286237	49.7225784315	52.1120768408	59.017664991	56.1447148336	29.6784142633	52.2970532249	69.887941222	43.8042147533	94.2403082206	64.2673181726	47.9018852832	79.3904273783	81.9506868066	43.2603664167	34.9038420395	63.6856172308	29.7011696727	45.7064731259	56.0918889475	32.0929439574	47.9841173899	66.0672073033	74.4416806238	28.1077544051	56.091213641	49.0547507007	56.5642176995	46.9642906145	54.7487791956
63.7706465621	51.0061831892	43.1979377704	62.3408234636	59.7206420431	49.8116741174	46.9278904042	46.4489166141	66.1373945206	57.8864532639	51.2688920448	57.2095025705	66.3492697916	36.3888833131	43.3511785476	60.4741512775	66.9402501064	31.7518539184	64.9875913097	59.1765438744	63.7819949295	48.9964596991	29.8141328319	51.9462706722	50.9697882553	51.3484631945	52.241765524	36.6845925363	50.5933559298	59.5037882581	34.0238640155	63.572447222	32.08963948	55.4868203457	71.6323648761	61.024526748	61.4096329688	61.1008898881	67.8838781134	52.0140376441	54.5903122214	67.0192403748	34.7739343529	69.6941906776	47.9307097643	47.5010210983	55.1541642285	58.9851646036	48.0752799225	56.6014315416	46.7612111169	60.1081309786	57.8387126289	53.6133098129	27.3958013567	45.9944542793	62.7926044924	37.3413729604	64.2673181726	94.2403082206	35.0538073013	66.1627009102	67.1940569083	43.3171950645	38.114956406	57.4816644017	28.7845100507	47.3635950361	57.5430492421	32.7818961593	53.8549775823	53.1271115005	67.0591643025	25.570140286	56.9301216808	43.8947289997	54.2741750415	52.7939193708	56.3423000865
51.2781393249	45.3313219953	51.3663196239	50.6377052524	40.032215099	48.9273683617	65.4755422962	53.1633189552	67.4204298617	51.7609547112	63.6851374462	67.5253517487	58.2806266298	73.872123714	37.3495716261	64.9421763219	57.1517991689	56.829510093	64.916586605	67.4358824349	55.5610512735	67.638463729	74.7527907112	71.5889135109	57.6928544001	62.7454099536	65.4223731814	61.6645334677	55.496704556	51.4307713466	44.8820756496	63.7268684302	79.7725531153	49.130480877	51.5519344565	60.8459023094	65.5602686293	58.2286160763	64.4053667881	65.6203304753	58.488525865	56.1847794095	77.418520676	60.097794682	41.0118205262	59.1190222236	54.1526687978	51.2917934513	42.7228689718	49.6689295328	57.1247979023	63.2051544643	61.7206111786	61.7862366727	36.7882961766	63.9873801837	64.3367624446	80.5207837383	47.9018852832	35.0538073013	94.2403082206	62.7404580051	45.1415394561	62.5705812583	59.6303418696	62.4630870951	68.9119346581	66.1208196899	67.6872196854	57.8759976483	53.924701626	76.8285454113	55.1086089414	70.2063643577	50.259769939	66.1162969439	49.0742268531	55.4035865136	62.7395566686
66.1582620017	58.7010969352	50.7774686333	61.2596627709	65.0850904122	58.0928657316	68.9841659443	66.7636921388	80.056531026	63.3174315655	66.027490156	77.7469542992	82.1781071792	57.9726244321	52.0958521633	81.1512808203	69.6200152884	55.2968386321	78.419495264	69.9202981237	70.2327714081	69.1379055351	51.2431845255	65.0863552677	72.5360030525	66.682305075	69.9710623326	52.0354390133	62.9604262651	66.3518901133	46.6115949354	82.3370977429	49.768053292	60.0607169803	73.6666213984	78.5719739275	83.8311851129	70.9498260077	83.2659613227	72.6036483398	82.3476051763	84.2794044051	53.9649846038	80.4709679877	57.7140053404	60.2334780945	62.5036406673	76.9535289276	70.2575093797	73.7878233393	58.8116756774	67.8595100854	72.7638524613	70.2668232652	42.1988369332	63.9567137138	79.5883675317	57.6368234942	79.3904273783	66.1627009102	62.7404580051	94.2403082206	81.7887981778	56.2536374311	60.102724538	78.9647663357	50.8825479094	61.3210929072	68.5605149725	45.2505727948	60.385393667	80.3182675673	81.2141209007	46.7989184622	73.6955279515	64.6723974456	73.1579006142	59.1504416819	64.5381224288
64.9452738644	60.5281163246	45.7821161614	61.6978847029	61.2589674606	49.4724773885	53.2333689194	53.220003808	69.8058500081	61.4349721436	52.7746122892	59.5371305082	78.1293249162	39.550771346	47.7872625972	70.1746696581	59.9517694628	41.1346169165	70.3870565865	61.0604563389	65.40973812	51.7558459848	31.4168168732	53.7233334611	58.9298169355	53.7381192826	54.2029492995	35.9980150623	57.4944170043	57.5983406449	34.0409774155	71.142436815	31.5736747993	51.0211321253	72.0020278772	67.9360687289	69.4898485993	58.808210678	79.9180586658	56.6241425178	68.9376630263	78.8997826888	32.5059431182	74.6673216976	55.4785540054	46.9049713816	55.6343463117	74.8773058811	61.4220085102	59.5910306007	44.8221272417	60.1683950615	66.6742963551	57.8355301029	27.2745434221	51.1382800087	72.8213369347	42.8469415917	81.9506868066	67.1940569083	45.1415394561	81.7887981778	94.2403082206	40.4307084929	36.0898007088	65.3208621015	31.1866678573	48.7075246413	55.307764445	27.5920519122	47.273997203	63.7601015922	78.0367574735	23.6211338227	62.9821932558	43.6409165778	56.8345403499	48.4666894288	54.5346179158
44.9808048817	49.6936628881	50.8166549544	44.0750740575	55.6238154917	48.4595312085	64.6647915322	65.2017657324	59.6994193069	51.0935206381	60.563989883	67.2907007246	53.764952853	65.8115052847	57.2599722406	61.5037367393	53.6482873138	64.9352895085	55.8450118005	58.0548967597	51.7739331145	70.3510956683	73.0310532069	65.7234413883	70.3321073068	62.1788695037	64.5049723241	73.489418645	48.2370601232	53.7857357225	68.550200901	61.9770141295	72.0263991578	41.3296782226	46.3314501106	63.6266594141	59.3126944565	61.036932611	54.2450075031	68.9797662838	55.0921223588	52.0688885331	72.94807325	57.0086514777	41.1204101693	47.2657746563	56.0520957937	48.6729448671	39.0743195288	47.2717358792	59.2616749243	65.3588712749	52.9149493428	70.5783493555	59.5054571372	60.8111793989	58.6419260773	63.3972558728	43.2603664167	43.3171950645	62.5705812583	56.2536374311	40.4307084929	94.2403082206	66.1519123081	66.1585275316	70.3058862226	69.0742668172	61.7396043809	73.6025196371	57.4678164443	68.3978311135	51.3121141947	64.9512527513	59.4321656932	61.5828292119	58.760672681	53.719886326	55.9399276116
45.0348283743	37.8277556019	51.6875935048	47.9509651814	55.9658839089	40.368386117	72.8236272411	72.524202992	59.577883189	50.8206619673	48.1398532518	78.1968953412	48.9387788319	57.8946438126	47.9335888905	71.4801525091	52.4193900918	60.0074454168	53.0624923133	55.8375495227	51.822874203	72.9390691572	69.0546936129	52.3623586279	75.3071971893	59.7153064859	73.7804909495	67.6334227817	43.200532846	56.3555416791	66.4498931089	60.3596882998	65.1565364004	47.1941123696	46.4041672812	66.8445794892	68.5406664217	59.5819343087	54.373780838	76.2307778044	64.0972877829	56.6914624816	70.1097229283	53.8275462321	35.2757150683	48.6868522675	52.2169222208	45.3740002502	46.2149361544	54.6834698021	54.0815262531	68.3607091498	60.7723381868	61.6238647691	47.5797033862	58.8355018531	56.1285052407	57.6898046665	34.9038420395	38.114956406	59.6303418696	60.102724538	36.0898007088	66.1519123081	94.2403082206	71.3352548705	61.4290480397	61.9286669063	59.2004207409	54.5348113593	64.1834876201	67.121878075	53.1696764504	60.5407904502	65.2797091898	67.2553933899	63.251116249	50.7839232904	53.9015353149
58.3967813093	61.596817432	59.1063100775	58.8878163454	63.0619321623	57.2276226222	80.4058607485	78.4416718185	74.9748400395	58.8373707964	66.0127331536	87.26295108	68.1226493947	66.2462585684	56.7154385196	85.6896619949	63.1757194915	67.5589666744	74.4625795516	71.2706541612	69.4600741042	74.5042916952	63.3919612504	60.4511271869	84.0120622423	68.8857246559	78.0933955398	64.984493091	63.9628556858	65.4333200557	65.1901108158	82.0658891269	60.6205843657	57.3677075719	64.2647508943	78.302313329	81.5471905069	76.3517741009	77.6253356348	80.9617891394	80.6774092271	72.3439839881	64.8086736815	73.4771809149	57.8871603417	64.4391563968	59.1869427244	64.4730512411	60.1233756568	77.5250274426	64.996754535	74.0236599142	64.7280149982	72.7807483336	56.7198013652	65.9608897607	73.6459696692	59.3062315829	63.6856172308	57.4816644017	62.4630870951	78.9647663357	65.3208621015	66.1585275316	71.3352548705	94.2403082206	59.489950232	73.7905027549	70.6037191224	57.5463037609	66.0791086442	79.704048758	71.8039555572	59.4094579878	79.3093171892	78.1448391509	75.1341721505	59.7978055028	69.7432234093
34.9014028259	39.3930232342	48.9597559182	38.2560706082	40.3703060931	36.7961409663	67.9825073875	63.2111904563	49.4195455027	37.44767296	57.1167630024	66.5845325469	42.7711053351	73.390868485	38.3151471569	57.9407689968	45.3700687853	56.1168359996	47.094757033	58.7489364632	43.1601907612	70.8624467286	72.1503046505	62.2671298444	61.0594365223	55.1540046583	63.7375905095	62.3633808177	34.6716190403	48.1587398102	63.0160848014	54.9935206634	76.6531175027	41.3467745184	34.5497907679	59.8505754115	58.9074879944	62.1004914993	48.1975731303	63.740457862	55.600196093	43.3294760053	71.8145378946	43.0939372748	35.2520675859	56.3373641515	43.3427583323	36.4924196988	34.8207464464	49.1095995157	56.2009414842	52.4560354725	49.3501982255	59.5555661495	50.6056574314	65.6623114726	49.0137632514	73.4492387448	29.7011696727	28.7845100507	68.9119346581	50.8825479094	31.1866678573	70.3058862226	61.4290480397	59.489950232	94.2403082206	66.2946839508	58.6321445518	67.7553798921	46.3211208227	66.8686427164	36.8704133608	71.9806267635	51.8195312298	65.340524309	55.1616035341	36.4951647111	58.7711669248
52.7554534453	54.2895046216	48.4276460962	54.1394063968	64.9063076134	42.9462033528	66.8575936128	74.3614382026	68.516888996	50.1502336321	58.3587967294	75.3252478915	57.9817692906	74.0516497361	51.1582532994	75.6613514584	54.5035396947	64.4426339543	59.331056618	70.2128296812	57.0326111596	72.2235088169	73.83863012	64.0971672877	73.9397790896	57.0844598351	74.0286721982	65.7267385395	51.7909159245	64.5299518542	62.9991307784	68.4594479947	74.0291922046	50.2964689924	55.3439808265	67.6991946589	69.6670749689	76.234584497	65.999815714	73.2892630055	62.6038871372	56.8147198431	72.5654219991	62.0234123962	46.3453967858	52.9168844892	52.6907599957	56.2878316804	48.8738812451	68.378661346	57.3073740516	72.1674606248	59.6817314433	71.1269943381	51.7681858634	66.7161630596	62.6003855214	72.6594261208	45.7064731259	47.3635950361	66.1208196899	61.3210929072	48.7075246413	69.0742668172	61.9286669063	73.7905027549	66.2946839508	94.2403082206	65.5776190148	56.5689495012	62.703466673	73.0332314733	56.1596931563	66.4384530334	73.2574497779	65.991825445	61.2526142995	54.0600415889	72.944395496
66.4737270953	70.5145930808	62.837583136	71.6664080792	48.4642434014	60.9706098591	69.72092695	58.5110917888	79.1010135736	60.5313267763	78.1570510816	76.3106288927	66.7709827013	68.0540733465	47.4288392387	77.3055012516	74.5027346625	52.8751226462	70.310016687	81.7338027019	75.5966948162	78.013397235	63.198698247	68.6566829979	61.6221393962	77.630581914	73.523394215	57.6495571514	66.9844111713	72.859781016	45.3904887976	81.7844133293	65.7351735034	56.0817389301	70.0579228512	73.5084745332	81.2441305071	69.1328431058	73.0837747278	78.4653902869	67.5309847809	68.5584600028	67.4190951358	77.8890102017	47.9632961233	70.5191592303	73.042609931	53.635158952	46.0681818478	63.2902191517	65.3797417679	64.512620931	66.941535003	61.8836151657	33.2332415869	76.0489287962	70.4546374959	69.9138523334	56.0918889475	57.5430492421	67.6872196854	68.5605149725	55.307764445	61.7396043809	59.2004207409	70.6037191224	58.6321445518	65.5776190148	94.2403082206	51.7572766244	70.5686482719	76.1437655572	63.8237207103	59.0168062803	61.4216633348	71.8114048537	62.8051537115	68.1367039413	64.6978581033
35.5144895541	34.9178941652	44.3397298688	32.7843532136	47.2677387663	45.2768184022	52.1093262477	56.0329412315	45.1715008681	45.8087704207	52.3106899205	58.2648396758	43.9061675276	61.1502521113	37.6353320708	50.2913492482	42.6962023561	48.2096259962	50.2338824535	43.9912596354	44.0231933151	58.827434992	64.7657100597	62.5488332753	60.7505959702	56.0774271162	58.1271883567	64.1174255651	36.637951781	39.6463602833	56.8331768439	47.8960242001	64.0599431851	30.5415500993	37.3006306118	55.9049209354	48.0870921572	59.1468921909	44.5017765389	58.3886419334	41.1580126971	43.8657717042	59.4450891147	42.4705952964	41.5790803919	45.7507189604	41.8199941821	36.7621594687	34.576414112	37.4447073192	52.8611684389	57.9993320108	42.7641929398	61.1758056781	63.6580084648	54.3070324015	49.8529061165	58.1684443689	32.0929439574	32.7818961593	57.8759976483	45.2505727948	27.5920519122	73.6025196371	54.5348113593	57.5463037609	67.7553798921	56.5689495012	51.7572766244	94.2403082206	46.5372964157	58.8395359868	39.1811376015	61.3689334768	51.0237208766	55.8788943738	53.6575465191	42.185163384	55.7271499566
57.624123917	49.2428096597	57.6506414038	65.1069647882	54.7491686707	50.9955344035	52.9772936777	58.1104237659	71.1026415646	59.6335062684	58.6873152819	70.2773611197	62.12365197	55.1777137176	50.1626474042	70.9077356139	65.7676515868	48.294536088	63.7857596829	63.1285403784	66.4250961606	65.8129163825	61.4229659462	54.1502855782	65.1574739922	63.837687011	64.4411949921	55.9141344402	55.8154824276	66.2122346876	46.9505511863	65.7447766187	59.1722638795	56.2288253712	64.2190252332	68.9418962505	71.9771146875	66.0546061476	63.2160485867	70.2628151475	63.7641307099	65.0354573009	63.8322724122	68.0556425272	46.8781722822	58.2428294667	61.4618556201	46.0424359326	38.6115725193	53.0679869527	55.2239097824	69.0805064807	60.4691891059	59.8580333273	36.5892322761	63.8131121713	60.9372126613	54.1872381093	47.9841173899	53.8549775823	53.924701626	60.385393667	47.273997203	57.4678164443	64.1834876201	66.0791086442	46.3211208227	62.703466673	70.5686482719	46.5372964157	94.2403082206	63.6347799804	62.0106502017	41.3494861645	61.2069508604	56.8703536363	56.5717930638	61.1875843909	60.6376135337
60.3312258583	59.4517772125	58.6867905277	58.7777707938	54.9288975418	60.4729898153	74.8639775275	68.5780778488	79.5893838672	58.8108936377	73.180399856	83.370886897	75.3686890303	71.9421361737	49.8967337192	79.4943660454	66.6639677411	67.9792553576	77.0201922291	72.9023856776	66.3730743857	73.0312948119	73.9320748421	73.0125023333	75.9917531529	71.7101086827	75.5011309517	63.4696418746	62.3311037298	68.6812381496	58.8626404075	79.0212843052	72.0095328082	55.93843951	66.3163781444	74.7691840345	81.9756371328	71.0795707823	76.9975733803	80.5181414782	72.4011122647	72.5184321196	77.6132435991	75.4013387623	53.3732834349	59.4693359376	62.9854837759	69.7912261366	54.5226311312	66.1924017959	67.3427771489	69.5400944368	73.2114847941	72.4263753695	42.7004814756	71.5825985984	76.6640549308	75.9943662298	66.0672073033	53.1271115005	76.8285454113	80.3182675673	63.7601015922	68.3978311135	67.121878075	79.704048758	66.8686427164	73.0332314733	76.1437655572	58.8395359868	63.6347799804	94.2403082206	73.9781873873	70.7578277666	71.711445404	74.9039327802	71.5874170569	60.0509785121	69.0065661634
64.7533934337	54.6331438209	48.0036188072	62.585818575	62.1441611297	60.6761409824	58.9237681887	57.9073549777	76.2177814882	68.7207140313	57.6877317295	71.0384647881	78.279823828	49.5425676212	50.6549527469	76.5571137358	61.7605585685	49.2786262195	75.2188437979	65.9153655586	66.4124020855	59.1581924169	46.3986297574	61.564214286	70.0046075844	63.2849307163	60.9479634615	45.3711317811	65.4217734921	63.2446005035	41.2763899374	75.9531464664	42.1806110158	53.3241179473	71.3194688247	73.54711482	74.1999835162	66.178972258	79.9571660376	68.0408444369	67.3119581245	82.0650954069	49.0622857228	76.9724321319	52.8359765852	49.4874723143	62.1460057067	73.8580556463	60.4504183169	65.4984052052	50.0007734566	69.6975727991	68.7963993497	65.1249014257	33.7308858469	55.8395820886	74.4634642225	48.8407830303	74.4416806238	67.0591643025	55.1086089414	81.2141209007	78.0367574735	51.3121141947	53.1696764504	71.8039555572	36.8704133608	56.1596931563	63.8237207103	39.1811376015	62.0106502017	73.9781873873	94.2403082206	38.1596121047	69.392066332	54.6573070546	63.2732786736	58.7752077932	63.635942395
32.441230915	38.828757855	43.2240095169	32.7728715517	33.9800353995	42.4361659737	60.1469931397	55.7448094593	50.1152680289	38.1560827725	58.5526191835	65.4768283891	40.1269652701	66.7221094491	38.8621780375	56.5064954533	42.2461819133	59.5113486458	44.7759687621	55.5027722081	42.7547160247	65.078537125	74.8165808916	60.392982069	60.6491842407	55.4651888504	64.8287978843	62.1613520886	42.6819791029	42.095039234	57.4183621357	54.3680631149	76.1239121716	37.6019932885	33.4265481723	54.018785181	55.3410680957	53.4198110827	47.527732889	64.8238271891	45.9520766337	36.6258041223	75.0889129087	44.4275700365	35.1730763993	44.9837566621	43.8550552017	35.8231695591	26.7130077434	43.9034573572	54.9633287593	53.4811672334	48.3380519893	61.8150841758	45.0377395938	58.1354114282	52.3971995226	70.4391619258	28.1077544051	25.570140286	70.2063643577	46.7989184622	23.6211338227	64.9512527513	60.5407904502	59.4094579878	71.9806267635	66.4384530334	59.0168062803	61.3689334768	41.3494861645	70.7578277666	38.1596121047	94.2403082206	48.6659717082	68.2817556039	53.0295216181	38.8353411081	53.1593297109
59.1536683585	58.389892045	47.9024360547	58.6330147277	75.2623293419	47.4450666131	68.4967895408	79.2913183063	68.7121819883	53.7307249164	59.1270290875	79.1611669584	69.1965443717	57.8698550251	49.6291246324	77.5473062505	57.0560066958	56.8126644391	69.040197067	62.793415278	59.0167718845	69.2689449566	54.8039778335	56.5309514128	79.811628103	55.6340152777	67.7014119263	53.0600212989	54.3436697573	66.0064798341	57.5466538455	73.2686844784	49.073434888	48.2948282014	63.159539268	70.5086925383	74.8854344624	71.3219441512	71.346564161	73.1817109556	71.3107403344	69.56946356	54.2453888028	68.0441911895	54.5752693402	52.1105569982	53.3207639422	63.8561316627	67.4293536267	77.6798243256	53.2066865505	70.1125802948	62.0124260348	66.3397216895	47.6714530716	64.8391276797	72.0905217326	55.8257590489	56.091213641	56.9301216808	50.259769939	73.6955279515	62.9821932558	59.4321656932	65.2797091898	79.3093171892	51.8195312298	73.2574497779	61.4216633348	51.0237208766	61.2069508604	71.711445404	69.392066332	48.6659717082	94.2403082206	67.7630637717	72.6908866995	57.4678525477	69.2521698161
57.2236493026	55.6913992632	54.2789400038	51.3133518145	43.2474701817	50.5195168782	78.4473298269	69.387878013	66.6647390336	46.2043032629	70.2524231034	81.4096350638	55.7918674842	65.8933002769	36.2592943584	72.8720241173	60.9266825961	59.4300730027	66.8166428895	67.024643056	58.696124244	73.3441068415	62.4540791687	57.8746431569	69.6285379648	64.7898624616	74.2900337367	64.0892002412	53.4245025366	59.7839674995	57.8255587553	73.4489513184	62.1980999529	45.9741825797	54.5687978817	68.2539537766	75.5618934227	64.7952685809	61.1438823621	76.6736735131	69.7645262177	58.427907285	68.5787771925	62.2095439647	49.2742142077	66.3407093515	52.8672329407	46.8722415866	49.2526184573	68.1442752732	65.8305980653	54.7007725921	53.6364909948	61.0157342785	45.3459311913	71.9470976662	60.265472076	60.1557770645	49.0547507007	43.8947289997	66.1162969439	64.6723974456	43.6409165778	61.5828292119	67.2553933899	78.1448391509	65.340524309	65.991825445	71.8114048537	55.8788943738	56.8703536363	74.9039327802	54.6573070546	68.2817556039	67.7630637717	94.2403082206	76.9683329029	51.6663217904	69.6093478667
56.3736512512	54.1886316783	48.75969378	52.6804301536	56.1942823624	51.703643505	70.0798631391	70.7045881172	68.3442743021	53.5419635212	63.1654923455	77.5183045033	65.432628138	59.5662442781	38.8568639045	70.8852893166	66.4418517959	47.6148902068	68.3699415377	59.2509842483	60.3542494166	69.915187	49.5075431819	54.4080960032	70.8750211931	66.0723421358	71.2166567878	60.381650125	51.8011179603	68.0503024362	56.5419881881	72.044283965	47.5224254597	43.3114834345	65.5860631843	74.1079790532	77.8618917386	67.2103168718	65.3944613504	75.8994827386	68.5799672627	71.6486757224	53.3316870506	67.3905850955	56.6759492897	60.7926526083	56.3004727964	57.1241093225	55.4182205005	68.2790295926	63.010161574	57.0906137202	58.8572718855	65.9830935917	49.8209615496	67.7454595556	63.758020139	46.1065539769	56.5642176995	54.2741750415	49.0742268531	73.1579006142	56.8345403499	58.760672681	63.251116249	75.1341721505	55.1616035341	61.2526142995	62.8051537115	53.6575465191	56.5717930638	71.5874170569	63.2732786736	53.0295216181	72.6908866995	76.9683329029	94.2403082206	54.896557252	71.0157614745
53.2203811243	51.8800891859	48.340228498	61.3313966526	44.699323048	54.6914591264	57.6269703735	47.2030811797	70.1527161617	50.7708387335	60.104047551	61.3425888779	57.1345227148	54.0571395775	50.2965096426	61.2534666182	64.8378431725	53.0835887829	61.7599376131	61.0736528462	64.6555703965	61.2658670407	48.6747549254	58.1633182349	53.6074897183	61.2805914021	54.3641452172	47.9815554275	59.1966728044	64.2924524406	38.8957794711	63.2561275252	49.0110614392	59.4804558398	62.6133575082	61.2834723577	65.925328004	54.543577155	63.2446093082	60.0634728693	54.0368602555	60.0974325591	53.9060316587	67.8121280196	44.8928927952	58.2051656125	60.4030153273	50.275678711	45.9428939928	53.596304173	52.2836636842	62.998461789	54.1877173533	49.0557022253	28.6301791681	56.0953936825	61.3498997248	52.2759208678	46.9642906145	52.7939193708	55.4035865136	59.1504416819	48.4666894288	53.719886326	50.7839232904	59.7978055028	36.4951647111	54.0600415889	68.1367039413	42.185163384	61.1875843909	60.0509785121	58.7752077932	38.8353411081	57.4678525477	51.6663217904	54.896557252	94.2403082206	55.2300878311
65.1641949845	54.9621773356	46.0398162855	60.0100085321	56.4438267897	54.8442721896	63.7886313094	65.334147378	70.9821373218	58.1187216676	65.128436744	71.1887693173	64.327564064	65.5584197924	39.124444269	72.3349444753	60.2240050643	49.0965269184	72.0121950553	67.2606912197	61.6567334977	68.6362129299	58.9344009062	68.2239482548	67.8733237091	63.2641381718	64.2849517306	57.0789724296	57.3882357029	65.2984619217	44.927654594	66.597709008	59.1258446622	49.0237535019	64.767091598	71.5926627389	67.8872079505	73.687412805	71.061431951	68.5222966315	62.0343416514	66.3654859016	59.5691182106	68.530543712	54.7805474971	67.1639918059	54.0545758422	55.3080774107	52.3963332939	65.2349670521	60.5551280212	67.6628537109	58.359524035	59.3224323457	41.0235823648	70.5234621818	62.5694621853	62.91046719	54.7487791956	56.3423000865	62.7395566686	64.5381224288	54.5346179158	55.9399276116	53.9015353149	69.7432234093	58.7711669248	72.944395496	64.6978581033	55.7271499566	60.6376135337	69.0065661634	63.635942395	53.1593297109	69.2521698161	69.6093478667	71.0157614745	55.2300878311	94.2403082206
Genotype stats (X^T * X): 	9.8137254902
Gene expression - Genotype stats (Y^T * X): 
-4.68738943384	-3.76986455382	-5.33290262233	-4.34123111213	-5.58133839475	-4.36315181811	-9.81561084278	-8.33937795243	-7.82072601947	-3.32718832362	-3.25291648802	-10.3210254469	-5.4188473807	-3.01119741918	-6.71130127878	-9.11040845741	-6.01990889944	-4.74934523891	-6.14176199656	-5.68263562532	-5.39896474758	-7.01435882049	-2.67732948491	-3.2886950752	-6.83289752121	-5.39471727759	-10.5422163605	-8.72069009335	-4.88459548715	-5.2107185306	-5.26063015334	-7.67742142518	-2.92273756468	-3.57178960488	-6.6717111004	-7.79881413916	-9.18887740226	-6.05012374653	-7.32705989892	-8.12511610532	-11.5190788659	-7.04260108968	-3.63822943189	-5.26741813704	-6.22972603676	-4.52949704632	-3.81795672272	-6.58907272903	-6.42999852579	-8.22685107062	-4.97489585294	-7.92243872332	-5.90366453759	-7.67595941784	-2.71863583409	-3.574806627	-5.19492323968	-1.46236958096	-6.74097191965	-5.59312188136	-3.67499616924	-8.63456813074	-6.20549091266	-3.44053460632	-8.03964569782	-10.9425156674	-2.02476739023	-6.31172195814	-4.67655908308	-2.91785898228	-7.62858997105	-6.51258944998	-6.15235644618	-2.35033265256	-7.01109526084	-9.64985726087	-7.98556761277	-2.99557174272	-4.20926464325