Tissue	braincerebellum
N_samples	102
Chr	12
Gene	ENSG00000067715.9
SNP	rs10778227
Gene_list	ENSG00000134308.9	ENSG00000132639.8	ENSG00000163032.7	ENSG00000139970.12	ENSG00000185787.10	ENSG00000067715.9	ENSG00000145335.11	ENSG00000165023.5	ENSG00000135549.10	ENSG00000084234.12	ENSG00000136854.13	ENSG00000145863.6	ENSG00000150625.12
Gene expression stats (Y^T * Y): 
94.2403082206	69.5824564231	73.3545136776	59.8713395872	65.011207987	61.8217996084	46.3506142096	37.4260450218	69.5113700799	56.0271027737	60.0515829675	44.1299156069	66.6593243675
69.5824564231	94.2403082206	79.7591523997	73.8698445588	74.6764061134	64.000945677	48.6130150357	56.4344315927	62.7842371643	57.4139506296	63.2139511532	53.2638290649	74.1675621928
73.3545136776	79.7591523997	94.2403082206	54.1185214149	52.9949216462	65.4033057984	49.3930415933	43.1125217862	65.8188785203	50.4744507068	77.2847030932	47.7199535783	61.4250305279
59.8713395872	73.8698445588	54.1185214149	94.2403082206	79.8456798637	59.3824515253	52.9490491862	56.3904472085	65.1591642663	52.8009034962	40.383136729	50.9957610656	73.8711863284
65.011207987	74.6764061134	52.9949216462	79.8456798637	94.2403082206	60.2936552874	45.9050191676	51.070910488	58.7604975214	56.8761341061	39.1803193333	47.7040655723	73.4626943426
61.8217996084	64.000945677	65.4033057984	59.3824515253	60.2936552874	94.2403082206	65.4059086829	63.2595581659	59.5614908113	63.761791695	57.6823109477	61.7499525682	63.3302069303
46.3506142096	48.6130150357	49.3930415933	52.9490491862	45.9050191676	65.4059086829	94.2403082206	46.6787190763	53.784728381	53.1262313366	42.3662203409	42.0809726604	49.1129154937
37.4260450218	56.4344315927	43.1125217862	56.3904472085	51.070910488	63.2595581659	46.6787190763	94.2403082206	40.6661619795	40.9806840679	28.6168954906	53.643690412	56.1552567491
69.5113700799	62.7842371643	65.8188785203	65.1591642663	58.7604975214	59.5614908113	53.784728381	40.6661619795	94.2403082206	40.0981386998	44.5281664272	57.3672927665	63.176855461
56.0271027737	57.4139506296	50.4744507068	52.8009034962	56.8761341061	63.761791695	53.1262313366	40.9806840679	40.0981386998	94.2403082206	41.9087089364	37.3126540532	50.4762691743
60.0515829675	63.2139511532	77.2847030932	40.383136729	39.1803193333	57.6823109477	42.3662203409	28.6168954906	44.5281664272	41.9087089364	94.2403082206	32.8466596761	43.7389363945
44.1299156069	53.2638290649	47.7199535783	50.9957610656	47.7040655723	61.7499525682	42.0809726604	53.643690412	57.3672927665	37.3126540532	32.8466596761	94.2403082206	61.2193563289
66.6593243675	74.1675621928	61.4250305279	73.8711863284	73.4626943426	63.3302069303	49.1129154937	56.1552567491	63.176855461	50.4762691743	43.7389363945	61.2193563289	94.2403082206
Genotype stats (X^T * X): 	45.0196078431
Gene expression - Genotype stats (Y^T * X): 
18.0802568491	22.4828936562	20.7571127826	23.3992501368	22.8732543454	21.5139553945	21.4660170179	9.39689084658	24.7069105803	14.4458410026	20.3352879486	13.9616076993	19.2670124814