Tissue	braincerebellum
N_samples	102
Chr	8
Gene	ENSG00000147459.13
SNP	rs56959876
Gene_list	ENSG00000103184.7	ENSG00000099308.6	ENSG00000183960.4	ENSG00000125810.9	ENSG00000147459.13	ENSG00000161896.6	ENSG00000179178.6	ENSG00000185634.7	ENSG00000065361.10	ENSG00000141338.9	ENSG00000104205.8	ENSG00000114541.10	ENSG00000123119.7	ENSG00000112893.5	ENSG00000172548.10	ENSG00000114757.14
Gene expression stats (Y^T * Y): 
94.2403082206	65.8746692839	66.3912391006	-43.7594556304	59.0730763462	46.6606791305	74.6343047189	47.0711748166	65.465615786	46.2479656491	55.3227629594	66.783524924	55.1659957937	69.9386233481	71.7671979596	59.5865373494
65.8746692839	94.2403082206	57.5127589178	-48.6041175704	62.3477789439	54.2922062689	65.9750714453	55.8589233103	58.5809976815	45.2288406757	43.8838324435	60.1836238955	48.4873483824	71.8405355386	61.6749635551	64.410478103
66.3912391006	57.5127589178	94.2403082206	-43.0680103272	57.6876192863	52.4359907863	58.0107343021	58.608259708	63.2816754934	43.7131312841	51.4021414225	60.5119944753	60.7316612647	68.967068024	61.3746354274	58.3686439067
-43.7594556304	-48.6041175704	-43.0680103272	94.2403082206	-56.6120579111	-43.4671365218	-37.0636721821	-37.6357739671	-40.0879583644	-39.2663833451	-43.4860782998	-43.9915341463	-50.9142095158	-45.6240069694	-39.4696042078	-49.626837997
59.0730763462	62.3477789439	57.6876192863	-56.6120579111	94.2403082206	60.7213036651	56.6050829379	68.2469174091	59.1801591381	58.3496435838	56.8712750074	57.2931116374	57.6706759998	68.6244341234	57.5161457828	63.1018344553
46.6606791305	54.2922062689	52.4359907863	-43.4671365218	60.7213036651	94.2403082206	50.4385784873	59.114830577	45.3071992378	40.9256072085	57.0889672931	42.8294331828	46.7810266941	57.8257809279	57.4358029825	57.8620767794
74.6343047189	65.9750714453	58.0107343021	-37.0636721821	56.6050829379	50.4385784873	94.2403082206	47.0879085473	71.5553682554	42.453553675	50.2534976873	61.526911958	50.7219164766	69.2384681207	67.0506446151	58.3161258336
47.0711748166	55.8589233103	58.608259708	-37.6357739671	68.2469174091	59.114830577	47.0879085473	94.2403082206	54.3602184619	52.673797957	46.9916106053	43.0688674244	46.6789603166	59.3376339064	51.7122658981	51.8285786833
65.465615786	58.5809976815	63.2816754934	-40.0879583644	59.1801591381	45.3071992378	71.5553682554	54.3602184619	94.2403082206	41.2987513859	42.4028636198	57.9547422834	49.7927311386	62.626358579	54.9125319059	56.7996124645
46.2479656491	45.2288406757	43.7131312841	-39.2663833451	58.3496435838	40.9256072085	42.453553675	52.673797957	41.2987513859	94.2403082206	38.2245741336	41.4571708109	43.9485463884	46.2974577906	43.8942363818	51.8060465506
55.3227629594	43.8838324435	51.4021414225	-43.4860782998	56.8712750074	57.0889672931	50.2534976873	46.9916106053	42.4028636198	38.2245741336	94.2403082206	48.0814814397	49.6022961862	54.2302568184	58.2399397969	51.8861731643
66.783524924	60.1836238955	60.5119944753	-43.9915341463	57.2931116374	42.8294331828	61.526911958	43.0688674244	57.9547422834	41.4571708109	48.0814814397	94.2403082206	54.8492522607	61.9296796668	61.5227671264	65.1512605542
55.1659957937	48.4873483824	60.7316612647	-50.9142095158	57.6706759998	46.7810266941	50.7219164766	46.6789603166	49.7927311386	43.9485463884	49.6022961862	54.8492522607	94.2403082206	56.3778887523	56.0643716488	48.6920306918
69.9386233481	71.8405355386	68.967068024	-45.6240069694	68.6244341234	57.8257809279	69.2384681207	59.3376339064	62.626358579	46.2974577906	54.2302568184	61.9296796668	56.3778887523	94.2403082206	62.3439201716	60.2804870342
71.7671979596	61.6749635551	61.3746354274	-39.4696042078	57.5161457828	57.4358029825	67.0506446151	51.7122658981	54.9125319059	43.8942363818	58.2399397969	61.5227671264	56.0643716488	62.3439201716	94.2403082206	54.9812535141
59.5865373494	64.410478103	58.3686439067	-49.626837997	63.1018344553	57.8620767794	58.3161258336	51.8285786833	56.7996124645	51.8060465506	51.8861731643	65.1512605542	48.6920306918	60.2804870342	54.9812535141	94.2403082206
Genotype stats (X^T * X): 	22.2102113431
Gene expression - Genotype stats (Y^T * X): 
-8.75343273052	-10.1867135694	-9.25232115853	7.63148334848	-15.2763821192	-7.7949354365	-1.11659049444	-10.4512329372	-2.20165152187	-12.8224699147	-7.56862304627	-8.72048236493	-5.62225624875	-9.58997341111	-8.44909751369	-6.24320524502