Tissue	skinsunexposedlowerleg
N_samples	299
Chr	2
Gene	ENSG00000185674.5
SNP	rs4851196
Gene_list	ENSG00000205867.2	ENSG00000196224.7	ENSG00000185940.9	ENSG00000173908.8	ENSG00000196859.3	ENSG00000108759.3	ENSG00000161850.2	ENSG00000170484.5	ENSG00000205186.2	ENSG00000185674.5
Gene expression stats (Y^T * Y): 
289.277195889	284.921672213	281.067907308	213.085259635	258.242526697	209.736126309	234.778946033	199.297804219	182.185462509	234.980579294
284.921672213	289.277195889	278.151767729	222.51795108	262.88608389	215.417693328	242.413865348	213.22300254	189.978746619	248.03412362
281.067907308	278.151767729	289.277195889	205.961150437	260.013111773	196.487135155	224.636263949	193.429506969	167.11670458	231.67718442
213.085259635	222.51795108	205.961150437	289.277195889	209.298012499	258.169129662	267.304070625	263.257859701	247.509799195	249.280276408
258.242526697	262.88608389	260.013111773	209.298012499	289.277195889	201.938346203	229.351790857	205.321171666	169.771106556	240.403516219
209.736126309	215.417693328	196.487135155	258.169129662	201.938346203	289.277195889	276.792343084	240.692847798	231.796168289	240.674699182
234.778946033	242.413865348	224.636263949	267.304070625	229.351790857	276.792343084	289.277195889	255.734463535	241.271156633	267.907497195
199.297804219	213.22300254	193.429506969	263.257859701	205.321171666	240.692847798	255.734463535	289.277195889	252.59261028	261.302579111
182.185462509	189.978746619	167.11670458	247.509799195	169.771106556	231.796168289	241.271156633	252.59261028	289.277195889	233.842640603
234.980579294	248.03412362	231.67718442	249.280276408	240.403516219	240.674699182	267.907497195	261.302579111	233.842640603	289.277195889
Genotype stats (X^T * X): 	119.839464883
Gene expression - Genotype stats (Y^T * X): 
-25.7863014446	-28.7434720405	-27.0125655053	-25.386584087	-21.9250954815	-25.3366934424	-27.3512244909	-29.6820061155	-23.1325170614	-31.4887381972