Tissue	adiposesubcutaneous
N_samples	295
Chr	1
Gene	ENSG00000243284.1
SNP	rs61821619
Gene_list	ENSG00000167968.8	ENSG00000178363.3	ENSG00000111291.4	ENSG00000204538.3	ENSG00000171446.6	ENSG00000221852.4	ENSG00000064195.7	ENSG00000170486.6	ENSG00000205186.2	ENSG00000159450.8	ENSG00000243284.1
Gene expression stats (Y^T * Y): 
285.302015061	124.03598952	179.564816216	135.917597461	105.236514302	168.914227868	216.64471013	216.421299799	136.785536906	111.221937696	200.096355352
124.03598952	285.302015061	248.958063802	271.909779484	254.130833702	121.734249984	204.097410076	96.6771476975	230.828204728	230.553838462	229.453591705
179.564816216	248.958063802	285.302015061	260.394217417	220.305224309	169.268927119	241.101652105	165.412507153	221.652387471	201.328875464	271.369918411
135.917597461	271.909779484	260.394217417	285.302015061	248.525667866	138.840251315	211.293295091	117.232409173	226.336443396	219.938990708	245.032043039
105.236514302	254.130833702	220.305224309	248.525667866	285.302015061	133.443870944	189.529895652	88.51500678	250.945125503	267.199348232	209.010682279
168.914227868	121.734249984	169.268927119	138.840251315	133.443870944	285.302015061	167.546580034	224.272822712	180.726636547	158.165510149	203.068711809
216.64471013	204.097410076	241.101652105	211.293295091	189.529895652	167.546580034	285.302015061	192.666255211	206.406884394	188.420690694	246.593769493
216.421299799	96.6771476975	165.412507153	117.232409173	88.51500678	224.272822712	192.666255211	285.302015061	130.571864753	100.825138345	199.950711661
136.785536906	230.828204728	221.652387471	226.336443396	250.945125503	180.726636547	206.406884394	130.571864753	285.302015061	264.421846604	227.49497482
111.221937696	230.553838462	201.328875464	219.938990708	267.199348232	158.165510149	188.420690694	100.825138345	264.421846604	285.302015061	200.905827057
200.096355352	229.453591705	271.369918411	245.032043039	209.010682279	203.068711809	246.593769493	199.950711661	227.49497482	200.905827057	285.302015061
Genotype stats (X^T * X): 	47.9591776068
Gene expression - Genotype stats (Y^T * X): 
16.0288764062	17.2198706285	22.6861657561	19.7805797502	15.4748249858	17.0568211247	19.9452217411	21.4279414322	16.7730383485	13.6258395932	23.4345134089