Tissue	adiposesubcutaneous
N_samples	295
Chr	16
Gene	ENSG00000133392.12
SNP	rs215033
Gene_list	ENSG00000130176.3	ENSG00000133392.12	ENSG00000125868.11	ENSG00000101335.5	ENSG00000198467.9	ENSG00000140416.15	ENSG00000163017.9	ENSG00000107796.8	ENSG00000149591.12	ENSG00000065534.14	ENSG00000122786.15	ENSG00000159176.9	ENSG00000163431.11	ENSG00000175084.7
Gene expression stats (Y^T * Y): 
285.302015061	249.623313851	224.629290066	218.804967928	222.808714526	202.226296613	257.753016638	200.362850173	184.905298734	225.474212051	188.895060231	219.319019355	185.009645271	233.615671457
249.623313851	285.302015061	239.891928444	217.150231209	249.141274216	209.300417262	250.125981721	235.320747805	207.788284089	209.332480414	189.909710684	246.055891704	194.562167455	237.666188099
224.629290066	239.891928444	285.302015061	210.380846573	224.792087848	215.525512267	209.438820527	221.248947546	208.86506156	201.227850789	214.461864659	228.078659619	195.842966277	182.367600039
218.804967928	217.150231209	210.380846573	285.302015061	221.265390482	189.344737976	207.094102028	202.196527029	199.776071132	199.534574471	185.034396554	217.790235391	176.00661947	177.218662964
222.808714526	249.141274216	224.792087848	221.265390482	285.302015061	218.623357774	238.410855064	242.428594055	229.191460704	191.933667591	187.199489771	249.435864031	187.511887933	210.777031491
202.226296613	209.300417262	215.525512267	189.344737976	218.623357774	285.302015061	203.900022081	220.077696011	205.706008927	206.72711532	192.468436985	218.425829242	174.705444127	174.11684933
257.753016638	250.125981721	209.438820527	207.094102028	238.410855064	203.900022081	285.302015061	226.018132075	192.372606116	210.341043246	177.827413319	237.462846299	155.310550808	243.907353653
200.362850173	235.320747805	221.248947546	202.196527029	242.428594055	220.077696011	226.018132075	285.302015061	240.864871391	170.981014935	177.820383543	264.788384381	139.727495269	172.378521985
184.905298734	207.788284089	208.86506156	199.776071132	229.191460704	205.706008927	192.372606116	240.864871391	285.302015061	155.2135475	170.548292487	239.050676992	164.894552237	146.818547172
225.474212051	209.332480414	201.227850789	199.534574471	191.933667591	206.72711532	210.341043246	170.981014935	155.2135475	285.302015061	224.617536355	183.092315998	196.76370789	187.160688396
188.895060231	189.909710684	214.461864659	185.034396554	187.199489771	192.468436985	177.827413319	177.820383543	170.548292487	224.617536355	285.302015061	181.895213252	173.980339802	135.584459989
219.319019355	246.055891704	228.078659619	217.790235391	249.435864031	218.425829242	237.462846299	264.788384381	239.050676992	183.092315998	181.895213252	285.302015061	159.294588144	194.601530082
185.009645271	194.562167455	195.842966277	176.00661947	187.511887933	174.705444127	155.310550808	139.727495269	164.894552237	196.76370789	173.980339802	159.294588144	285.302015061	156.593708321
233.615671457	237.666188099	182.367600039	177.218662964	210.777031491	174.11684933	243.907353653	172.378521985	146.818547172	187.160688396	135.584459989	194.601530082	156.593708321	285.302015061
Genotype stats (X^T * X): 	107.189711444
Gene expression - Genotype stats (Y^T * X): 
-27.615594192	-39.7086246416	-36.1167961285	-21.911040479	-21.9400865058	-23.2878823645	-19.6932597461	-28.932936509	-22.7648029625	-29.9082213477	-29.2680727559	-26.5047560886	-26.5200353366	-29.709449607