Tissue	adiposesubcutaneous
N_samples	295
Chr	11
Gene	ENSG00000149534.4
SNP	rs1286387
Gene_list	ENSG00000092009.6	ENSG00000255587.3	ENSG00000105366.11	ENSG00000105492.11	ENSG00000157404.11	ENSG00000149534.4	ENSG00000163751.3	ENSG00000127074.10	ENSG00000122188.8	ENSG00000196533.6	ENSG00000169224.8
Gene expression stats (Y^T * Y): 
285.302015061	139.599418225	144.531968191	140.516379674	169.649337259	171.901247935	194.89825328	176.873273598	152.303547692	143.51976603	175.082941934
139.599418225	285.302015061	135.018086401	160.806335348	213.53001303	173.345979516	171.547370528	170.160705069	161.729395358	200.101732893	163.269377354
144.531968191	135.018086401	285.302015061	175.942797185	157.519693979	189.560545235	157.893844309	164.892725408	140.144491009	170.10155622	169.664485106
140.516379674	160.806335348	175.942797185	285.302015061	180.400207209	185.727223668	173.479210304	141.606857898	164.929453839	187.193040931	168.66731604
169.649337259	213.53001303	157.519693979	180.400207209	285.302015061	189.633063761	206.961014435	175.952081069	167.655340606	198.576781938	171.637487658
171.901247935	173.345979516	189.560545235	185.727223668	189.633063761	285.302015061	188.588563615	190.283359556	179.366818865	183.028790102	186.999416334
194.89825328	171.547370528	157.893844309	173.479210304	206.961014435	188.588563615	285.302015061	170.170207743	153.337818001	205.5063869	164.859343356
176.873273598	170.160705069	164.892725408	141.606857898	175.952081069	190.283359556	170.170207743	285.302015061	157.450826887	186.907872709	188.152161522
152.303547692	161.729395358	140.144491009	164.929453839	167.655340606	179.366818865	153.337818001	157.450826887	285.302015061	149.536220172	194.229849502
143.51976603	200.101732893	170.10155622	187.193040931	198.576781938	183.028790102	205.5063869	186.907872709	149.536220172	285.302015061	160.793079195
175.082941934	163.269377354	169.664485106	168.66731604	171.637487658	186.999416334	164.859343356	188.152161522	194.229849502	160.793079195	285.302015061
Genotype stats (X^T * X): 	83.9001484271
Gene expression - Genotype stats (Y^T * X): 
-16.6849156879	-18.9236965759	-24.9266834597	-13.0497040249	-26.5921136491	-26.7161997417	-28.9213910753	-32.0372627226	-27.5418357997	-18.4541149597	-13.1285469337