Tissue	adiposesubcutaneous
N_samples	295
Chr	19
Gene	ENSG00000115268.5
SNP	rs12459408
Gene_list	ENSG00000115268.5	ENSG00000171863.8	ENSG00000130255.8	ENSG00000111678.6	ENSG00000161970.8	ENSG00000166441.8	ENSG00000144713.8	ENSG00000110700.2	ENSG00000105640.8	ENSG00000221983.3	ENSG00000134419.11	ENSG00000137154.8	ENSG00000174748.14	ENSG00000142676.8	ENSG00000198242.9	ENSG00000231500.2	ENSG00000124614.9	ENSG00000198755.6	ENSG00000125691.8	ENSG00000108298.5	ENSG00000105193.4	ENSG00000145592.9	ENSG00000131469.8	ENSG00000105372.2	ENSG00000142937.7	ENSG00000265681.2	ENSG00000105373.14	ENSG00000063177.8	ENSG00000142541.12	ENSG00000142534.2	ENSG00000213741.4	ENSG00000162244.6	ENSG00000123349.9	ENSG00000170889.9	ENSG00000143947.8	ENSG00000108107.8	ENSG00000229117.4	ENSG00000083845.4	ENSG00000171858.13	ENSG00000149806.6	ENSG00000137818.7	ENSG00000172809.8	ENSG00000149273.10	ENSG00000186468.8	ENSG00000167526.9	ENSG00000156482.6	ENSG00000114391.8	ENSG00000071082.6	ENSG00000109475.12	ENSG00000118181.6	ENSG00000136942.10	ENSG00000197958.8	ENSG00000112306.7	ENSG00000148303.12	ENSG00000104529.13	ENSG00000161016.11	ENSG00000164587.7	ENSG00000177954.7	ENSG00000182899.10	ENSG00000197756.5
Gene expression stats (Y^T * Y): 
285.302015061	191.531700907	252.946524807	172.064900611	184.809870379	217.050443989	227.970346084	188.557312789	255.145962716	217.47537287	220.154006155	187.489686516	189.263504157	214.360159987	210.666088989	174.119025567	240.592721843	191.511580322	201.514396624	237.310487339	253.023838908	220.948461992	233.025997235	228.490452934	218.963990207	209.827962676	177.316050079	249.748830097	233.12034704	234.53212776	228.005960501	219.180210169	180.866433958	230.41073567	212.113383682	216.200015817	230.791185898	225.032401444	250.573438311	236.786929888	242.909998158	242.801386993	210.579600144	219.6529277	256.294598205	190.448562241	204.604144503	212.153326067	202.305132314	197.060903344	253.658905852	202.641276796	206.782630198	207.494304777	210.411442139	207.13552455	208.642850927	192.059443898	211.574187077	239.041587585
191.531700907	285.302015061	203.038648392	122.691145393	216.91045178	195.896029155	233.499883294	210.733804127	192.410688692	179.816721803	229.19975235	220.908121236	192.620459037	221.48314233	226.823787108	187.799635053	203.1349386	192.473797298	228.845971035	213.580275304	206.808190302	195.546126306	240.867071422	184.638414465	208.202404445	217.293528004	128.280271515	191.000611368	187.333349404	195.844452334	206.969531299	210.188393155	176.840611812	172.719521438	217.514597297	149.80182547	202.989076188	194.061097008	206.814785272	182.909492219	172.59576102	209.430761122	205.306248619	211.078899021	175.550485734	204.794237666	223.216604338	217.464259594	209.779425053	211.534584261	212.738077618	196.225630301	206.841685821	211.269355978	169.673169097	182.658818574	175.133263186	151.735778015	212.501331038	218.373830402
252.946524807	203.038648392	285.302015061	150.217445206	193.139103031	217.026353997	234.520247096	192.168168377	252.046367264	221.502897413	225.941045936	206.703217663	195.822530903	223.000477717	226.235596151	190.310131801	242.807237724	201.398025629	214.958047242	241.204606689	250.032579692	237.809106619	229.785765856	241.294620303	223.111511915	224.316472705	171.314591348	241.112401451	238.480733105	231.593863052	227.793003733	225.359373022	177.793559683	227.015754195	220.200313978	214.235002822	238.067021153	219.310176549	245.061390595	230.605204547	230.637191178	244.236788269	217.457149826	214.490202341	247.702928198	195.55380938	208.790122069	224.257410356	202.0589373	188.31055618	251.438022864	217.644057359	216.530035316	216.141030032	214.343334491	221.479744742	203.389974153	190.421018728	212.56621807	243.014095356
172.064900611	122.691145393	150.217445206	285.302015061	124.178755878	146.828106035	162.834839004	145.465372217	153.663329372	130.813761456	152.787508549	117.795821745	110.071189928	152.509593467	141.626600965	122.540942187	165.293718832	132.795034126	120.356601264	167.042030606	152.394118862	147.558602868	166.4834243	126.312212958	137.17998207	138.45884133	143.981852369	180.081198715	144.65743945	173.046771655	150.449654037	149.369876972	139.529752089	127.837743419	156.883533655	99.3824768425	157.316843965	159.145735213	171.773533421	165.744158316	153.572167173	161.597778615	106.308130345	142.850912055	158.971105578	167.432827793	163.30599455	149.636766866	160.288902594	150.034104021	170.611730561	146.57501473	123.657821816	128.147370824	149.507883276	120.002132332	160.963017878	164.128360358	175.600818122	145.512966851
184.809870379	216.91045178	193.139103031	124.178755878	285.302015061	232.088123453	240.808704	243.847781935	195.700475227	180.331786855	252.442564399	243.20268987	216.015716724	246.601466466	238.73606613	205.468705216	209.264476781	223.334982119	224.695895379	231.27954408	189.535033054	197.722002467	227.162430967	167.738153335	240.798246903	248.840264819	141.785998171	214.299526534	183.826273096	212.801063682	217.518379323	206.921228362	217.904039409	171.434835567	245.158447333	173.406610293	223.655376045	206.479591995	201.198774774	163.99299858	174.802608892	199.566724817	218.17715661	224.659468909	188.555127703	243.828522726	247.054351746	227.139072248	251.865723912	242.563487787	199.039255481	217.702344159	217.982316284	224.042271987	141.611553064	181.948734868	189.261584434	232.759566872	242.49206902	204.084212834
217.050443989	195.896029155	217.026353997	146.828106035	232.088123453	285.302015061	228.579745665	216.579152846	214.039148998	181.146864421	238.704679714	196.538339457	181.643282607	216.024149002	220.303910995	209.636173626	236.993584461	207.833059145	180.909325967	239.453109313	201.931814716	200.814685928	230.580132402	214.364015855	233.667635516	229.277342308	151.724240252	233.298081915	199.813576441	230.952510348	225.274368044	194.199271311	234.624771772	206.288583082	240.01250649	188.060830373	225.477095419	215.192386174	231.588463801	194.129007109	223.052211199	203.176374332	221.799449795	214.684973199	221.820114054	216.729547798	226.997160492	213.31723584	246.231713235	214.790938143	230.115359019	219.871023592	210.481707346	204.294471387	163.444373265	188.929797214	196.034405042	237.596101838	235.299005214	200.282728338
227.970346084	233.499883294	234.520247096	162.834839004	240.808704	228.579745665	285.302015061	236.796090788	234.472021147	220.436608964	256.371606612	240.12702551	221.758069875	253.545351512	253.91218534	220.99093248	241.610717952	235.083679078	236.229305633	265.168328996	240.348634109	242.042105064	245.859423964	212.595891845	244.609582938	247.149224646	189.083597206	249.484118847	232.382591739	255.809921012	237.779325009	238.583943379	208.718221823	213.219532181	248.680970572	194.566780682	249.533778486	236.979800363	244.486114635	232.481627982	203.785692273	242.496517654	232.790563379	246.71827545	220.158151603	253.595167371	256.583786765	262.707010401	241.601903702	224.93070395	237.759911317	237.087942013	228.962501405	245.654036764	204.503160383	226.569430872	223.10086846	223.598914319	253.677602665	249.338136323
188.557312789	210.733804127	192.168168377	145.465372217	243.847781935	216.579152846	236.796090788	285.302015061	190.421451452	181.281642043	242.148383849	228.594422966	216.490386891	234.895722955	228.23943107	195.401339457	219.241409176	219.204442128	215.820555583	223.939412781	188.371263287	182.142203256	230.947790132	156.464111913	229.688679145	230.200787388	157.328861717	216.488600613	164.403511124	212.738576438	220.467126089	216.689420143	197.588879024	172.47615095	233.74654065	155.386267254	206.46651623	208.038274377	205.485700483	167.576005354	168.888806093	194.184684244	196.315962816	217.61187681	185.70084018	246.769528469	243.0794761	231.479658865	232.98408472	242.058321129	208.40423385	214.790366918	216.600221375	205.924251076	149.302069692	175.994685025	188.179725592	229.847874874	242.392657687	201.13091064
255.145962716	192.410688692	252.046367264	153.663329372	195.700475227	214.039148998	234.472021147	190.421451452	285.302015061	228.762307675	220.247628253	214.581058429	225.220832999	214.680899582	220.926192107	194.280708203	243.653625543	221.781293792	206.005229194	248.085327856	258.384380714	213.986404639	219.063172133	234.524530512	235.876095398	229.618662968	187.309951465	259.7154843	250.185697702	238.920914547	223.36147071	229.86490058	160.221087099	242.905206895	217.066654799	227.959894122	232.434246062	249.351999942	247.186968757	228.557223407	233.051043474	222.06326567	237.246225395	221.112247939	253.67692242	192.77572115	209.721497121	224.312590983	198.032385985	183.975772777	244.404879617	216.429008597	221.790662082	236.049496406	213.989207302	232.945404742	209.894532264	195.390879927	203.767684295	238.789681597
217.47537287	179.816721803	221.502897413	130.813761456	180.331786855	181.146864421	220.436608964	181.281642043	228.762307675	285.302015061	206.745041629	186.922416587	197.682915116	211.438136133	211.562190013	169.350065844	214.90621853	195.951010266	216.274495446	217.69873306	227.605572688	200.562829041	210.233987566	180.429142357	198.657087156	187.382555904	155.258551081	217.513774207	223.226864572	220.998339258	214.503330516	217.977765431	153.612261957	214.144115008	184.994689982	195.569044443	220.168409373	216.238381072	212.768710178	207.500022606	184.112640713	201.588151235	189.030029213	192.792596765	207.702810521	197.168614913	194.87759374	220.049862392	171.238903589	171.268918492	216.456956721	186.498542532	205.095603472	215.961940041	190.04159815	204.793454686	197.060764058	173.602522949	189.372151137	232.79283373
220.154006155	229.19975235	225.941045936	152.787508549	252.442564399	238.704679714	256.371606612	242.148383849	220.247628253	206.745041629	285.302015061	225.44532961	213.499093438	248.678742035	249.973991763	194.766139534	241.927586826	226.572345047	237.532866242	243.308080576	228.640121775	212.996289479	255.643117571	198.032341122	239.009904735	245.078265164	164.700128864	235.876419361	206.383984272	244.056768103	239.734583149	226.346673743	220.950357757	202.50533529	252.670959695	183.430902779	240.148562699	214.005253766	238.057646323	204.924751851	199.764879348	228.814284361	228.329862179	243.323382124	218.755974366	247.29002209	251.581483798	247.256509625	253.200214096	238.962887946	231.796463361	220.645809964	219.477548182	225.807880025	174.343030904	194.913763043	206.089997674	232.178839488	261.505191949	230.569996408
187.489686516	220.908121236	206.703217663	117.795821745	243.20268987	196.538339457	240.12702551	228.594422966	214.581058429	186.922416587	225.44532961	285.302015061	228.095527349	242.148194062	231.599670071	205.838668856	210.530911667	226.262261531	228.193382977	232.992079118	207.038406791	200.912972004	215.311425856	180.660005293	243.391812157	243.827288409	156.141815118	215.633517324	208.1150648	204.36669581	199.51809892	219.614638746	161.138012596	185.254358613	227.181465169	185.437653746	217.444720971	222.525054758	194.873928397	172.137907395	183.113251588	197.78996694	227.499588928	219.769384917	191.137051679	219.327775556	237.250948733	226.234058311	212.934781655	216.425883704	197.868382971	219.745410941	235.55593327	238.328223649	185.329481262	212.545885323	188.115358178	190.923110979	214.092898106	212.933285617
189.263504157	192.620459037	195.822530903	110.071189928	216.015716724	181.643282607	221.758069875	216.490386891	225.220832999	197.682915116	213.499093438	228.095527349	285.302015061	219.937530987	216.315150944	191.037280807	210.023126418	229.063653705	214.166498679	220.961867435	208.134300891	173.103630756	195.681475553	156.645886529	234.6611387	216.520369472	178.23408802	222.001934876	193.997370314	205.183872899	190.756610232	224.186607075	131.056866773	201.0272691	196.254719931	182.48911997	196.528927758	220.562304522	193.002695073	175.488109774	161.135635235	180.617540829	221.400210414	209.197632916	204.691673972	204.64280223	216.833121829	231.847585996	183.438529311	194.387254603	189.492413522	195.321657859	206.019642368	238.1879469	160.322720187	210.051209264	181.392601889	188.994074635	195.52081701	207.335066126
214.360159987	221.48314233	223.000477717	152.509593467	246.601466466	216.024149002	253.545351512	234.895722955	214.680899582	211.438136133	248.678742035	242.148194062	219.937530987	285.302015061	240.051304558	207.684027596	221.760208679	220.033938594	244.420790578	247.774323388	217.061186329	227.032096452	232.856519831	172.997349855	233.797073803	234.845705927	184.149004381	229.698231459	212.027737655	228.49897705	223.905174446	245.757133439	209.124561909	190.191961791	232.224696007	173.890758121	243.698985582	217.967282553	208.007285968	203.529757147	182.328118612	234.968132326	209.925798824	223.846942159	206.891358544	253.139688527	249.945620278	242.271791312	229.537123159	241.59528687	218.399231353	224.851182749	230.332397325	236.564749112	188.593755312	200.842544307	215.505165477	218.85298793	243.543936289	240.857549051
210.666088989	226.823787108	226.235596151	141.626600965	238.73606613	220.303910995	253.91218534	228.23943107	220.926192107	211.562190013	249.973991763	231.599670071	216.315150944	240.051304558	285.302015061	200.070271694	231.824882627	225.563643451	242.849616451	249.514199317	236.290945253	219.695884946	240.777188375	194.406402888	237.319745127	235.852728308	162.360916059	222.739517053	219.37289678	235.936975871	215.170212653	227.623866019	182.839067112	198.118761741	241.94020216	171.802064977	237.734306925	216.385187107	228.047033632	211.58330944	197.903314001	225.838957606	223.322983945	240.552486207	206.17651929	235.458868428	233.862642782	248.705284584	224.454842993	220.553150254	216.974735074	211.580060464	223.814315461	233.560763232	197.798274057	212.538422065	202.840465376	207.961325165	234.247802787	243.240107734
174.119025567	187.799635053	190.310131801	122.540942187	205.468705216	209.636173626	220.99093248	195.401339457	194.280708203	169.350065844	194.766139534	205.838668856	191.037280807	207.684027596	200.070271694	285.302015061	205.763804214	204.891155563	183.130302151	224.297291652	173.608529235	203.943210471	195.397414173	191.795660424	224.160869655	213.844561539	129.354333958	204.398503356	198.308126458	200.551869597	201.99668297	192.620842061	181.672445484	186.47621843	208.776715319	183.726703317	213.949578105	210.549994452	186.454942353	170.405943093	183.277591832	178.158399403	208.49156307	200.294913429	173.448014024	194.979940323	206.460562414	216.608208488	197.348053407	176.481231013	193.253724543	217.351064935	224.114953025	220.01577153	146.021758189	197.38238603	179.035136644	181.529643784	197.384123583	197.410661453
240.592721843	203.1349386	242.807237724	165.293718832	209.264476781	236.993584461	241.610717952	219.241409176	243.653625543	214.90621853	241.927586826	210.530911667	210.023126418	221.760208679	231.824882627	205.763804214	285.302015061	222.458208373	207.812132062	250.906862328	239.234931882	218.856158009	246.665950448	235.005080968	236.885872331	238.194032662	161.47450267	248.141230371	228.770098522	246.043268719	241.477432372	219.808662382	189.91070485	230.383611731	241.894730385	208.158526186	237.201625182	240.287089534	254.003382447	223.983455873	235.477707844	223.270384836	234.642612678	238.002899283	237.081134951	214.429019044	227.02751013	237.81685981	221.718236587	202.331171416	249.447747585	215.44975747	232.61104901	229.464914644	198.888464585	214.595832965	212.660691585	223.033302688	233.060801371	230.150793495
191.511580322	192.473797298	201.398025629	132.795034126	223.334982119	207.833059145	235.083679078	219.204442128	221.781293792	195.951010266	226.572345047	226.262261531	229.063653705	220.033938594	225.563643451	204.891155563	222.458208373	285.302015061	198.557022674	237.466405094	211.276652472	198.692783569	202.100997121	187.598179664	250.74951572	239.009862045	160.702626433	236.014346006	218.225213056	221.970400538	212.250962841	207.623417816	166.865339073	203.633084999	232.230163974	184.676461631	234.050669533	236.706937544	201.955071661	199.316160547	183.080396111	184.684256403	234.369090048	226.371977829	200.519791693	214.742594921	239.694458387	231.210552893	206.771691654	206.257694484	200.643076618	226.89769631	223.335603073	242.596565287	176.058424382	220.924912376	198.264698486	215.134099701	222.108717686	209.905171723
201.514396624	228.845971035	214.958047242	120.356601264	224.695895379	180.909325967	236.229305633	215.820555583	206.005229194	216.274495446	237.532866242	228.193382977	214.166498679	244.420790578	242.849616451	183.130302151	207.812132062	198.557022674	285.302015061	224.10792736	223.607736486	215.130820306	239.796280953	164.187054186	210.947227128	220.28854541	142.323356361	199.913921785	202.13237967	207.957187954	221.099275951	230.43796905	162.693181855	182.827127148	205.994760461	177.556590959	223.632221019	196.863261055	200.100863413	185.469609137	176.681316951	223.195326077	201.613566998	224.916263476	191.774331114	222.94943698	217.626643687	239.847272911	199.477396275	213.564948886	207.833122063	196.422901739	225.44811302	222.944665633	174.873867192	185.822392098	190.900872405	167.686963304	216.686406483	243.992838631
237.310487339	213.580275304	241.204606689	167.042030606	231.27954408	239.453109313	265.168328996	223.939412781	248.085327856	217.69873306	243.308080576	232.992079118	220.961867435	247.774323388	249.514199317	224.297291652	250.906862328	237.466405094	224.10792736	285.302015061	245.10635622	247.633665041	236.910398619	230.546592288	249.665486647	249.942220103	191.102051187	259.843896271	249.399086149	254.50511195	237.029725001	232.140443669	205.13164944	224.547760806	249.511217661	207.96609689	254.076184937	250.570237694	246.003578538	238.706789248	229.565929963	239.639057952	239.515730484	245.449329368	231.417444418	236.497981581	243.648273926	251.89169785	232.871542896	215.80473202	237.645357357	240.937612814	241.422280233	251.85951245	219.040697992	235.192327212	231.930996407	228.66234102	240.555429966	245.955913597
253.023838908	206.808190302	250.032579692	152.394118862	189.535033054	201.931814716	240.348634109	188.371263287	258.384380714	227.605572688	228.640121775	207.038406791	208.134300891	217.061186329	236.290945253	173.608529235	239.234931882	211.276652472	223.607736486	245.10635622	285.302015061	221.242425197	232.539875958	227.071345927	223.496610874	216.869640858	180.470835848	246.097951959	249.645996964	241.106180498	218.494165144	221.693595577	150.385225078	229.355973572	215.972083944	203.135359397	236.114078526	226.803222411	252.775769351	246.233393743	225.574314005	241.610312218	227.310840368	235.970946882	240.125760676	199.642146913	210.261199861	230.053254859	193.645369778	185.57445569	236.641514294	202.84368474	208.384336063	231.344114171	228.417995262	228.524587685	213.71713778	181.317067747	211.010854711	254.71264343
220.948461992	195.546126306	237.809106619	147.558602868	197.722002467	200.814685928	242.042105064	182.142203256	213.986404639	200.562829041	212.996289479	200.912972004	173.103630756	227.032096452	219.695884946	203.943210471	218.856158009	198.692783569	215.130820306	247.633665041	221.242425197	285.302015061	211.146652056	225.562466254	207.279509455	223.822570429	142.506117795	214.777143835	238.34311597	223.54102447	224.751840873	199.688017586	189.819257924	198.705250605	225.657622352	196.271843066	251.037563842	204.642661763	219.376915489	234.053389566	211.352929821	249.663107654	197.769920281	228.262811738	200.234722171	210.449457626	204.850720917	225.660719857	200.780011031	173.365346799	217.030407676	222.684493532	221.282026427	214.230076454	198.125120253	203.992550323	217.892360529	179.643082802	210.769493047	242.441535501
233.025997235	240.867071422	229.785765856	166.4834243	227.162430967	230.580132402	245.859423964	230.947790132	219.063172133	210.233987566	255.643117571	215.311425856	195.681475553	232.856519831	240.777188375	195.397414173	246.665950448	202.100997121	239.796280953	236.910398619	232.539875958	211.146652056	285.302015061	203.123841298	226.151205746	228.23366539	137.514074273	228.865908152	204.519416193	234.212201288	248.349332503	226.901980497	200.977395053	202.936267284	235.849887306	183.238540692	230.887237022	217.826103708	242.733638321	209.22191941	221.29027661	230.579007363	211.49613818	232.013045176	220.589772272	227.473975978	234.462778912	239.97386575	238.091179227	224.997494045	250.29050201	210.252322606	226.672028991	214.43840183	173.372322848	188.995069216	204.258216542	200.097465185	246.702911454	232.997440702
228.490452934	184.638414465	241.294620303	126.312212958	167.738153335	214.364015855	212.595891845	156.464111913	234.524530512	180.429142357	198.032341122	180.660005293	156.645886529	172.997349855	194.406402888	191.795660424	235.005080968	187.598179664	164.187054186	230.546592288	227.071345927	225.562466254	203.123841298	285.302015061	208.053240484	219.524843225	132.723550731	223.59700804	236.943296001	215.115347281	217.57281443	173.497559417	172.472027481	226.325358285	223.113302529	215.904549345	220.439363321	215.997019046	237.527625639	216.235037111	244.530128092	213.989677883	226.726533673	209.953974504	220.878015079	153.840735267	180.306340718	192.095470977	190.866905199	147.541622776	235.435692209	199.965469591	212.84179373	202.621170443	200.383809438	207.198583936	188.533203679	169.032849363	186.720087319	209.73667033
218.963990207	208.202404445	223.111511915	137.17998207	240.798246903	233.667635516	244.609582938	229.688679145	235.876095398	198.657087156	239.009904735	243.391812157	234.6611387	233.797073803	237.319745127	224.160869655	236.885872331	250.74951572	210.947227128	249.665486647	223.496610874	207.279509455	226.151205746	208.053240484	285.302015061	250.644444566	169.864256948	247.741846811	222.460119882	238.92166552	221.117020215	221.565767336	189.933840677	219.735838684	243.8270745	203.192720892	234.773867325	237.943546516	220.132826614	198.603607836	204.331654921	201.412730596	248.839504787	230.043856617	229.530827325	214.177620051	249.84202041	239.284641741	232.994887771	223.515129236	227.963318614	233.024959045	233.436928122	245.440747101	183.173106876	231.018172912	200.927158121	225.886835653	233.344521228	215.699164369
209.827962676	217.293528004	224.316472705	138.45884133	248.840264819	229.277342308	247.149224646	230.200787388	229.618662968	187.382555904	245.078265164	243.827288409	216.520369472	234.845705927	235.852728308	213.844561539	238.194032662	239.009862045	220.28854541	249.942220103	216.869640858	223.822570429	228.23366539	219.524843225	250.644444566	285.302015061	153.537982446	238.474640748	222.521489457	223.930680446	228.598134951	213.469483092	201.148528692	204.745721492	256.462901202	209.688312619	236.890532558	228.225569979	221.396898905	196.974417107	213.007062699	218.138892114	242.777020908	243.163455978	211.478387555	227.377936325	243.022151191	235.629620031	237.6269119	221.573385921	221.639162476	232.631855328	236.531380611	236.091990818	184.332887786	212.416768887	201.948214047	222.00118005	240.17813189	218.72713084
177.316050079	128.280271515	171.314591348	143.981852369	141.785998171	151.724240252	189.083597206	157.328861717	187.309951465	155.258551081	164.700128864	156.141815118	178.23408802	184.149004381	162.360916059	129.354333958	161.47450267	160.702626433	142.323356361	191.102051187	180.470835848	142.506117795	137.514074273	132.723550731	169.864256948	153.537982446	285.302015061	199.369010604	173.975715534	190.365055714	126.865102277	178.528754243	133.10782126	162.668197221	161.88079824	112.877225374	145.897894302	166.957223395	168.372051896	176.848850263	126.068245324	168.389334732	164.200681141	153.296772215	188.579249142	174.439264615	177.874563624	178.982309464	159.306978315	158.977631239	155.405535117	159.942902431	127.429743782	166.360996396	193.263178623	180.40327421	157.903181015	170.549308657	172.485809008	159.560306398
249.748830097	191.000611368	241.112401451	180.081198715	214.299526534	233.298081915	249.484118847	216.488600613	259.7154843	217.513774207	235.876419361	215.633517324	222.001934876	229.698231459	222.739517053	204.398503356	248.141230371	236.014346006	199.913921785	259.843896271	246.097951959	214.777143835	228.865908152	223.59700804	247.741846811	238.474640748	199.369010604	285.302015061	240.708107787	253.064235044	236.995063738	229.389696736	190.726356501	237.046328828	231.680500724	222.31548569	240.336769777	252.142297623	250.674856936	237.367143987	229.522821519	225.189179693	237.072630545	228.5818612	247.35960752	219.684248563	238.325941395	237.762361729	225.899971971	210.28428545	243.73759116	231.408207481	218.759585673	237.301648968	206.887320415	232.483867659	224.117065187	231.958994623	237.776513323	232.034473351
233.12034704	187.333349404	238.480733105	144.65743945	183.826273096	199.813576441	232.382591739	164.403511124	250.185697702	223.226864572	206.383984272	208.1150648	193.997370314	212.027737655	219.37289678	198.308126458	228.770098522	218.225213056	202.13237967	249.399086149	249.645996964	238.34311597	204.519416193	236.943296001	222.460119882	222.521489457	173.975715534	240.708107787	285.302015061	235.463343762	207.59736842	209.854192936	161.019659152	231.200953894	215.463940525	219.010642044	245.137783333	234.703563328	228.566347883	237.623898538	232.737358527	221.643350378	234.37000465	225.721776413	221.628528553	186.510337737	197.697828446	226.374072573	186.097607599	165.554798708	214.581481876	219.657230305	222.546403412	243.420794888	233.615448117	235.586539454	211.097237201	174.736665644	200.286813341	242.125346581
234.53212776	195.844452334	231.593863052	173.046771655	212.801063682	230.952510348	255.809921012	212.738576438	238.920914547	220.998339258	244.056768103	204.36669581	205.183872899	228.49897705	235.936975871	200.551869597	246.043268719	221.970400538	207.957187954	254.50511195	241.106180498	223.54102447	234.212201288	215.115347281	238.92166552	223.930680446	190.365055714	253.064235044	235.463343762	285.302015061	228.650404678	218.944280066	199.483004868	223.323618332	237.361981029	188.074601101	241.961861577	230.837462384	252.991066362	236.170980755	209.708022047	223.767277726	228.60141607	228.217135906	233.481609532	229.584363289	237.973395486	249.881806228	229.515117027	206.909241228	235.512207417	215.461219639	206.885673379	232.969681123	202.424339937	223.478787893	221.740324639	232.50500069	242.789022087	235.77200878
228.005960501	206.969531299	227.793003733	150.449654037	217.518379323	225.274368044	237.779325009	220.467126089	223.36147071	214.503330516	239.734583149	199.51809892	190.756610232	223.905174446	215.170212653	201.99668297	241.477432372	212.250962841	221.099275951	237.029725001	218.494165144	224.751840873	248.349332503	217.57281443	221.117020215	228.598134951	126.865102277	236.995063738	207.59736842	228.650404678	285.302015061	214.06821632	206.289474974	216.593260465	231.160431772	218.244134061	245.930052564	225.163449975	238.517219564	219.598386929	221.191429529	228.54798771	205.967826944	224.388612224	213.101139176	222.95381113	224.713398781	225.779142833	222.93487362	211.458721215	245.203385348	218.822383326	238.488057968	210.697101264	154.207512062	186.232406716	209.929782726	206.612232448	233.902241058	231.652393759
219.180210169	210.188393155	225.359373022	149.369876972	206.921228362	194.199271311	238.583943379	216.689420143	229.86490058	217.977765431	226.346673743	219.614638746	224.186607075	245.757133439	227.623866019	192.620842061	219.808662382	207.623417816	230.43796905	232.140443669	221.693595577	199.688017586	226.901980497	173.497559417	221.565767336	213.469483092	178.528754243	229.389696736	209.854192936	218.944280066	214.06821632	285.302015061	170.806152208	201.181276794	198.261448821	187.040358238	222.53650777	225.528117177	206.338819995	202.435697696	185.8617426	212.133855183	199.814225841	203.15406316	215.445402501	223.682865774	223.478477161	236.190395311	192.125612319	208.539722183	221.096869478	212.155090309	221.720941449	232.522924688	188.132096747	199.549028348	200.042147606	184.176853017	216.94256848	233.867990063
180.866433958	176.840611812	177.793559683	139.529752089	217.904039409	234.624771772	208.718221823	197.588879024	160.221087099	153.612261957	220.950357757	161.138012596	131.056866773	209.124561909	182.839067112	181.672445484	189.91070485	166.865339073	162.693181855	205.13164944	150.385225078	189.819257924	200.977395053	172.472027481	189.933840677	201.148528692	133.10782126	190.726356501	161.019659152	199.483004868	206.289474974	170.806152208	285.302015061	161.02494154	222.730321828	147.505594068	201.872434848	170.048916985	191.439370423	166.002414736	171.143694217	191.639079415	166.415163206	179.561587129	173.844910281	212.335288255	212.436383831	188.113271254	239.064624994	213.056647904	199.160225818	198.440350814	179.681967178	158.868423221	119.543558663	132.623531638	174.826050431	213.563265961	229.776004492	166.780579545
230.41073567	172.719521438	227.015754195	127.837743419	171.434835567	206.288583082	213.219532181	172.47615095	242.905206895	214.144115008	202.50533529	185.254358613	201.0272691	190.191961791	198.118761741	186.47621843	230.383611731	203.633084999	182.827127148	224.547760806	229.355973572	198.705250605	202.936267284	226.325358285	219.735838684	204.745721492	162.668197221	237.046328828	231.200953894	223.323618332	216.593260465	201.181276794	161.02494154	285.302015061	197.73251833	220.346481734	214.635174542	219.530251402	224.880463743	207.8348347	220.076207861	198.381455762	225.474003943	203.927546264	229.537541425	165.387231148	189.049206068	207.152700183	182.750674441	160.843725529	229.060739223	209.182757956	210.887694571	215.468747478	187.5778636	214.578110993	189.610825514	174.430400186	191.914646641	213.992252496
212.113383682	217.514597297	220.200313978	156.883533655	245.158447333	240.01250649	248.680970572	233.74654065	217.066654799	184.994689982	252.670959695	227.181465169	196.254719931	232.224696007	241.94020216	208.776715319	241.894730385	232.230163974	205.994760461	249.511217661	215.972083944	225.657622352	235.849887306	223.113302529	243.8270745	256.462901202	161.88079824	231.680500724	215.463940525	237.361981029	231.160431772	198.261448821	222.730321828	197.73251833	285.302015061	177.087455876	240.510411534	223.848225524	236.548767064	213.168732644	210.731826452	223.946510936	226.217787465	244.05597195	207.713837157	236.25728609	246.849188251	233.280660587	252.865801389	226.580194977	226.389851577	221.922073383	226.511540829	220.577870805	183.454705254	203.983645427	211.069423119	234.458027607	251.981645289	213.854128912
216.200015817	149.80182547	214.235002822	99.3824768425	173.406610293	188.060830373	194.566780682	155.386267254	227.959894122	195.569044443	183.430902779	185.437653746	182.48911997	173.890758121	171.802064977	183.726703317	208.158526186	184.676461631	177.556590959	207.96609689	203.135359397	196.271843066	183.238540692	215.904549345	203.192720892	209.688312619	112.877225374	222.31548569	219.010642044	188.074601101	218.244134061	187.040358238	147.505594068	220.346481734	177.087455876	285.302015061	210.352608986	204.59498248	200.425290828	183.488311259	223.714093171	187.200222039	211.22944127	195.920466076	204.356956661	151.5509335	161.471430906	184.268698911	160.201563492	140.83781696	205.011711503	194.750764419	210.348966177	205.406112709	161.366339294	197.771066448	165.445913038	155.990436023	166.083803984	202.278102615
230.791185898	202.989076188	238.067021153	157.316843965	223.655376045	225.477095419	249.533778486	206.46651623	232.434246062	220.168409373	240.148562699	217.444720971	196.528927758	243.698985582	237.734306925	213.949578105	237.201625182	234.050669533	223.632221019	254.076184937	236.114078526	251.037563842	230.887237022	220.439363321	234.773867325	236.890532558	145.897894302	240.336769777	245.137783333	241.961861577	245.930052564	222.53650777	201.872434848	214.635174542	240.510411534	210.352608986	285.302015061	231.793634539	230.72661674	241.972016827	223.306753431	242.634764672	221.189670155	239.728607069	217.353675883	229.483633889	230.632729381	234.245347976	217.181832795	205.741584418	227.122959955	230.66960115	239.113532095	239.473118914	196.764686744	216.832701639	226.485644569	211.266278862	234.685853865	254.422134416
225.032401444	194.061097008	219.310176549	159.145735213	206.479591995	215.192386174	236.979800363	208.038274377	249.351999942	216.238381072	214.005253766	222.525054758	220.562304522	217.967282553	216.385187107	210.549994452	240.287089534	236.706937544	196.863261055	250.570237694	226.803222411	204.642661763	217.826103708	215.997019046	237.943546516	228.225569979	166.957223395	252.142297623	234.703563328	230.837462384	225.163449975	225.528117177	170.048916985	219.530251402	223.848225524	204.59498248	231.793634539	285.302015061	226.919327401	215.151028955	217.85829186	198.250774503	225.850258712	210.925074989	221.666159258	206.816131131	226.851983066	224.725096499	198.167912125	192.791678876	229.050151036	218.040460838	238.8116197	242.459139717	203.825123152	227.693783695	212.98869217	204.020700248	206.879790388	220.019883122
250.573438311	206.814785272	245.061390595	171.773533421	201.198774774	231.588463801	244.486114635	205.485700483	247.186968757	212.768710178	238.057646323	194.873928397	193.002695073	208.007285968	228.047033632	186.454942353	254.003382447	201.955071661	200.100863413	246.003578538	252.775769351	219.376915489	242.733638321	237.527625639	220.132826614	221.396898905	168.372051896	250.674856936	228.566347883	252.991066362	238.517219564	206.338819995	191.439370423	224.880463743	236.548767064	200.425290828	230.72661674	226.919327401	285.302015061	239.340925127	239.451942153	234.942977562	225.051577549	234.827114974	237.966846087	209.197958601	214.329541122	232.353772007	225.941928333	197.510724153	245.849375942	210.138149098	202.387344098	212.169312784	202.225833417	211.229387333	219.029701051	213.80772896	232.162473983	237.913081198
236.786929888	182.909492219	230.605204547	165.744158316	163.99299858	194.129007109	232.481627982	167.576005354	228.557223407	207.500022606	204.924751851	172.137907395	175.488109774	203.529757147	211.58330944	170.405943093	223.983455873	199.316160547	185.469609137	238.706789248	246.233393743	234.053389566	209.22191941	216.235037111	198.603607836	196.974417107	176.848850263	237.367143987	237.623898538	236.170980755	219.598386929	202.435697696	166.002414736	207.8348347	213.168732644	183.488311259	241.972016827	215.151028955	239.340925127	285.302015061	212.017282456	245.074048288	191.521745762	218.112260145	214.309156556	201.559774187	203.290578619	218.365224237	182.442194445	167.893519423	219.713333661	196.159414285	188.508034751	207.612087943	214.969989429	221.499184701	225.133660132	180.64009125	207.511311221	240.349601179
242.909998158	172.59576102	230.637191178	153.572167173	174.802608892	223.052211199	203.785692273	168.888806093	233.051043474	184.112640713	199.764879348	183.113251588	161.135635235	182.328118612	197.903314001	183.277591832	235.477707844	183.080396111	176.681316951	229.565929963	225.574314005	211.352929821	221.29027661	244.530128092	204.331654921	213.007062699	126.068245324	229.522821519	232.737358527	209.708022047	221.191429529	185.8617426	171.143694217	220.076207861	210.731826452	223.714093171	223.306753431	217.85829186	239.451942153	212.017282456	285.302015061	217.720087051	214.348395442	221.099083853	223.430249388	167.109789802	174.26562017	194.688329248	196.538978174	169.983151857	226.195376525	205.585200541	220.101926222	196.420552451	196.61866168	184.885117465	194.696192555	174.756198166	198.673562421	214.611136203
242.801386993	209.430761122	244.236788269	161.597778615	199.566724817	203.176374332	242.496517654	194.184684244	222.06326567	201.588151235	228.814284361	197.78996694	180.617540829	234.968132326	225.838957606	178.158399403	223.270384836	184.684256403	223.195326077	239.639057952	241.610312218	249.663107654	230.579007363	213.989677883	201.412730596	218.138892114	168.389334732	225.189179693	221.643350378	223.767277726	228.54798771	212.133855183	191.639079415	198.381455762	223.946510936	187.200222039	242.634764672	198.250774503	234.942977562	245.074048288	217.720087051	285.302015061	192.92581172	231.912448729	212.573859789	220.933264726	215.59949479	219.111022028	212.010520968	203.750443233	229.442833909	204.066437497	208.309159141	205.383088552	204.060036162	192.062603627	213.33625866	182.291616118	224.970283739	248.12644642
210.579600144	205.306248619	217.457149826	106.308130345	218.17715661	221.799449795	232.790563379	196.315962816	237.246225395	189.030029213	228.329862179	227.499588928	221.400210414	209.925798824	223.322983945	208.49156307	234.642612678	234.369090048	201.613566998	239.515730484	227.310840368	197.769920281	211.49613818	226.726533673	248.839504787	242.777020908	164.200681141	237.072630545	234.37000465	228.60141607	205.967826944	199.814225841	166.415163206	225.474003943	226.217787465	211.22944127	221.189670155	225.850258712	225.051577549	191.521745762	214.348395442	192.92581172	285.302015061	231.251500338	219.609804932	182.250372011	216.89725284	227.218947322	213.109791503	192.408853014	212.008334926	217.28143347	220.631272371	245.560116601	194.173410556	226.563446815	186.791007757	195.175776699	211.879285988	217.282573406
219.6529277	211.078899021	214.490202341	142.850912055	224.659468909	214.684973199	246.71827545	217.61187681	221.112247939	192.792596765	243.323382124	219.769384917	209.197632916	223.846942159	240.552486207	200.294913429	238.002899283	226.371977829	224.916263476	245.449329368	235.970946882	228.262811738	232.013045176	209.953974504	230.043856617	243.163455978	153.296772215	228.5818612	225.721776413	228.217135906	224.388612224	203.15406316	179.561587129	203.927546264	244.05597195	195.920466076	239.728607069	210.925074989	234.827114974	218.112260145	221.099083853	231.912448729	231.251500338	285.302015061	203.267948218	224.537134847	224.511256829	239.484214856	223.917178056	205.268604139	210.752956415	213.963999654	224.142086874	225.485043111	192.237101349	199.922021764	207.989475735	202.507895229	241.12220078	236.992370142
256.294598205	175.550485734	247.702928198	158.971105578	188.555127703	221.820114054	220.158151603	185.70084018	253.67692242	207.702810521	218.755974366	191.137051679	204.691673972	206.891358544	206.17651929	173.448014024	237.081134951	200.519791693	191.774331114	231.417444418	240.125760676	200.234722171	220.589772272	220.878015079	229.530827325	211.478387555	188.579249142	247.35960752	221.628528553	233.481609532	213.101139176	215.445402501	173.844910281	229.537541425	207.713837157	204.356956661	217.353675883	221.666159258	237.966846087	214.309156556	223.430249388	212.573859789	219.609804932	203.267948218	285.302015061	181.666767113	206.475266104	210.322642809	204.373240122	184.400773588	246.665707554	205.46576039	198.316931066	206.000700249	194.938056915	207.755497095	201.342340081	203.130195084	206.750142	214.295646667
190.448562241	204.794237666	195.55380938	167.432827793	243.828522726	216.729547798	253.595167371	246.769528469	192.77572115	197.168614913	247.29002209	219.327775556	204.64280223	253.139688527	235.458868428	194.979940323	214.429019044	214.742594921	222.94943698	236.497981581	199.642146913	210.449457626	227.473975978	153.840735267	214.177620051	227.377936325	174.439264615	219.684248563	186.510337737	229.584363289	222.95381113	223.682865774	212.335288255	165.387231148	236.25728609	151.5509335	229.483633889	206.816131131	209.197958601	201.559774187	167.109789802	220.933264726	182.250372011	224.537134847	181.666767113	285.302015061	249.974098355	241.236593312	235.485167638	237.215473525	201.900005148	219.825812589	206.563998319	212.036189786	164.896603427	179.696266862	209.04926533	236.164892993	254.437479834	217.979998972
204.604144503	223.216604338	208.790122069	163.30599455	247.054351746	226.997160492	256.583786765	243.0794761	209.721497121	194.87759374	251.581483798	237.250948733	216.833121829	249.945620278	233.862642782	206.460562414	227.02751013	239.694458387	217.626643687	243.648273926	210.261199861	204.850720917	234.462778912	180.306340718	249.84202041	243.022151191	177.874563624	238.325941395	197.697828446	237.973395486	224.713398781	223.478477161	212.436383831	189.049206068	246.849188251	161.471430906	230.632729381	226.851983066	214.329541122	203.290578619	174.26562017	215.59949479	216.89725284	224.511256829	206.475266104	249.974098355	285.302015061	240.970507876	247.489182157	249.040760809	225.973652488	225.979420286	221.139565588	226.327021204	174.765760481	203.848148696	206.638028783	238.310940355	257.637959531	212.834095793
212.153326067	217.464259594	224.257410356	149.636766866	227.139072248	213.31723584	262.707010401	231.479658865	224.312590983	220.049862392	247.256509625	226.234058311	231.847585996	242.271791312	248.705284584	216.608208488	237.81685981	231.210552893	239.847272911	251.89169785	230.053254859	225.660719857	239.97386575	192.095470977	239.284641741	235.629620031	178.982309464	237.762361729	226.374072573	249.881806228	225.779142833	236.190395311	188.113271254	207.152700183	233.280660587	184.268698911	234.245347976	224.725096499	232.353772007	218.365224237	194.688329248	219.111022028	227.218947322	239.484214856	210.322642809	241.236593312	240.970507876	285.302015061	224.979678434	216.630662071	220.580412366	226.880128967	222.67272715	244.289688403	188.869000655	218.544067423	214.00163842	217.013729335	244.57921083	242.796176652
202.305132314	209.779425053	202.0589373	160.288902594	251.865723912	246.231713235	241.601903702	232.98408472	198.032385985	171.238903589	253.200214096	212.934781655	183.438529311	229.537123159	224.454842993	197.348053407	221.718236587	206.771691654	199.477396275	232.871542896	193.645369778	200.780011031	238.091179227	190.866905199	232.994887771	237.6269119	159.306978315	225.899971971	186.097607599	229.515117027	222.93487362	192.125612319	239.064624994	182.750674441	252.865801389	160.201563492	217.181832795	198.167912125	225.941928333	182.442194445	196.538978174	212.010520968	213.109791503	223.917178056	204.373240122	235.485167638	247.489182157	224.979678434	285.302015061	238.037559395	223.61115092	219.810369739	202.031129825	193.99142505	147.286933444	171.724249562	197.370615795	239.193238413	264.798536751	191.122199648
197.060903344	211.534584261	188.31055618	150.034104021	242.563487787	214.790938143	224.93070395	242.058321129	183.975772777	171.268918492	238.962887946	216.425883704	194.387254603	241.59528687	220.553150254	176.481231013	202.331171416	206.257694484	213.564948886	215.80473202	185.57445569	173.365346799	224.997494045	147.541622776	223.515129236	221.573385921	158.977631239	210.28428545	165.554798708	206.909241228	211.458721215	208.539722183	213.056647904	160.843725529	226.580194977	140.83781696	205.741584418	192.791678876	197.510724153	167.893519423	169.983151857	203.750443233	192.408853014	205.268604139	184.400773588	237.215473525	249.040760809	216.630662071	238.037559395	285.302015061	205.169557399	208.612227793	203.797170864	198.629213288	153.66426541	155.3331868	174.632121845	221.768018475	246.688872257	200.840538415
253.658905852	212.738077618	251.438022864	170.611730561	199.039255481	230.115359019	237.759911317	208.40423385	244.404879617	216.456956721	231.796463361	197.868382971	189.492413522	218.399231353	216.974735074	193.253724543	249.447747585	200.643076618	207.833122063	237.645357357	236.641514294	217.030407676	250.29050201	235.435692209	227.963318614	221.639162476	155.405535117	243.73759116	214.581481876	235.512207417	245.203385348	221.096869478	199.160225818	229.060739223	226.389851577	205.011711503	227.122959955	229.050151036	245.849375942	219.713333661	226.195376525	229.442833909	212.008334926	210.752956415	246.665707554	201.900005148	225.973652488	220.580412366	223.61115092	205.169557399	285.302015061	211.927586862	220.167033978	205.271591546	182.184982797	201.663218668	204.772235733	198.79629422	225.304912007	226.023160387
202.641276796	196.225630301	217.644057359	146.57501473	217.702344159	219.871023592	237.087942013	214.790366918	216.429008597	186.498542532	220.645809964	219.745410941	195.321657859	224.851182749	211.580060464	217.351064935	215.44975747	226.89769631	196.422901739	240.937612814	202.84368474	222.684493532	210.252322606	199.965469591	233.024959045	232.631855328	159.942902431	231.408207481	219.657230305	215.461219639	218.822383326	212.155090309	198.440350814	209.182757956	221.922073383	194.750764419	230.66960115	218.040460838	210.138149098	196.159414285	205.585200541	204.066437497	217.28143347	213.963999654	205.46576039	219.825812589	225.979420286	226.880128967	219.810369739	208.612227793	211.927586862	285.302015061	225.203387244	221.771223709	175.459451398	203.779356054	194.561181282	207.517752861	228.534997482	211.462844278
206.782630198	206.841685821	216.530035316	123.657821816	217.982316284	210.481707346	228.962501405	216.600221375	221.790662082	205.095603472	219.477548182	235.55593327	206.019642368	230.332397325	223.814315461	224.114953025	232.61104901	223.335603073	225.44811302	241.422280233	208.384336063	221.282026427	226.672028991	212.84179373	233.436928122	236.531380611	127.429743782	218.759585673	222.546403412	206.885673379	238.488057968	221.720941449	179.681967178	210.887694571	226.511540829	210.348966177	239.113532095	238.8116197	202.387344098	188.508034751	220.101926222	208.309159141	220.631272371	224.142086874	198.316931066	206.563998319	221.139565588	222.67272715	202.031129825	203.797170864	220.167033978	225.203387244	285.302015061	235.263176953	180.297588448	195.752493668	196.700790512	185.426202254	209.913094521	225.682656205
207.494304777	211.269355978	216.141030032	128.147370824	224.042271987	204.294471387	245.654036764	205.924251076	236.049496406	215.961940041	225.807880025	238.328223649	238.1879469	236.564749112	233.560763232	220.01577153	229.464914644	242.596565287	222.944665633	251.85951245	231.344114171	214.230076454	214.43840183	202.621170443	245.440747101	236.091990818	166.360996396	237.301648968	243.420794888	232.969681123	210.697101264	232.522924688	158.868423221	215.468747478	220.577870805	205.406112709	239.473118914	242.459139717	212.169312784	207.612087943	196.420552451	205.383088552	245.560116601	225.485043111	206.000700249	212.036189786	226.327021204	244.289688403	193.99142505	198.629213288	205.271591546	221.771223709	235.263176953	285.302015061	200.289937617	232.340268908	205.890683356	194.861250979	209.058113009	241.194677897
210.411442139	169.673169097	214.343334491	149.507883276	141.611553064	163.444373265	204.503160383	149.302069692	213.989207302	190.04159815	174.343030904	185.329481262	160.322720187	188.593755312	197.798274057	146.021758189	198.888464585	176.058424382	174.873867192	219.040697992	228.417995262	198.125120253	173.372322848	200.383809438	183.173106876	184.332887786	193.263178623	206.887320415	233.615448117	202.424339937	154.207512062	188.132096747	119.543558663	187.5778636	183.454705254	161.366339294	196.764686744	203.825123152	202.225833417	214.969989429	196.61866168	204.060036162	194.173410556	192.237101349	194.938056915	164.896603427	174.765760481	188.869000655	147.286933444	153.66426541	182.184982797	175.459451398	180.297588448	200.289937617	285.302015061	218.326678249	188.915603575	145.1047743	167.0692028	213.767657714
207.13552455	182.658818574	221.479744742	120.002132332	181.948734868	188.929797214	226.569430872	175.994685025	232.945404742	204.793454686	194.913763043	212.545885323	210.051209264	200.842544307	212.538422065	197.38238603	214.595832965	220.924912376	185.822392098	235.192327212	228.524587685	203.992550323	188.995069216	207.198583936	231.018172912	212.416768887	180.40327421	232.483867659	235.586539454	223.478787893	186.232406716	199.549028348	132.623531638	214.578110993	203.983645427	197.771066448	216.832701639	227.693783695	211.229387333	221.499184701	184.885117465	192.062603627	226.563446815	199.922021764	207.755497095	179.696266862	203.848148696	218.544067423	171.724249562	155.3331868	201.663218668	203.779356054	195.752493668	232.340268908	218.326678249	285.302015061	194.045401478	179.85516692	180.930100215	217.867516479
208.642850927	175.133263186	203.389974153	160.963017878	189.261584434	196.034405042	223.10086846	188.179725592	209.894532264	197.060764058	206.089997674	188.115358178	181.392601889	215.505165477	202.840465376	179.035136644	212.660691585	198.264698486	190.900872405	231.930996407	213.71713778	217.892360529	204.258216542	188.533203679	200.927158121	201.948214047	157.903181015	224.117065187	211.097237201	221.740324639	209.929782726	200.042147606	174.826050431	189.610825514	211.069423119	165.445913038	226.485644569	212.98869217	219.029701051	225.133660132	194.696192555	213.33625866	186.791007757	207.989475735	201.342340081	209.04926533	206.638028783	214.00163842	197.370615795	174.632121845	204.772235733	194.561181282	196.700790512	205.890683356	188.915603575	194.045401478	285.302015061	191.135628964	212.133774296	222.215370063
192.059443898	151.735778015	190.421018728	164.128360358	232.759566872	237.596101838	223.598914319	229.847874874	195.390879927	173.602522949	232.178839488	190.923110979	188.994074635	218.85298793	207.961325165	181.529643784	223.033302688	215.134099701	167.686963304	228.66234102	181.317067747	179.643082802	200.097465185	169.032849363	225.886835653	222.00118005	170.549308657	231.958994623	174.736665644	232.50500069	206.612232448	184.176853017	213.563265961	174.430400186	234.458027607	155.990436023	211.266278862	204.020700248	213.80772896	180.64009125	174.756198166	182.291616118	195.175776699	202.507895229	203.130195084	236.164892993	238.310940355	217.013729335	239.193238413	221.768018475	198.79629422	207.517752861	185.426202254	194.861250979	145.1047743	179.85516692	191.135628964	285.302015061	241.142133955	178.034092574
211.574187077	212.501331038	212.56621807	175.600818122	242.49206902	235.299005214	253.677602665	242.392657687	203.767684295	189.372151137	261.505191949	214.092898106	195.52081701	243.543936289	234.247802787	197.384123583	233.060801371	222.108717686	216.686406483	240.555429966	211.010854711	210.769493047	246.702911454	186.720087319	233.344521228	240.17813189	172.485809008	237.776513323	200.286813341	242.789022087	233.902241058	216.94256848	229.776004492	191.914646641	251.981645289	166.083803984	234.685853865	206.879790388	232.162473983	207.511311221	198.673562421	224.970283739	211.879285988	241.12220078	206.750142	254.437479834	257.637959531	244.57921083	264.798536751	246.688872257	225.304912007	228.534997482	209.913094521	209.058113009	167.0692028	180.930100215	212.133774296	241.142133955	285.302015061	215.71216101
239.041587585	218.373830402	243.014095356	145.512966851	204.084212834	200.282728338	249.338136323	201.13091064	238.789681597	232.79283373	230.569996408	212.933285617	207.335066126	240.857549051	243.240107734	197.410661453	230.150793495	209.905171723	243.992838631	245.955913597	254.71264343	242.441535501	232.997440702	209.73667033	215.699164369	218.72713084	159.560306398	232.034473351	242.125346581	235.77200878	231.652393759	233.867990063	166.780579545	213.992252496	213.854128912	202.278102615	254.422134416	220.019883122	237.913081198	240.349601179	214.611136203	248.12644642	217.282573406	236.992370142	214.295646667	217.979998972	212.834095793	242.796176652	191.122199648	200.840538415	226.023160387	211.462844278	225.682656205	241.194677897	213.767657714	217.867516479	222.215370063	178.034092574	215.71216101	285.302015061
Genotype stats (X^T * X): 	121.13220339
Gene expression - Genotype stats (Y^T * X): 
-35.783450803	-15.1655430797	-33.1484145163	-13.6047335704	-9.94684837908	-18.1936428552	-21.4013145065	-10.4474552677	-32.0983486285	-12.8270793404	-15.4545475538	-15.5738057688	-10.0570259261	-14.7807720307	-15.2070577258	-19.2931507494	-24.5848507632	-16.4516858824	-7.76737787521	-21.9721358982	-24.3922083542	-24.0391580941	-22.005184238	-35.7794390038	-24.3587249168	-22.5902898076	-12.566695121	-27.2102589542	-18.4229518775	-17.1692414326	-21.5961379934	-22.7198972786	-17.4396632328	-23.8202626035	-17.4516825619	-28.8111070188	-16.4029829217	-23.8866961668	-29.2761479056	-16.8893312619	-32.2630806023	-13.5936340177	-25.2845178876	-11.0661626929	-31.8982394906	-0.787432785461	-9.99496402488	-14.5486211506	-15.4039510778	-12.9895929318	-31.6633441786	-27.5654875853	-20.9625247076	-17.1829124349	-16.7472367709	-22.0708890513	-12.3461073235	-13.2014075845	-11.1359771254	-18.491902845