Tissue	adiposesubcutaneous
N_samples	295
Chr	15
Gene	ENSG00000154227.9
SNP	rs183955611
Gene_list	ENSG00000105141.4	ENSG00000158055.11	ENSG00000134760.5	ENSG00000189280.3	ENSG00000188505.4	ENSG00000088002.7	ENSG00000169035.7	ENSG00000170426.1	ENSG00000175315.2	ENSG00000148600.10	ENSG00000154227.9
Gene expression stats (Y^T * Y): 
285.302015061	237.142606468	238.901638429	213.157842527	250.917038299	217.212066936	235.310457772	175.718937773	224.589882289	264.880272421	188.398061643
237.142606468	285.302015061	209.652589467	205.307206743	252.143936699	219.797355936	205.91921366	204.368377405	217.408517315	222.869054619	197.713378812
238.901638429	209.652589467	285.302015061	220.529737686	192.046935881	229.5957397	261.319227509	206.263941054	222.743247101	215.913330929	190.408555169
213.157842527	205.307206743	220.529737686	285.302015061	194.001863505	211.321940231	222.605925872	192.339566917	185.660209462	197.246239735	193.036936789
250.917038299	252.143936699	192.046935881	194.001863505	285.302015061	214.275430223	188.037704704	169.529015547	206.870470028	229.666597416	188.077439101
217.212066936	219.797355936	229.5957397	211.321940231	214.275430223	285.302015061	221.270698206	211.71837373	215.302861215	188.940404387	195.254684693
235.310457772	205.91921366	261.319227509	222.605925872	188.037704704	221.270698206	285.302015061	195.586858778	201.453927977	214.981898898	189.44673648
175.718937773	204.368377405	206.263941054	192.339566917	169.529015547	211.71837373	195.586858778	285.302015061	215.526956944	158.154861712	187.344014832
224.589882289	217.408517315	222.743247101	185.660209462	206.870470028	215.302861215	201.453927977	215.526956944	285.302015061	201.262605281	182.225202361
264.880272421	222.869054619	215.913330929	197.246239735	229.666597416	188.940404387	214.981898898	158.154861712	201.262605281	285.302015061	172.908444743
188.398061643	197.713378812	190.408555169	193.036936789	188.077439101	195.254684693	189.44673648	187.344014832	182.225202361	172.908444743	285.302015061
Genotype stats (X^T * X): 	92.777796861
Gene expression - Genotype stats (Y^T * X): 
-29.3057590397	-34.3102991217	-27.7830461316	-22.4941598419	-31.7803086846	-31.7670630672	-29.448474417	-33.7002104574	-28.9875916737	-24.8370754434	-29.465612783