Tissue	adiposesubcutaneous
N_samples	295
Chr	2
Gene	ENSG00000211598.2
SNP	rs145548733
Gene_list	ENSG00000211653.2	ENSG00000211666.2	ENSG00000132465.6	ENSG00000211598.2	ENSG00000243466.1	ENSG00000244437.1	ENSG00000239951.1	ENSG00000251546.1	ENSG00000211893.3	ENSG00000211897.3	ENSG00000211938.2	ENSG00000211943.2	ENSG00000224373.2	ENSG00000170476.11
Gene expression stats (Y^T * Y): 
285.302015061	151.534805931	199.469429794	181.131526786	161.552096085	144.598902228	162.753795119	161.126056266	146.594315832	159.01155466	144.961630174	154.44231736	167.799400862	155.000865264
151.534805931	285.302015061	211.843230924	172.483598679	164.871034058	189.479313995	190.800889693	159.363845092	163.599669031	189.786726482	144.759563558	145.967678813	156.32566394	165.930246624
199.469429794	211.843230924	285.302015061	204.443644622	190.0685126	194.271742286	223.662403332	205.644243963	186.461900642	203.894865112	188.977299789	178.106581994	179.859555275	198.171853054
181.131526786	172.483598679	204.443644622	285.302015061	191.992552445	179.663644321	198.751054597	189.103002651	188.349144113	198.985637649	182.52873642	189.497314925	177.628366322	186.392062652
161.552096085	164.871034058	190.0685126	191.992552445	285.302015061	167.694792583	179.331196794	169.536636045	174.672052341	187.827078578	143.211638239	167.972276507	189.074769814	161.023070085
144.598902228	189.479313995	194.271742286	179.663644321	167.694792583	285.302015061	190.090991293	173.46459753	176.315298539	195.712451107	139.623208298	157.163787468	155.532248869	160.465757112
162.753795119	190.800889693	223.662403332	198.751054597	179.331196794	190.090991293	285.302015061	189.889250038	204.970388343	192.731210554	158.17327178	175.758323639	157.238220251	161.774453388
161.126056266	159.363845092	205.644243963	189.103002651	169.536636045	173.46459753	189.889250038	285.302015061	158.152756148	187.268449534	144.790975319	154.397267052	163.061019264	176.960922073
146.594315832	163.599669031	186.461900642	188.349144113	174.672052341	176.315298539	204.970388343	158.152756148	285.302015061	197.86153723	139.95244876	147.896205531	141.63817991	152.043079479
159.01155466	189.786726482	203.894865112	198.985637649	187.827078578	195.712451107	192.731210554	187.268449534	197.86153723	285.302015061	140.942916327	155.360118924	161.636546707	179.216702133
144.961630174	144.759563558	188.977299789	182.52873642	143.211638239	139.623208298	158.17327178	144.790975319	139.95244876	140.942916327	285.302015061	176.301755995	158.175976725	169.770678702
154.44231736	145.967678813	178.106581994	189.497314925	167.972276507	157.163787468	175.758323639	154.397267052	147.896205531	155.360118924	176.301755995	285.302015061	161.451419552	147.406319261
167.799400862	156.32566394	179.859555275	177.628366322	189.074769814	155.532248869	157.238220251	163.061019264	141.63817991	161.636546707	158.175976725	161.451419552	285.302015061	171.920412504
155.000865264	165.930246624	198.171853054	186.392062652	161.023070085	160.465757112	161.774453388	176.960922073	152.043079479	179.216702133	169.770678702	147.406319261	171.920412504	285.302015061
Genotype stats (X^T * X): 	27.0544336271
Gene expression - Genotype stats (Y^T * X): 
-15.027640479	-12.8845612134	-16.0860711819	-17.1796817084	-8.23439870658	-11.311061278	-16.4310398463	-19.3797033948	-7.97384720219	-8.465939848	-11.0564030124	-10.6841230098	-13.8476531148	-10.3564757242