Tissue	adiposesubcutaneous
N_samples	295
Chr	21
Gene	ENSG00000160255.12
SNP	rs73906946
Gene_list	ENSG00000102575.6	ENSG00000162511.7	ENSG00000105223.14	ENSG00000030582.12	ENSG00000100985.7	ENSG00000160255.12	ENSG00000136167.9	ENSG00000090382.2	ENSG00000107798.13	ENSG00000163131.6
Gene expression stats (Y^T * Y): 
285.302015061	177.43082588	176.536195891	171.609847065	184.723508808	190.537445638	109.368227421	136.075116676	214.928645805	147.230001785
177.43082588	285.302015061	182.546223684	190.10210337	140.698809772	198.889036695	123.356644262	179.552566451	167.486243023	146.604623574
176.536195891	182.546223684	285.302015061	232.419606974	111.149217989	176.128041696	85.6102243877	151.898050635	147.092102445	137.639621328
171.609847065	190.10210337	232.419606974	285.302015061	118.534650341	184.107102664	76.4187407962	159.651737241	148.306042795	150.623907937
184.723508808	140.698809772	111.149217989	118.534650341	285.302015061	173.676079957	103.900541992	102.174433633	165.335270577	106.169037455
190.537445638	198.889036695	176.128041696	184.107102664	173.676079957	285.302015061	174.96818502	172.556201317	213.891680292	179.423054326
109.368227421	123.356644262	85.6102243877	76.4187407962	103.900541992	174.96818502	285.302015061	94.2690288185	140.287663864	122.56676391
136.075116676	179.552566451	151.898050635	159.651737241	102.174433633	172.556201317	94.2690288185	285.302015061	134.65673881	169.637082835
214.928645805	167.486243023	147.092102445	148.306042795	165.335270577	213.891680292	140.287663864	134.65673881	285.302015061	140.145713455
147.230001785	146.604623574	137.639621328	150.623907937	106.169037455	179.423054326	122.56676391	169.637082835	140.145713455	285.302015061
Genotype stats (X^T * X): 	87.1561116814
Gene expression - Genotype stats (Y^T * X): 
-20.005084409	-11.4947227948	-13.6813667728	-15.0052848943	-19.2943012926	-33.8875072639	-5.96617147095	-28.1753367666	-27.9671527521	-13.6989086425