Tissue	adiposesubcutaneous
N_samples	295
Chr	14
Gene	ENSG00000129538.9
SNP	rs12897030
Gene_list	ENSG00000124491.11	ENSG00000133800.4	ENSG00000129538.9	ENSG00000173372.12	ENSG00000159189.7	ENSG00000173369.11	ENSG00000011600.7	ENSG00000104870.8	ENSG00000010327.6	ENSG00000110077.10	ENSG00000165457.9
Gene expression stats (Y^T * Y): 
285.302015061	221.630226918	193.65663332	183.450748669	164.91392622	155.226289731	90.6502749025	101.151457076	192.561177034	183.119342925	198.625760396
221.630226918	285.302015061	205.383680887	188.433062624	171.087471953	162.328498169	96.5001161391	116.350441031	182.182646537	167.768933534	190.164534437
193.65663332	205.383680887	285.302015061	222.682103511	201.236526194	187.654526352	171.61371982	173.091000802	180.737608059	174.801873937	202.960766991
183.450748669	188.433062624	222.682103511	285.302015061	264.853038013	259.119183174	218.581458312	196.725103471	180.04238145	200.063526495	211.949789648
164.91392622	171.087471953	201.236526194	264.853038013	285.302015061	272.681008515	234.316815391	181.836191738	175.109063351	185.799504803	176.052125521
155.226289731	162.328498169	187.654526352	259.119183174	272.681008515	285.302015061	233.518986228	179.980107545	166.48090288	167.522860417	156.754259631
90.6502749025	96.5001161391	171.61371982	218.581458312	234.316815391	233.518986228	285.302015061	186.722696891	131.186665083	148.725579386	121.114807105
101.151457076	116.350441031	173.091000802	196.725103471	181.836191738	179.980107545	186.722696891	285.302015061	131.548787943	151.055984944	162.862879043
192.561177034	182.182646537	180.737608059	180.04238145	175.109063351	166.48090288	131.186665083	131.548787943	285.302015061	171.59526395	175.335928801
183.119342925	167.768933534	174.801873937	200.063526495	185.799504803	167.522860417	148.725579386	151.055984944	171.59526395	285.302015061	220.254474299
198.625760396	190.164534437	202.960766991	211.949789648	176.052125521	156.754259631	121.114807105	162.862879043	175.335928801	220.254474299	285.302015061
Genotype stats (X^T * X): 	111.538017525
Gene expression - Genotype stats (Y^T * X): 
23.0564625235	23.6623924228	30.7011902955	7.5874087079	4.80525759931	3.13518537869	-5.49503484	5.14368143514	14.0893475405	15.5330189632	19.1575143888