Tissue	adiposesubcutaneous
N_samples	295
Chr	19
Gene	ENSG00000083845.4
SNP	rs12460553
Gene_list	ENSG00000144713.8	ENSG00000105640.8	ENSG00000124614.9	ENSG00000198755.6	ENSG00000108298.5	ENSG00000142937.7	ENSG00000063177.8	ENSG00000142541.12	ENSG00000142534.2	ENSG00000229117.4	ENSG00000083845.4	ENSG00000136942.10	ENSG00000112306.7	ENSG00000148303.12
Gene expression stats (Y^T * Y): 
285.302015061	234.472021147	241.610717952	235.083679078	265.168328996	244.609582938	249.484118847	232.382591739	255.809921012	249.533778486	236.979800363	237.759911317	228.962501405	245.654036764
234.472021147	285.302015061	243.653625543	221.781293792	248.085327856	235.876095398	259.7154843	250.185697702	238.920914547	232.434246062	249.351999942	244.404879617	221.790662082	236.049496406
241.610717952	243.653625543	285.302015061	222.458208373	250.906862328	236.885872331	248.141230371	228.770098522	246.043268719	237.201625182	240.287089534	249.447747585	232.61104901	229.464914644
235.083679078	221.781293792	222.458208373	285.302015061	237.466405094	250.74951572	236.014346006	218.225213056	221.970400538	234.050669533	236.706937544	200.643076618	223.335603073	242.596565287
265.168328996	248.085327856	250.906862328	237.466405094	285.302015061	249.665486647	259.843896271	249.399086149	254.50511195	254.076184937	250.570237694	237.645357357	241.422280233	251.85951245
244.609582938	235.876095398	236.885872331	250.74951572	249.665486647	285.302015061	247.741846811	222.460119882	238.92166552	234.773867325	237.943546516	227.963318614	233.436928122	245.440747101
249.484118847	259.7154843	248.141230371	236.014346006	259.843896271	247.741846811	285.302015061	240.708107787	253.064235044	240.336769777	252.142297623	243.73759116	218.759585673	237.301648968
232.382591739	250.185697702	228.770098522	218.225213056	249.399086149	222.460119882	240.708107787	285.302015061	235.463343762	245.137783333	234.703563328	214.581481876	222.546403412	243.420794888
255.809921012	238.920914547	246.043268719	221.970400538	254.50511195	238.92166552	253.064235044	235.463343762	285.302015061	241.961861577	230.837462384	235.512207417	206.885673379	232.969681123
249.533778486	232.434246062	237.201625182	234.050669533	254.076184937	234.773867325	240.336769777	245.137783333	241.961861577	285.302015061	231.793634539	227.122959955	239.113532095	239.473118914
236.979800363	249.351999942	240.287089534	236.706937544	250.570237694	237.943546516	252.142297623	234.703563328	230.837462384	231.793634539	285.302015061	229.050151036	238.8116197	242.459139717
237.759911317	244.404879617	249.447747585	200.643076618	237.645357357	227.963318614	243.73759116	214.581481876	235.512207417	227.122959955	229.050151036	285.302015061	220.167033978	205.271591546
228.962501405	221.790662082	232.61104901	223.335603073	241.422280233	233.436928122	218.759585673	222.546403412	206.885673379	239.113532095	238.8116197	220.167033978	285.302015061	235.263176953
245.654036764	236.049496406	229.464914644	242.596565287	251.85951245	245.440747101	237.301648968	243.420794888	232.969681123	239.473118914	242.459139717	205.271591546	235.263176953	285.302015061
Genotype stats (X^T * X): 	134.380973186
Gene expression - Genotype stats (Y^T * X): 
-15.3804609065	-14.8238694115	-25.7127573759	-17.6846240674	-19.1524234747	-15.8512840957	-22.0562172423	-11.4772536061	-10.3621457085	-11.3129016139	-50.9050304308	-15.1766842163	-14.5900579054	-13.3385919434