Tissue	skinnotsunexposedsuprapubic
N_samples	196
Chr	1
Gene	ENSG00000143387.8
SNP	rs79227017
Gene_list	ENSG00000197766.3	ENSG00000162576.12	ENSG00000132386.6	ENSG00000182326.10	ENSG00000159403.11	ENSG00000026025.9	ENSG00000129538.9	ENSG00000101439.4	ENSG00000064205.6	ENSG00000106624.4	ENSG00000077942.13	ENSG00000142173.10	ENSG00000087086.9	ENSG00000087245.8	ENSG00000135404.7	ENSG00000149131.11	ENSG00000167996.11	ENSG00000197746.9	ENSG00000035862.8	ENSG00000011465.12	ENSG00000196616.8	ENSG00000166033.7	ENSG00000143387.8	ENSG00000197956.5	ENSG00000196154.7
Gene expression stats (Y^T * Y): 
187.052919224	71.9037378967	142.494079264	145.327959395	148.325580509	130.204338561	100.625130445	153.077514128	143.44776951	133.232128207	160.927545685	143.10244764	128.081905192	117.428921717	125.15134784	153.723721296	111.075733286	130.152706888	132.210704759	159.52177802	93.925780339	81.4982233664	120.839506079	115.006350241	81.0716296425
71.9037378967	187.052919224	65.0652409321	66.071866965	47.8361784828	79.1380271651	75.1989933746	83.1040581025	77.0536421764	95.1569823423	61.7088767674	102.05057069	70.9579834827	111.57943075	82.0898390615	59.2674197934	55.3202975702	75.7976841485	109.220416098	75.4309811633	26.0985400012	122.871786627	112.806532031	100.028905652	98.7926135098
142.494079264	65.0652409321	187.052919224	154.515549156	158.618966782	128.109854903	114.364586207	139.80712902	153.402436187	134.084884012	153.201315637	122.969909635	150.986998272	141.202689289	125.685432896	161.96331035	141.399928566	114.153149672	137.593265372	152.917210678	122.859752788	84.1179649497	146.496504918	109.759064402	74.231003777
145.327959395	66.071866965	154.515549156	187.052919224	176.132354964	118.135522729	112.845219828	130.862038132	134.881622399	142.726132267	148.644831304	145.035208241	129.145644084	124.836266924	136.362121017	160.251267509	115.251856007	130.989643623	130.057721501	156.709566934	110.734495139	67.2248912829	132.227028511	113.90206849	81.6634539456
148.325580509	47.8361784828	158.618966782	176.132354964	187.052919224	120.820659274	111.272738511	139.324894361	132.438898096	142.59529607	153.3237119	143.566454617	134.173199979	125.524026028	145.020346175	168.104185131	124.21423324	134.216596249	127.227330143	154.299022603	107.86576261	63.5748626093	128.210583921	120.242991518	81.6580604423
130.204338561	79.1380271651	128.109854903	118.135522729	120.820659274	187.052919224	111.635125703	136.437415424	119.217191103	119.099980251	142.980194498	121.541530407	148.01680036	139.406381788	127.509897329	152.126618087	133.654220661	120.934650786	158.331912937	144.019974638	117.543565004	101.297227845	141.130602154	124.275757218	90.4247857544
100.625130445	75.1989933746	114.364586207	112.845219828	111.272738511	111.635125703	187.052919224	122.950631688	113.386697847	115.330891533	114.277757647	89.4474368053	139.564857289	126.870835463	105.819640276	120.655413067	106.314863338	98.9080675967	126.496668794	109.476714095	119.19582464	69.5754636063	135.310698808	102.467797307	116.253929156
153.077514128	83.1040581025	139.80712902	130.862038132	139.324894361	136.437415424	122.950631688	187.052919224	146.225385591	134.607341336	154.096690579	136.917625504	140.194229834	133.161667711	126.63873957	147.810525352	115.822187783	129.774069532	144.763472463	139.407609966	92.2024075117	102.084670457	135.886949959	123.336447204	116.467348917
143.44776951	77.0536421764	153.402436187	134.881622399	132.438898096	119.217191103	113.386697847	146.225385591	187.052919224	134.364843165	154.836473178	126.392662703	125.537275953	138.163274467	101.375707523	140.431185704	109.14363472	118.809556763	140.563191374	148.945468237	104.137202078	87.023264531	143.0795685	94.063475813	91.206678922
133.232128207	95.1569823423	134.084884012	142.726132267	142.59529607	119.099980251	115.330891533	134.607341336	134.364843165	187.052919224	140.62089415	146.392690314	128.154730529	150.710009261	137.198443615	143.393508007	123.65745731	122.546585775	141.151423543	132.263931523	88.9183859399	90.8511274912	145.480365498	133.846977733	111.663705559
160.927545685	61.7088767674	153.201315637	148.644831304	153.3237119	142.980194498	114.277757647	154.096690579	154.836473178	140.62089415	187.052919224	134.848284931	137.248678506	138.009352343	118.174556198	164.0725812	116.507166509	141.37797488	153.378647703	165.278521836	121.276642678	85.5523687045	143.805037013	105.142051542	86.5824627255
143.10244764	102.05057069	122.969909635	145.035208241	143.566454617	121.541530407	89.4474368053	136.917625504	126.392662703	146.392690314	134.848284931	187.052919224	102.619262091	126.510882094	138.847795626	128.193409577	91.7195699071	141.586067258	135.348206189	145.244897517	46.9622209793	113.056440481	126.839759261	129.483953972	106.798305647
128.081905192	70.9579834827	150.986998272	129.145644084	134.173199979	148.01680036	139.564857289	140.194229834	125.537275953	128.154730529	137.248678506	102.619262091	187.052919224	148.730346069	130.87017787	159.911292626	160.506569838	106.670138982	145.025408894	130.209172219	135.985532715	79.8861527244	150.945189181	120.704647787	95.0381247152
117.428921717	111.57943075	141.202689289	124.836266924	125.524026028	139.406381788	126.870835463	133.161667711	138.163274467	150.710009261	138.009352343	126.510882094	148.730346069	187.052919224	138.247555157	146.003358214	147.68918505	122.205822387	165.626633549	133.335061686	109.809765673	109.846245587	172.633013835	129.649909873	106.215418283
125.15134784	82.0898390615	125.685432896	136.362121017	145.020346175	127.509897329	105.819640276	126.63873957	101.375707523	137.198443615	118.174556198	138.847795626	130.87017787	138.247555157	187.052919224	146.191680759	137.897582934	127.820379691	133.857467422	132.343261277	76.7849658084	95.5844526752	130.730695308	162.858848164	110.556636034
153.723721296	59.2674197934	161.96331035	160.251267509	168.104185131	152.126618087	120.655413067	147.810525352	140.431185704	143.393508007	164.0725812	128.193409577	159.911292626	146.003358214	146.191680759	187.052919224	152.168118813	132.900878064	148.529668874	156.078842374	136.640018746	70.3133040295	142.103027666	129.145255311	80.3480002994
111.075733286	55.3202975702	141.399928566	115.251856007	124.21423324	133.654220661	106.314863338	115.822187783	109.14363472	123.65745731	116.507166509	91.7195699071	160.506569838	147.68918505	137.897582934	152.168118813	187.052919224	87.5851301442	128.599280113	114.427671087	114.967832237	66.1092796169	136.146878748	124.190282953	66.6936031893
130.152706888	75.7976841485	114.153149672	130.989643623	134.216596249	120.934650786	98.9080675967	129.774069532	118.809556763	122.546585775	141.37797488	141.586067258	106.670138982	122.205822387	127.820379691	132.900878064	87.5851301442	187.052919224	139.132212519	140.296936342	77.9968169779	97.7444081218	119.086414387	106.381190613	79.0829008772
132.210704759	109.220416098	137.593265372	130.057721501	127.227330143	158.331912937	126.496668794	144.763472463	140.563191374	141.151423543	153.378647703	135.348206189	145.025408894	165.626633549	133.857467422	148.529668874	128.599280113	139.132212519	187.052919224	154.807995062	110.900005449	125.655717735	168.298320549	125.54893729	111.355936895
159.52177802	75.4309811633	152.917210678	156.709566934	154.299022603	144.019974638	109.476714095	139.407609966	148.945468237	132.263931523	165.278521836	145.244897517	130.209172219	133.335061686	132.343261277	156.078842374	114.427671087	140.296936342	154.807995062	187.052919224	110.767458442	99.6810743626	147.864127273	116.718965106	84.0878745167
93.925780339	26.0985400012	122.859752788	110.734495139	107.86576261	117.543565004	119.19582464	92.2024075117	104.137202078	88.9183859399	121.276642678	46.9622209793	135.985532715	109.809765673	76.7849658084	136.640018746	114.967832237	77.9968169779	110.900005449	110.767458442	187.052919224	25.2940295127	118.898919128	68.0029688608	47.1598783608
81.4982233664	122.871786627	84.1179649497	67.2248912829	63.5748626093	101.297227845	69.5754636063	102.084670457	87.023264531	90.8511274912	85.5523687045	113.056440481	79.8861527244	109.846245587	95.5844526752	70.3133040295	66.1092796169	97.7444081218	125.655717735	99.6810743626	25.2940295127	187.052919224	119.965674449	104.961435266	99.2146577664
120.839506079	112.806532031	146.496504918	132.227028511	128.210583921	141.130602154	135.310698808	135.886949959	143.0795685	145.480365498	143.805037013	126.839759261	150.945189181	172.633013835	130.730695308	142.103027666	136.146878748	119.086414387	168.298320549	147.864127273	118.898919128	119.965674449	187.052919224	122.068957974	116.409694585
115.006350241	100.028905652	109.759064402	113.90206849	120.242991518	124.275757218	102.467797307	123.336447204	94.063475813	133.846977733	105.142051542	129.483953972	120.704647787	129.649909873	162.858848164	129.145255311	124.190282953	106.381190613	125.54893729	116.718965106	68.0029688608	104.961435266	122.068957974	187.052919224	129.63324076
81.0716296425	98.7926135098	74.231003777	81.6634539456	81.6580604423	90.4247857544	116.253929156	116.467348917	91.206678922	111.663705559	86.5824627255	106.798305647	95.0381247152	106.215418283	110.556636034	80.3480002994	66.6936031893	79.0829008772	111.355936895	84.0878745167	47.1598783608	99.2146577664	116.409694585	129.63324076	187.052919224
Genotype stats (X^T * X): 	34.0202569592
Gene expression - Genotype stats (Y^T * X): 
13.8493061604	16.0335464127	12.3087708026	11.1550113242	12.9546902724	17.6149965578	17.2732667729	20.562338496	12.0151836216	16.4464489266	14.8006818489	12.480984607	18.5917496189	16.9560659823	14.0282466865	14.5638663094	14.5397510932	15.0773596442	17.2617229118	15.0616396729	13.3012327791	13.6337533447	17.0735585095	18.2724517734	10.3297769151