Tissue	skinnotsunexposedsuprapubic
N_samples	196
Chr	6
Gene	ENSG00000012660.9
SNP	rs2397144
Gene_list	ENSG00000139182.9	ENSG00000179593.11	ENSG00000176194.13	ENSG00000101474.7	ENSG00000214491.4	ENSG00000012660.9	ENSG00000163931.11	ENSG00000149485.12	ENSG00000069482.6	ENSG00000151365.2	ENSG00000119915.4	ENSG00000095321.12	ENSG00000162877.8
Gene expression stats (Y^T * Y): 
187.052919224	108.924298692	117.988712562	118.116947183	123.250557494	127.942734121	93.9050900516	149.722804019	103.415371254	127.484363833	119.82445395	113.394762257	111.542909137
108.924298692	187.052919224	134.484997333	140.155907331	90.26569736	115.590190445	104.816580634	123.450477115	152.653078267	147.47032756	150.542545371	125.739665913	153.422713667
117.988712562	134.484997333	187.052919224	142.532273604	99.8467963093	123.155155942	108.180668628	127.395557982	137.580907639	145.656046094	142.132426595	125.934117818	143.257512165
118.116947183	140.155907331	142.532273604	187.052919224	94.3188298919	140.09627002	123.785241279	139.751864906	134.633940684	158.012869152	140.635892058	125.072274785	142.430126011
123.250557494	90.26569736	99.8467963093	94.3188298919	187.052919224	116.1450062	76.6847293457	142.339375252	109.598383517	99.4023581328	119.473547705	128.964059588	105.771897017
127.942734121	115.590190445	123.155155942	140.09627002	116.1450062	187.052919224	113.66286826	150.883794652	116.221609694	136.832731628	121.111782584	115.2105712	122.763142021
93.9050900516	104.816580634	108.180668628	123.785241279	76.6847293457	113.66286826	187.052919224	111.276158928	101.219109504	114.384917798	98.8446363678	90.5547685769	105.892405015
149.722804019	123.450477115	127.395557982	139.751864906	142.339375252	150.883794652	111.276158928	187.052919224	121.379300192	147.591701914	136.882373507	133.896422212	134.036430703
103.415371254	152.653078267	137.580907639	134.633940684	109.598383517	116.221609694	101.219109504	121.379300192	187.052919224	149.795288226	170.358951745	147.682010891	161.802278965
127.484363833	147.47032756	145.656046094	158.012869152	99.4023581328	136.832731628	114.384917798	147.591701914	149.795288226	187.052919224	150.073234226	130.303251891	154.428453238
119.82445395	150.542545371	142.132426595	140.635892058	119.473547705	121.111782584	98.8446363678	136.882373507	170.358951745	150.073234226	187.052919224	149.322111071	160.967870879
113.394762257	125.739665913	125.934117818	125.072274785	128.964059588	115.2105712	90.5547685769	133.896422212	147.682010891	130.303251891	149.322111071	187.052919224	130.568829338
111.542909137	153.422713667	143.257512165	142.430126011	105.771897017	122.763142021	105.892405015	134.036430703	161.802278965	154.428453238	160.967870879	130.568829338	187.052919224
Genotype stats (X^T * X): 	82.9220185306
Gene expression - Genotype stats (Y^T * X): 
27.270239306	28.0630160432	28.2431465248	28.17706777	19.6224797523	29.1195477465	21.2108297056	28.6147457397	27.6482567571	28.585239144	27.3506907154	26.5675999308	23.8509689977