Tissue	skinnotsunexposedsuprapubic
N_samples	196
Chr	11
Gene	ENSG00000118181.6
SNP	rs4445645
Gene_list	ENSG00000171863.8	ENSG00000116251.5	ENSG00000161970.8	ENSG00000110700.2	ENSG00000134419.11	ENSG00000137154.8	ENSG00000174748.14	ENSG00000142676.8	ENSG00000125691.8	ENSG00000108298.5	ENSG00000188846.9	ENSG00000145592.9	ENSG00000131469.8	ENSG00000142937.7	ENSG00000133112.12	ENSG00000265681.2	ENSG00000232112.3	ENSG00000123349.9	ENSG00000143947.8	ENSG00000008988.5	ENSG00000196531.6	ENSG00000172809.8	ENSG00000147604.9	ENSG00000188243.8	ENSG00000138326.14	ENSG00000186468.8	ENSG00000122406.8	ENSG00000156467.5	ENSG00000156482.6	ENSG00000114391.8	ENSG00000071082.6	ENSG00000104408.5	ENSG00000109475.12	ENSG00000089009.11	ENSG00000118181.6	ENSG00000112306.7	ENSG00000145425.5	ENSG00000177954.7	ENSG00000182899.10	ENSG00000114942.9
Gene expression stats (Y^T * Y): 
187.052919224	143.359055128	164.256653706	136.091426258	156.431881867	163.73296304	128.500770507	156.254797063	159.415575539	128.915894743	122.158413629	149.633531254	138.152964566	165.138842208	136.114055233	163.550580649	126.514476475	135.080932138	156.699304329	146.605482402	118.379158263	136.388560535	148.036027456	132.870400977	154.098147409	121.747007819	157.413017953	107.41564568	131.515189475	148.916143342	159.02652664	131.15620417	157.880057284	135.276970852	147.412533215	134.084752627	161.441713485	102.639200826	162.723631213	155.60442685
143.359055128	187.052919224	149.97116391	104.883888509	115.93545769	151.199339011	105.49593888	126.993597232	153.332856226	112.600048259	118.351046512	141.698715871	102.548706318	144.03890752	146.756785385	145.075426626	139.841749215	100.262562296	149.595628342	117.079175518	152.12936552	126.152273407	149.554736989	116.657090734	150.978651818	123.737579198	154.861163833	135.505635029	118.598752625	127.006302818	149.824572912	145.863346102	146.885100539	108.524751083	131.222134084	108.779917583	142.613650176	60.3334532517	143.998253755	149.677885469
164.256653706	149.97116391	187.052919224	115.372627234	138.799807986	169.563888921	112.419357769	148.880653266	172.198516487	104.184541192	120.435998245	139.715398093	110.086758234	175.38808572	155.410952581	178.3945324	131.458365087	135.099677481	155.508202604	145.565435306	129.539822843	124.887547387	149.948892681	126.947334554	175.878146851	113.324167802	173.86905995	132.217794156	106.054843251	147.812357135	168.103406935	148.703468492	175.142861107	125.863195852	160.465499154	112.748150431	170.586051355	88.4635464368	164.106979715	152.646178753
136.091426258	104.883888509	115.372627234	187.052919224	159.95128726	126.050226706	143.701274731	137.897439206	125.948509501	141.192964659	138.969446962	117.985925041	157.787628801	121.710577481	96.2884416027	115.5382927	83.6230253078	124.986845118	131.971423618	149.389268124	104.211679733	139.411123428	140.057945959	129.356089704	98.9251900372	144.182743851	106.31892173	63.8345329804	155.312724343	142.645418293	120.931363915	101.403751343	112.69737979	112.125600173	134.186218368	145.948828184	119.350600472	148.522747539	141.711915534	108.627505428
156.431881867	115.93545769	138.799807986	159.95128726	187.052919224	145.308502852	146.493339094	161.843420729	151.34187479	149.456978455	145.78738196	138.658655895	161.640847687	145.143563405	103.490769543	141.031365003	99.4871876943	147.93366072	145.750137314	164.512495306	103.940408388	151.706963022	146.456572496	138.601617435	122.16487428	143.112918399	120.901169965	84.9290353551	156.660577504	159.443211306	142.074925223	103.71252752	131.383854026	119.247088444	149.94010999	149.869501831	137.466322672	142.390957112	159.655184863	117.807916194
163.73296304	151.199339011	169.563888921	126.050226706	145.308502852	187.052919224	123.322772825	160.625257721	164.037771244	124.015572604	128.907573886	149.646376027	130.672278082	173.588072451	144.746852445	163.795141149	121.651117534	128.738339466	154.384740743	147.824500065	129.059947476	135.400012616	156.638984015	123.374300471	162.86693772	122.116052382	161.899957781	109.207890815	126.709219166	147.980206873	162.301539322	136.696461762	162.466477056	120.099053014	151.031146923	136.066120338	173.770981524	92.3384876513	160.830657559	161.502299187
128.500770507	105.49593888	112.419357769	143.701274731	146.493339094	123.322772825	187.052919224	134.784991276	130.919382494	136.430758982	144.630089757	106.89679918	130.512957942	122.858985655	105.863355894	115.987407068	81.4590482273	100.13772096	112.970844198	132.721426845	90.4471165794	136.399510418	138.16248857	114.871584701	98.2485336825	129.59232176	108.940567066	73.8538502061	149.557366005	137.574965023	134.680279363	119.105966241	100.899270942	122.284343668	118.531671371	119.940275796	116.083049158	123.056179555	130.847689799	104.144012144
156.254797063	126.993597232	148.880653266	137.897439206	161.843420729	160.625257721	134.784991276	187.052919224	154.260056496	153.018317465	141.607716901	145.980558962	147.310284703	153.974090865	119.527596336	148.738957914	103.474394511	152.348634089	149.72955546	164.141281544	107.666300844	151.884188116	154.693301559	123.565422666	132.480757946	132.646566325	139.53719599	83.8725341231	152.903818189	157.577944654	147.894447052	110.040514905	145.355785541	128.108330451	145.524850923	140.86258746	151.297373945	119.316471632	163.744806513	134.539069971
159.415575539	153.332856226	172.198516487	125.948509501	151.34187479	164.037771244	130.919382494	154.260056496	187.052919224	128.56428308	135.794786048	151.846544956	127.40985741	169.174898384	144.999841539	170.002508673	129.984706205	135.32956631	159.423650473	152.362931477	124.171553702	145.272904432	151.693217618	138.296926266	160.852873981	136.660164387	156.363434587	135.358585728	123.396924767	158.223200587	167.634645384	141.426480291	160.634037548	129.065000051	163.004855382	133.334403393	157.203790045	100.337692946	161.129799197	141.652806778
128.915894743	112.600048259	104.184541192	141.192964659	149.456978455	124.015572604	136.430758982	153.018317465	128.56428308	187.052919224	146.558854382	141.361189965	154.070750016	116.038094352	80.3847737927	106.381407616	82.055157295	124.742952637	130.360474954	141.500203137	99.1819086567	159.859168832	131.537900403	103.618492026	77.3959135481	146.811449319	92.4632855263	62.9428037403	159.309142931	145.590648484	112.471622714	78.0323282507	96.4822381153	115.824627277	123.022367871	152.939903492	98.3548669915	121.032752216	126.474303803	100.666144136
122.158413629	118.351046512	120.435998245	138.969446962	145.78738196	128.907573886	144.630089757	141.607716901	135.794786048	146.558854382	187.052919224	114.695043181	133.507176208	121.71686506	102.71665389	124.744949459	87.8015792916	111.92091054	125.024167067	138.396841653	113.167341154	153.686211851	147.990488126	110.627313856	103.155450631	149.257677527	112.234648665	84.4517903917	149.671928983	141.5698139	125.193572388	109.860126366	107.533046454	117.251851916	134.487622299	126.422686954	112.162175814	115.249563586	135.371836784	112.90575216
149.633531254	141.698715871	139.715398093	117.985925041	138.658655895	149.646376027	106.89679918	145.980558962	151.846544956	141.361189965	114.695043181	187.052919224	131.448666909	137.80678742	105.752735544	136.653556581	118.037662078	121.431460033	147.34561351	133.638258289	100.919704443	153.405800949	128.931290489	117.92291258	123.376594848	128.130010239	122.416171198	103.725480643	130.464427311	133.339432381	136.044367641	92.4078390239	128.394525363	94.0327575638	124.841546288	139.23585265	125.316861615	84.1143317046	132.073174878	133.161543832
138.152964566	102.548706318	110.086758234	157.787628801	161.640847687	130.672278082	130.512957942	147.310284703	127.40985741	154.070750016	133.507176208	131.448666909	187.052919224	124.303205721	75.0531483059	107.482322563	84.2957884827	131.398165154	125.170498355	147.654752151	85.7032826183	146.957983089	121.71506854	119.072384624	91.2448904874	143.632602414	86.2287873592	53.1156225001	152.702340308	137.158025943	118.928479759	67.0385893925	108.359487758	102.046218509	125.625541948	162.721317368	117.310266997	143.055162123	139.61475343	106.928286273
165.138842208	144.03890752	175.38808572	121.710577481	145.143563405	173.588072451	122.858985655	153.974090865	169.174898384	116.038094352	121.71686506	137.80678742	124.303205721	187.052919224	146.147469995	170.189285741	123.308866672	134.39189775	150.250660507	149.721460474	125.023410835	123.343758339	146.559822962	126.628348385	168.966679038	110.45903317	162.964462586	110.706450472	112.236845098	150.135374647	169.552791793	141.167946526	170.904560288	126.055572803	162.318515795	127.779927572	173.443440178	101.302099463	166.313775615	147.238876402
136.114055233	146.756785385	155.410952581	96.2884416027	103.490769543	144.746852445	105.863355894	119.527596336	144.999841539	80.3847737927	102.71665389	105.752735544	75.0531483059	146.147469995	187.052919224	148.236210995	116.903533546	97.9934366943	137.442441256	108.902918524	131.284369826	96.3205043979	141.339720883	110.570659889	156.892356124	94.4684995012	165.321266096	122.920650419	93.1085840394	127.469560107	151.403708137	160.71528213	152.096876655	119.250806924	135.965399447	84.3317253192	156.081965491	60.5662090555	140.69799959	152.97137679
163.550580649	145.075426626	178.3945324	115.5382927	141.031365003	163.795141149	115.987407068	148.738957914	170.002508673	106.381407616	124.744949459	136.653556581	107.482322563	170.189285741	148.236210995	187.052919224	126.621650337	139.884016268	162.483045351	151.796519856	118.906693838	127.723368676	151.383832463	127.900089399	166.953898989	109.578162692	170.842854786	125.371310165	106.705775929	151.325267976	164.387708314	144.964769641	171.309570336	141.281533926	158.809852169	111.63634911	162.999712654	91.5145855572	163.901471224	146.566153444
126.514476475	139.841749215	131.458365087	83.6230253078	99.4871876943	121.651117534	81.4590482273	103.474394511	129.984706205	82.055157295	87.8015792916	118.037662078	84.2957884827	123.308866672	116.903533546	126.621650337	187.052919224	98.6541699797	127.461354583	93.318057233	97.692464882	109.087455667	106.099462627	113.913127963	131.553085	96.1311230721	126.335171104	129.044124348	84.1936130417	112.685254831	125.586975201	110.572564847	127.764046683	80.0683819184	112.730916424	76.2305266716	116.868306928	54.3374410935	123.145210413	120.122088609
135.080932138	100.262562296	135.099677481	124.986845118	147.93366072	128.738339466	100.13772096	152.348634089	135.32956631	124.742952637	111.92091054	121.431460033	131.398165154	134.39189775	97.9934366943	139.884016268	98.6541699797	187.052919224	139.441715059	160.282326328	85.6476958333	126.63933223	122.055609517	132.503831701	117.545163817	107.591115612	120.132751238	91.1629299091	118.901233255	152.180151471	126.427144371	86.1078655789	140.956386545	108.014555195	144.947049428	115.974803717	128.90074849	124.062490385	154.547617693	95.2903574779
156.699304329	149.595628342	155.508202604	131.971423618	145.750137314	154.384740743	112.970844198	149.72955546	159.423650473	130.360474954	125.024167067	147.34561351	125.170498355	150.250660507	137.442441256	162.483045351	127.461354583	139.441715059	187.052919224	154.824405465	126.050165863	137.83333032	156.075343543	140.337559158	141.938857738	135.688641265	151.512893186	120.248711695	126.627100792	157.958089174	141.850968479	130.956050096	150.669580025	130.504470905	157.680066507	136.117793083	146.890034915	98.481804967	154.097405044	143.092832557
146.605482402	117.079175518	145.565435306	149.389268124	164.512495306	147.824500065	132.721426845	164.141281544	152.362931477	141.500203137	138.396841653	133.638258289	147.654752151	149.721460474	108.902918524	151.796519856	93.318057233	160.282326328	154.824405465	187.052919224	108.071309448	142.762146574	152.248751867	134.593435682	125.484774993	132.636588372	131.901559029	86.0673363916	144.443201131	161.480119748	140.24558903	110.45349851	146.973428217	128.08764767	159.529371441	140.674130131	142.452388161	134.454386529	164.035180339	111.754419166
118.379158263	152.12936552	129.539822843	104.211679733	103.940408388	129.059947476	90.4471165794	107.666300844	124.171553702	99.1819086567	113.167341154	100.919704443	85.7032826183	125.023410835	131.284369826	118.906693838	97.692464882	85.6476958333	126.050165863	108.071309448	187.052919224	99.6796447511	149.333963809	95.9929143111	127.12433462	112.58508682	139.354004264	109.179871487	114.890548342	111.609764888	112.622931987	146.785270356	128.826614857	97.3410016556	135.15545411	97.5763098891	123.322019177	69.8800211114	125.356734479	120.025742717
136.388560535	126.152273407	124.887547387	139.411123428	151.706963022	135.400012616	136.399510418	151.884188116	145.272904432	159.859168832	153.686211851	153.405800949	146.957983089	123.343758339	96.3205043979	127.723368676	109.087455667	126.63933223	137.83333032	142.762146574	99.6796447511	187.052919224	136.685688998	126.239125225	100.338944875	151.21069878	109.341233575	96.755261766	149.777228415	147.137705991	120.608360397	91.7210162699	109.861279438	107.017133266	131.399300564	142.219582291	109.920924613	108.992742338	132.861031864	113.052621831
148.036027456	149.554736989	149.948892681	140.057945959	146.456572496	156.638984015	138.16248857	154.693301559	151.693217618	131.537900403	147.990488126	128.931290489	121.71506854	146.559822962	141.339720883	151.383832463	106.099462627	122.055609517	156.075343543	152.248751867	149.333963809	136.685688998	187.052919224	122.233266119	141.491878947	141.198802414	154.47752152	102.268374878	149.623717431	148.16967478	143.785111166	149.49304166	143.491368726	137.153962597	149.238569299	129.842298581	150.487176059	104.659366835	152.720627138	144.784136192
132.870400977	116.657090734	126.947334554	129.356089704	138.601617435	123.374300471	114.871584701	123.565422666	138.296926266	103.618492026	110.627313856	117.92291258	119.072384624	126.628348385	110.570659889	127.900089399	113.913127963	132.503831701	140.337559158	134.593435682	95.9929143111	126.239125225	122.233266119	187.052919224	118.435634128	119.267499437	114.02923342	112.154739802	112.710182457	136.931408825	124.582651481	106.027270776	122.100477167	97.1224874279	136.481500697	115.914503201	121.01992076	105.595786155	136.661801372	101.956000277
154.098147409	150.978651818	175.878146851	98.9251900372	122.16487428	162.86693772	98.2485336825	132.480757946	160.852873981	77.3959135481	103.155450631	123.376594848	91.2448904874	168.966679038	156.892356124	166.953898989	131.553085	117.545163817	141.938857738	125.484774993	127.12433462	100.338944875	141.491878947	118.435634128	187.052919224	93.6909207753	171.466639482	129.722752763	89.7843406365	131.123949371	166.308858011	149.938125666	170.231152043	111.517501643	147.371538214	97.036375936	171.57961921	72.7016333001	155.571302761	152.356469773
121.747007819	123.737579198	113.324167802	144.182743851	143.112918399	122.116052382	129.59232176	132.646566325	136.660164387	146.811449319	149.257677527	128.130010239	143.632602414	110.45903317	94.4684995012	109.578162692	96.1311230721	107.591115612	135.688641265	132.636588372	112.58508682	151.21069878	141.198802414	119.267499437	93.6909207753	187.052919224	98.4928857527	94.6711898492	149.976238635	131.228359315	111.038762922	91.9194608315	97.7637357434	102.972390257	130.020689271	144.600950536	104.028754025	112.053372525	121.689425071	107.373076026
157.413017953	154.861163833	173.86905995	106.31892173	120.901169965	161.899957781	108.940567066	139.53719599	156.363434587	92.4632855263	112.234648665	122.416171198	86.2287873592	162.964462586	165.321266096	170.842854786	126.335171104	120.132751238	151.512893186	131.901559029	139.354004264	109.341233575	154.47752152	114.02923342	171.466639482	98.4928857527	187.052919224	127.398877852	102.440592865	138.553978947	160.763758903	164.128872562	170.918604519	132.011939952	146.399058201	91.780957062	167.751178755	71.2184686482	157.789341871	157.846139363
107.41564568	135.505635029	132.217794156	63.8345329804	84.9290353551	109.207890815	73.8538502061	83.8725341231	135.358585728	62.9428037403	84.4517903917	103.725480643	53.1156225001	110.706450472	122.920650419	125.371310165	129.044124348	91.1629299091	120.248711695	86.0673363916	109.179871487	96.755261766	102.268374878	112.154739802	129.722752763	94.6711898492	127.398877852	187.052919224	62.9789886418	103.530824153	113.329088283	123.385637062	117.979963566	76.0619720075	116.151726082	64.0986349131	107.297631779	25.0071699762	104.245998641	105.185325544
131.515189475	118.598752625	106.054843251	155.312724343	156.660577504	126.709219166	149.557366005	152.903818189	123.396924767	159.309142931	149.671928983	130.464427311	152.702340308	112.236845098	93.1085840394	106.705775929	84.1936130417	118.901233255	126.627100792	144.443201131	114.890548342	149.777228415	149.623717431	112.710182457	89.7843406365	149.976238635	102.440592865	62.9789886418	187.052919224	135.438884008	119.246913701	98.7986414305	102.621373047	111.164015038	123.139730687	141.89042503	109.610016069	128.194124567	138.618297843	111.233511386
148.916143342	127.006302818	147.812357135	142.645418293	159.443211306	147.980206873	137.574965023	157.577944654	158.223200587	145.590648484	141.5698139	133.339432381	137.158025943	150.135374647	127.469560107	151.325267976	112.685254831	152.180151471	157.958089174	161.480119748	111.609764888	147.137705991	148.16967478	136.931408825	131.123949371	131.228359315	138.553978947	103.530824153	135.438884008	187.052919224	147.118755053	122.164348961	143.124393351	125.440348621	161.287090795	132.425116013	141.319101017	126.762991769	160.799546172	119.721633646
159.02652664	149.824572912	168.103406935	120.931363915	142.074925223	162.301539322	134.680279363	147.894447052	167.634645384	112.471622714	125.193572388	136.044367641	118.928479759	169.552791793	151.403708137	164.387708314	125.586975201	126.427144371	141.850968479	140.24558903	112.622931987	120.608360397	143.785111166	124.582651481	166.308858011	111.038762922	160.763758903	113.329088283	119.246913701	147.118755053	187.052919224	143.906942503	162.491796341	124.604712329	143.848230381	114.608286074	165.890638774	102.274283999	164.471936992	148.233730421
131.15620417	145.863346102	148.703468492	101.403751343	103.71252752	136.696461762	119.105966241	110.040514905	141.426480291	78.0323282507	109.860126366	92.4078390239	67.0385893925	141.167946526	160.71528213	144.964769641	110.572564847	86.1078655789	130.956050096	110.45349851	146.785270356	91.7210162699	149.49304166	106.027270776	149.938125666	91.9194608315	164.128872562	123.385637062	98.7986414305	122.164348961	143.906942503	187.052919224	145.551494014	127.06857512	134.304965812	78.2382322593	145.60900836	66.8081417544	137.477555766	136.632865801
157.880057284	146.885100539	175.142861107	112.69737979	131.383854026	162.466477056	100.899270942	145.355785541	160.634037548	96.4822381153	107.533046454	128.394525363	108.359487758	170.904560288	152.096876655	171.309570336	127.764046683	140.956386545	150.669580025	146.973428217	128.826614857	109.861279438	143.491368726	122.100477167	170.231152043	97.7637357434	170.918604519	117.979963566	102.621373047	143.124393351	162.491796341	145.551494014	187.052919224	124.139210717	158.008300027	102.474349854	170.023757608	88.5020557419	171.106709304	143.560824858
135.276970852	108.524751083	125.863195852	112.125600173	119.247088444	120.099053014	122.284343668	128.108330451	129.065000051	115.824627277	117.251851916	94.0327575638	102.046218509	126.055572803	119.250806924	141.281533926	80.0683819184	108.014555195	130.504470905	128.08764767	97.3410016556	107.017133266	137.153962597	97.1224874279	111.517501643	102.972390257	132.011939952	76.0619720075	111.164015038	125.440348621	124.604712329	127.06857512	124.139210717	187.052919224	121.856844447	111.081916243	121.445078062	92.0099430844	129.630572899	116.814741663
147.412533215	131.222134084	160.465499154	134.186218368	149.94010999	151.031146923	118.531671371	145.524850923	163.004855382	123.022367871	134.487622299	124.841546288	125.625541948	162.318515795	135.965399447	158.809852169	112.730916424	144.947049428	157.680066507	159.529371441	135.15545411	131.399300564	149.238569299	136.481500697	147.371538214	130.020689271	146.399058201	116.151726082	123.139730687	161.287090795	143.848230381	134.304965812	158.008300027	121.856844447	187.052919224	130.221231289	148.014318417	116.094794822	162.746465289	120.723590115
134.084752627	108.779917583	112.748150431	145.948828184	149.869501831	136.066120338	119.940275796	140.86258746	133.334403393	152.939903492	126.422686954	139.23585265	162.721317368	127.779927572	84.3317253192	111.63634911	76.2305266716	115.974803717	136.117793083	140.674130131	97.5763098891	142.219582291	129.842298581	115.914503201	97.036375936	144.600950536	91.780957062	64.0986349131	141.89042503	132.425116013	114.608286074	78.2382322593	102.474349854	111.081916243	130.221231289	187.052919224	115.83893305	123.357558719	121.498178161	113.998622478
161.441713485	142.613650176	170.586051355	119.350600472	137.466322672	173.770981524	116.083049158	151.297373945	157.203790045	98.3548669915	112.162175814	125.316861615	117.310266997	173.443440178	156.081965491	162.999712654	116.868306928	128.90074849	146.890034915	142.452388161	123.322019177	109.920924613	150.487176059	121.01992076	171.57961921	104.028754025	167.751178755	107.297631779	109.610016069	141.319101017	165.890638774	145.60900836	170.023757608	121.445078062	148.014318417	115.83893305	187.052919224	92.6124644901	164.618728062	160.64251116
102.639200826	60.3334532517	88.4635464368	148.522747539	142.390957112	92.3384876513	123.056179555	119.316471632	100.337692946	121.032752216	115.249563586	84.1143317046	143.055162123	101.302099463	60.5662090555	91.5145855572	54.3374410935	124.062490385	98.481804967	134.454386529	69.8800211114	108.992742338	104.659366835	105.595786155	72.7016333001	112.053372525	71.2184686482	25.0071699762	128.194124567	126.762991769	102.274283999	66.8081417544	88.5020557419	92.0099430844	116.094794822	123.357558719	92.6124644901	187.052919224	120.609736608	59.4109207056
162.723631213	143.998253755	164.106979715	141.711915534	159.655184863	160.830657559	130.847689799	163.744806513	161.129799197	126.474303803	135.371836784	132.073174878	139.61475343	166.313775615	140.69799959	163.901471224	123.145210413	154.547617693	154.097405044	164.035180339	125.356734479	132.861031864	152.720627138	136.661801372	155.571302761	121.689425071	157.789341871	104.245998641	138.618297843	160.799546172	164.471936992	137.477555766	171.106709304	129.630572899	162.746465289	121.498178161	164.618728062	120.609736608	187.052919224	141.995000281
155.60442685	149.677885469	152.646178753	108.627505428	117.807916194	161.502299187	104.144012144	134.539069971	141.652806778	100.666144136	112.90575216	133.161543832	106.928286273	147.238876402	152.97137679	146.566153444	120.122088609	95.2903574779	143.092832557	111.754419166	120.025742717	113.052621831	144.784136192	101.956000277	152.356469773	107.373076026	157.846139363	105.185325544	111.233511386	119.721633646	148.233730421	136.632865801	143.560824858	116.814741663	120.723590115	113.998622478	160.64251116	59.4109207056	141.995000281	187.052919224
Genotype stats (X^T * X): 	72.514916301
Gene expression - Genotype stats (Y^T * X): 
-20.4825758205	-27.0265272339	-27.1923198078	-11.0979440829	-17.987681388	-25.8017996811	-13.5145850145	-21.5932221576	-28.4926248872	-17.1236992875	-14.8938844044	-29.3785263686	-9.41421563166	-23.4853017238	-15.4216028267	-29.8329208642	-16.6527920824	-18.7097824241	-29.5190464403	-26.70024108	-21.1195829646	-23.7611643832	-27.0056406947	-17.8678781591	-23.3469223954	-16.5548811768	-25.7227164801	-30.4051372162	-12.1761358258	-18.7292981946	-18.0654201744	-20.4875699957	-25.4018315976	-21.3155967432	-28.8937787565	-21.2670933783	-22.1510352144	4.32965954052	-17.991186838	-19.7521074732