Tissue	skinnotsunexposedsuprapubic
N_samples	196
Chr	12
Gene	ENSG00000111678.6
SNP	rs3794310
Gene_list	ENSG00000115268.5	ENSG00000130255.8	ENSG00000111678.6	ENSG00000221983.3	ENSG00000105193.4	ENSG00000105373.14	ENSG00000063177.8	ENSG00000142534.2	ENSG00000213741.4	ENSG00000170889.9	ENSG00000149806.6	ENSG00000167526.9	ENSG00000136942.10	ENSG00000152082.9	ENSG00000104529.13	ENSG00000161016.11
Gene expression stats (Y^T * Y): 
187.052919224	162.147037154	122.425753451	153.319101933	151.526939734	132.522872658	162.867658999	136.2202618	129.422669526	156.029746501	127.45436115	159.475254832	152.000957246	118.73417999	145.32699515	158.350625968
162.147037154	187.052919224	116.720223867	138.459263952	152.461566977	118.828522786	148.697914119	145.501873623	148.787168344	137.92914697	149.924440256	134.971511975	159.279323653	123.261082894	141.178155891	158.463217592
122.425753451	116.720223867	187.052919224	116.240113961	118.707934119	118.781892565	122.344825895	113.162660428	112.692798432	114.215804383	114.074238895	115.372596456	115.204870078	112.758076922	116.745567096	117.859084251
153.319101933	138.459263952	116.240113961	187.052919224	147.06417971	109.454908127	150.779082784	127.633205465	120.173368366	149.763084287	123.955754803	128.662605561	125.228641402	98.6991024944	139.412882535	148.910735668
151.526939734	152.461566977	118.707934119	147.06417971	187.052919224	112.697098606	147.959273163	143.66093946	124.976635572	128.513909444	149.308913396	135.56642774	133.93070094	97.4881146995	152.709763316	156.934614122
132.522872658	118.828522786	118.781892565	109.454908127	112.697098606	187.052919224	143.803250076	109.11928625	90.6476109624	131.258514876	99.1280031903	132.3414444	101.59267215	86.5958848771	111.598490387	128.693546482
162.867658999	148.697914119	122.344825895	150.779082784	147.959273163	143.803250076	187.052919224	130.909450033	133.555068433	148.979493851	123.990901605	151.578279558	137.948251003	104.386023385	139.000212241	158.78895752
136.2202618	145.501873623	113.162660428	127.633205465	143.66093946	109.11928625	130.909450033	187.052919224	144.475442749	118.600141696	139.68088864	127.102926901	151.680644954	92.7143432784	125.981825715	143.541760113
129.422669526	148.787168344	112.692798432	120.173368366	124.976635572	90.6476109624	133.555068433	144.475442749	187.052919224	117.783139766	128.300607074	109.049353707	160.947478276	116.229821121	101.815262142	125.117275001
156.029746501	137.92914697	114.215804383	149.763084287	128.513909444	131.258514876	148.979493851	118.600141696	117.783139766	187.052919224	114.291458742	135.937847994	121.687671484	109.17939891	126.032087867	148.834322831
127.45436115	149.924440256	114.074238895	123.955754803	149.308913396	99.1280031903	123.990901605	139.68088864	128.300607074	114.291458742	187.052919224	109.890473645	125.562037102	112.227275324	135.523335056	143.585103806
159.475254832	134.971511975	115.372596456	128.662605561	135.56642774	132.3414444	151.578279558	127.102926901	109.049353707	135.937847994	109.890473645	187.052919224	134.987845066	98.0704992978	120.056448484	139.364003228
152.000957246	159.279323653	115.204870078	125.228641402	133.93070094	101.59267215	137.948251003	151.680644954	160.947478276	121.687671484	125.562037102	134.987845066	187.052919224	121.276544923	118.448181595	136.984513275
118.73417999	123.261082894	112.758076922	98.6991024944	97.4881146995	86.5958848771	104.386023385	92.7143432784	116.229821121	109.17939891	112.227275324	98.0704992978	121.276544923	187.052919224	104.070571138	100.317209977
145.32699515	141.178155891	116.745567096	139.412882535	152.709763316	111.598490387	139.000212241	125.981825715	101.815262142	126.032087867	135.523335056	120.056448484	118.448181595	104.070571138	187.052919224	145.621099417
158.350625968	158.463217592	117.859084251	148.910735668	156.934614122	128.693546482	158.78895752	143.541760113	125.117275001	148.834322831	143.585103806	139.364003228	136.984513275	100.317209977	145.621099417	187.052919224
Genotype stats (X^T * X): 	85.8731592398
Gene expression - Genotype stats (Y^T * X): 
1.52480179532	-5.86955011934	-34.7073175267	5.48550742773	-3.46127957645	-1.26633191022	-5.54396323541	-0.785750373834	-12.1251683648	0.98528957682	-4.96742249153	-0.919662390745	-2.25785056127	-7.03869003204	-3.09459035267	-2.5711384999