Tissue	skinnotsunexposedsuprapubic
N_samples	196
Chr	1
Gene	ENSG00000159189.7
SNP	rs12034618
Gene_list	ENSG00000177575.8	ENSG00000173372.12	ENSG00000159189.7	ENSG00000173369.11	ENSG00000011600.7	ENSG00000110077.10	ENSG00000110079.12	ENSG00000165457.9	ENSG00000170458.9	ENSG00000158869.6
Gene expression stats (Y^T * Y): 
187.052919224	110.778778594	120.725891074	120.670063747	77.1737577423	82.6012079242	102.466881885	86.183059617	67.3254435973	89.8520734114
110.778778594	187.052919224	169.137993747	173.005693833	126.394214337	126.207984976	124.695350447	150.539912611	105.136580282	120.817823799
120.725891074	169.137993747	187.052919224	173.24749298	117.088548496	124.194331755	128.794692889	148.540090918	113.996351525	119.23397859
120.670063747	173.005693833	173.24749298	187.052919224	105.797122573	109.843785275	118.426127483	131.176273384	95.5430015932	116.50550875
77.1737577423	126.394214337	117.088548496	105.797122573	187.052919224	125.914949457	82.9914171953	114.058567559	91.5371195596	128.750910448
82.6012079242	126.207984976	124.194331755	109.843785275	125.914949457	187.052919224	127.00237804	137.047911677	88.1526981503	99.3253409772
102.466881885	124.695350447	128.794692889	118.426127483	82.9914171953	127.00237804	187.052919224	149.481476396	92.4426111533	72.4715402305
86.183059617	150.539912611	148.540090918	131.176273384	114.058567559	137.047911677	149.481476396	187.052919224	124.099401199	95.9583565524
67.3254435973	105.136580282	113.996351525	95.5430015932	91.5371195596	88.1526981503	92.4426111533	124.099401199	187.052919224	98.8808576074
89.8520734114	120.817823799	119.23397859	116.50550875	128.750910448	99.3253409772	72.4715402305	95.9583565524	98.8808576074	187.052919224
Genotype stats (X^T * X): 	37.2397959184
Gene expression - Genotype stats (Y^T * X): 
8.40911022103	19.3313709409	22.2679826222	18.026263736	11.040622503	7.48162319508	17.3417160864	19.3957123059	14.3037385978	7.70260823887