Tissue	muscleskeletal
N_samples	358
Chr	19
Gene	ENSG00000142534.2
SNP	rs79476680
Gene_list	ENSG00000221983.3	ENSG00000198242.9	ENSG00000125691.8	ENSG00000108298.5	ENSG00000142541.12	ENSG00000142534.2	ENSG00000162244.6	ENSG00000229117.4	ENSG00000171858.13	ENSG00000136942.10	ENSG00000197756.5
Gene expression stats (Y^T * Y): 
347.94485817	249.536833054	259.259564813	276.657600217	257.894337934	281.241154444	271.022336801	270.055432752	273.522487038	251.619509327	296.32511978
249.536833054	347.94485817	291.354194704	281.04373342	261.270610883	282.382872194	270.510673043	287.808398209	249.805208027	258.974517266	278.54314147
259.259564813	291.354194704	347.94485817	284.844147861	233.875546686	286.12024437	264.394215461	291.671058716	270.406700922	283.244746403	283.836684922
276.657600217	281.04373342	284.844147861	347.94485817	293.16798207	293.094746835	294.591668779	302.069417661	285.244261895	301.173474594	292.666606883
257.894337934	261.270610883	233.875546686	293.16798207	347.94485817	281.468362395	277.763316753	291.332558617	267.33910486	259.334442447	286.287403408
281.241154444	282.382872194	286.12024437	293.094746835	281.468362395	347.94485817	285.752803246	292.021458942	281.027503946	280.39506213	300.789789135
271.022336801	270.510673043	264.394215461	294.591668779	277.763316753	285.752803246	347.94485817	283.290673342	286.654246963	289.320943644	294.312238546
270.055432752	287.808398209	291.671058716	302.069417661	291.332558617	292.021458942	283.290673342	347.94485817	285.469770675	285.564741497	295.306895092
273.522487038	249.805208027	270.406700922	285.244261895	267.33910486	281.027503946	286.654246963	285.469770675	347.94485817	292.964504932	296.745513369
251.619509327	258.974517266	283.244746403	301.173474594	259.334442447	280.39506213	289.320943644	285.564741497	292.964504932	347.94485817	282.604865601
296.32511978	278.54314147	283.836684922	292.666606883	286.287403408	300.789789135	294.312238546	295.306895092	296.745513369	282.604865601	347.94485817
Genotype stats (X^T * X): 	73.9040490503
Gene expression - Genotype stats (Y^T * X): 
-5.85156248474	-15.097034734	-16.7611242461	-1.22028742639	-4.09750828079	-30.5946889771	-4.8961472094	-6.08817802998	-11.8460869292	-9.92181383452	-8.259358415