Tissue	muscleskeletal
N_samples	358
Chr	11
Gene	ENSG00000130595.12
SNP	rs598960
Gene_list	ENSG00000130598.11	ENSG00000130595.12	ENSG00000108515.13	ENSG00000111640.10	ENSG00000109061.9	ENSG00000125414.14	ENSG00000196296.9	ENSG00000149925.12	ENSG00000180209.7	ENSG00000101470.5	ENSG00000086967.9	ENSG00000140416.15	ENSG00000177791.11	ENSG00000106992.13	ENSG00000143318.8	ENSG00000168530.11
Gene expression stats (Y^T * Y): 
347.94485817	331.201619629	224.887489651	220.164200173	215.285030327	233.492712489	252.186220863	239.818949831	299.216700117	283.77710946	276.491804993	307.449533593	224.288838975	227.163905644	212.876782896	240.75677771
331.201619629	347.94485817	216.502956492	231.167415402	231.533024118	234.516170991	251.459823772	235.029708463	301.181557768	288.855929938	283.073272092	308.094528797	218.17588371	236.525397229	212.221223916	234.331065457
224.887489651	216.502956492	347.94485817	262.113743366	206.614319505	223.439811264	277.175447441	286.67122872	219.093314732	190.681303841	240.531519792	264.767184945	224.691328531	181.831173803	238.959176098	257.593920198
220.164200173	231.167415402	262.113743366	347.94485817	223.869950664	146.257830279	228.473942462	283.374054018	187.176467023	197.844090699	263.656216826	231.219259915	118.813641735	183.987854041	148.038701275	182.583865158
215.285030327	231.533024118	206.614319505	223.869950664	347.94485817	148.892071814	255.330363934	226.883073951	204.057698434	210.586859601	276.188909687	209.219621905	150.408425676	155.211153547	162.816388853	163.358012461
233.492712489	234.516170991	223.439811264	146.257830279	148.892071814	347.94485817	233.155380766	168.448605487	252.023842649	163.474726499	213.551801874	277.773842765	247.837570281	130.561354407	249.090848222	276.428697919
252.186220863	251.459823772	277.175447441	228.473942462	255.330363934	233.155380766	347.94485817	260.012385384	243.201420655	217.595824293	267.331029693	269.324163341	227.710077701	171.828879831	235.914986246	251.364830209
239.818949831	235.029708463	286.67122872	283.374054018	226.883073951	168.448605487	260.012385384	347.94485817	209.662053297	210.382422081	248.405948959	234.647996942	165.002295228	172.60920441	171.346809369	199.733550647
299.216700117	301.181557768	219.093314732	187.176467023	204.057698434	252.023842649	243.201420655	209.662053297	347.94485817	277.998122454	252.337911845	306.916425994	262.457604329	212.125343898	248.10711264	256.629938517
283.77710946	288.855929938	190.681303841	197.844090699	210.586859601	163.474726499	217.595824293	210.382422081	277.998122454	347.94485817	239.880580681	261.061452515	214.165581475	232.479300229	187.076107401	183.31549358
276.491804993	283.073272092	240.531519792	263.656216826	276.188909687	213.551801874	267.331029693	248.405948959	252.337911845	239.880580681	347.94485817	275.884182172	176.937273248	221.205270191	204.457461818	229.452172765
307.449533593	308.094528797	264.767184945	231.219259915	209.219621905	277.773842765	269.324163341	234.647996942	306.916425994	261.061452515	275.884182172	347.94485817	247.742869526	216.898280734	256.54195038	285.070086974
224.288838975	218.17588371	224.691328531	118.813641735	150.408425676	247.837570281	227.710077701	165.002295228	262.457604329	214.165581475	176.937273248	247.742869526	347.94485817	169.693603912	293.361569495	266.365039135
227.163905644	236.525397229	181.831173803	183.987854041	155.211153547	130.561354407	171.828879831	172.60920441	212.125343898	232.479300229	221.205270191	216.898280734	169.693603912	347.94485817	195.902155512	165.222495529
212.876782896	212.221223916	238.959176098	148.038701275	162.816388853	249.090848222	235.914986246	171.346809369	248.10711264	187.076107401	204.457461818	256.54195038	293.361569495	195.902155512	347.94485817	278.821901131
240.75677771	234.331065457	257.593920198	182.583865158	163.358012461	276.428697919	251.364830209	199.733550647	256.629938517	183.31549358	229.452172765	285.070086974	266.365039135	165.222495529	278.821901131	347.94485817
Genotype stats (X^T * X): 	67.0826690056
Gene expression - Genotype stats (Y^T * X): 
-38.2519227093	-45.654812829	-17.7671058597	-36.3483860636	-24.1129302183	-23.7245564365	-16.4480265856	-24.9373550283	-35.7205111867	-34.3483602277	-31.0230181747	-30.2892115352	-19.9013226951	-28.5915907607	-11.5579993846	-12.2740879506