Tissue	muscleskeletal
N_samples	358
Chr	9
Gene	ENSG00000148303.12
SNP	rs2519093
Gene_list	ENSG00000115268.5	ENSG00000140988.11	ENSG00000171863.8	ENSG00000130255.8	ENSG00000116251.5	ENSG00000161970.8	ENSG00000166441.8	ENSG00000144713.8	ENSG00000110700.2	ENSG00000105640.8	ENSG00000221983.3	ENSG00000134419.11	ENSG00000137154.8	ENSG00000174748.14	ENSG00000142676.8	ENSG00000198242.9	ENSG00000122026.6	ENSG00000231500.2	ENSG00000124614.9	ENSG00000198755.6	ENSG00000125691.8	ENSG00000108298.5	ENSG00000168028.9	ENSG00000105193.4	ENSG00000188846.9	ENSG00000145592.9	ENSG00000131469.8	ENSG00000105372.2	ENSG00000142937.7	ENSG00000265681.2	ENSG00000063177.8	ENSG00000142541.12	ENSG00000142534.2	ENSG00000162244.6	ENSG00000170889.9	ENSG00000143947.8	ENSG00000108107.8	ENSG00000229117.4	ENSG00000008988.5	ENSG00000083845.4	ENSG00000171858.13	ENSG00000149806.6	ENSG00000174444.10	ENSG00000137818.7	ENSG00000172809.8	ENSG00000147604.9	ENSG00000149273.10	ENSG00000138326.14	ENSG00000186468.8	ENSG00000167526.9	ENSG00000156482.6	ENSG00000114391.8	ENSG00000071082.6	ENSG00000109475.12	ENSG00000089009.11	ENSG00000118181.6	ENSG00000136942.10	ENSG00000197958.8	ENSG00000112306.7	ENSG00000148303.12	ENSG00000104529.13	ENSG00000161016.11	ENSG00000164587.7	ENSG00000145425.5	ENSG00000177954.7	ENSG00000204628.7	ENSG00000182899.10	ENSG00000114942.9	ENSG00000197756.5
Gene expression stats (Y^T * Y): 
347.94485817	237.714604933	216.971877545	277.249540748	186.279086874	167.491740918	227.922221568	237.873590083	190.394454271	293.604512724	252.164898581	213.169915234	190.353289622	167.950797841	171.607928154	221.730630372	228.3697307	189.205282786	261.733258453	198.772084132	218.880047309	256.865947795	187.196237135	260.61823165	208.260616382	255.808410342	251.02636749	277.821073004	190.624429179	187.224693854	268.06220072	283.452798219	255.934016139	278.726321366	258.980921159	203.170467686	274.386890048	246.918453665	197.058253875	263.860447415	277.35817242	283.686173539	144.064060621	283.299555236	279.260156789	146.962328691	231.388600285	158.470601768	223.098084129	292.356211602	205.971141821	204.670144993	196.846217912	193.386899816	150.70881834	168.555289486	271.451733955	156.862263554	226.653368978	242.877853505	239.570351715	267.336001033	239.10408465	169.913665424	174.976304472	214.913382972	184.224842449	148.271727355	278.475691328
237.714604933	347.94485817	195.961086082	216.96215334	156.021385989	186.906667236	208.499705512	218.145840434	180.440555409	278.220843658	204.015896642	168.666418072	225.899750996	207.364371524	199.477611601	210.381501684	190.897837313	208.462039814	230.034280978	220.617298854	185.222860119	252.841249331	234.14946852	228.100195854	209.346533596	216.739983458	204.704745618	262.928681748	234.66733693	219.362665784	248.360983212	267.571020454	224.712811383	240.699415902	224.242722858	201.222185141	261.596881128	228.861812309	171.513679892	264.255520917	226.161862639	226.08320784	210.471248013	221.719356296	223.197776441	193.994009358	214.066245036	174.977185657	210.384596538	255.932609952	179.261550099	195.802337032	193.51722593	170.624857	178.495992572	147.448426494	241.711336754	203.452981893	247.171684449	273.376969211	199.691861621	262.293265812	200.9997454	169.944615977	184.580946347	237.562052676	155.85514225	176.457838022	220.987359065
216.971877545	195.961086082	347.94485817	234.049480277	203.051536662	227.41304566	284.034937293	217.123948083	237.386237672	232.363799038	180.375198324	266.578325547	268.434166103	172.471610303	251.388170507	229.705922923	217.663286639	226.84168907	260.202106238	220.670262958	246.005273076	236.879162971	230.027352254	209.995055849	232.818427671	234.24409296	273.055374216	244.184261459	219.775549463	281.970566739	229.688250753	220.031851476	227.04734419	231.217737156	193.407551862	246.015639065	220.516111736	242.678621907	234.441243347	256.11092863	220.659117249	206.139464585	170.351552862	210.556684271	217.100881813	204.15161771	256.574762407	204.508770853	215.886822308	208.188126946	226.59958505	258.569614608	206.81495842	253.456092429	218.616917939	221.826093649	245.307015143	154.107164416	268.900924323	263.713693007	177.075413836	233.072937182	197.74288778	258.370425639	214.309688708	185.097847117	268.137252255	215.906048422	220.605253121
277.249540748	216.96215334	234.049480277	347.94485817	213.046373647	218.152127282	229.329014457	261.2257079	194.294934021	251.017376997	241.878562811	206.483459914	228.399007597	189.267840333	208.303988851	245.566302217	236.214248425	229.802136859	242.554692267	226.356828769	263.903200086	253.001026894	138.15389719	253.386032036	211.910494973	291.493271635	261.920786811	277.454082123	241.459089573	204.643914662	222.479961814	256.142570924	254.85698051	259.307063481	229.727448907	223.263293423	236.969557578	260.224505093	165.593281878	248.640085828	272.174430958	258.343732023	124.051529493	261.375564276	291.771855477	185.268134328	209.05606305	212.919025715	214.223085854	260.147910766	199.940825689	229.952438361	259.252332189	238.218115921	113.551258334	179.851909959	278.429928217	202.97917905	241.594523937	237.879652372	177.785799998	264.946207248	222.430418947	200.918545191	154.14323317	186.803886648	239.596619747	144.868692365	278.011666908
186.279086874	156.021385989	203.051536662	213.046373647	347.94485817	162.800438593	195.176982603	211.658435612	212.905805933	198.464745435	204.359964667	227.088590207	179.848172985	131.37072882	144.738264138	243.99882316	270.154672304	186.314775763	202.469062029	196.806980907	234.913845957	225.290225747	109.814708396	203.790193984	221.794681676	248.022061384	234.578349537	199.983692271	147.088088352	163.003875117	155.484438788	230.374409322	215.198322057	221.931205892	176.410229788	218.359077872	175.001838578	245.251801498	171.492558897	196.567560811	210.409360431	245.214214493	166.434617402	232.300420846	253.723301978	193.233105943	181.920989829	177.577453755	236.551667787	172.422618182	253.393941892	197.397907404	193.977938152	182.781722597	118.246870611	183.516163862	183.772578882	147.759349411	208.99440503	213.326304074	183.766531887	186.328570687	204.691455246	186.993628869	145.739814227	154.387514129	207.930691125	238.696207822	232.217613298
167.491740918	186.906667236	227.41304566	218.152127282	162.800438593	347.94485817	241.326626601	294.383832355	251.381514406	178.001262586	192.114480774	208.6502218	280.46041628	237.456471023	246.913479669	249.991418202	144.749020726	262.587016688	242.039114379	253.562141903	272.881252606	255.64151324	135.56292603	205.541483749	221.893994384	233.906719442	276.168645158	190.800467607	282.402476997	250.057829548	193.400338421	179.58632094	216.74778828	227.372919352	166.380406453	244.911471264	168.345949073	252.403015066	176.32884406	208.446226299	246.724455281	152.58771436	182.69184199	180.411956241	235.969952794	292.846114387	206.188518395	303.325263869	240.494259096	208.20861936	242.412400567	278.787969485	295.555574326	304.286045384	214.134958682	253.687778016	264.160062147	262.866426209	249.861381562	234.040983613	67.3395348949	185.796187485	161.480195835	278.543299278	267.302604887	197.530414464	263.190914466	137.487387414	226.281149221
227.922221568	208.499705512	284.034937293	229.329014457	195.176982603	241.326626601	347.94485817	235.283563761	272.623976808	246.405274667	200.492816316	272.022805919	267.087146123	184.654864215	257.432392559	258.010232181	180.499575153	241.764132755	267.774680938	247.268930473	258.125678181	264.807984464	238.309818081	217.741889915	243.428971854	230.915104569	279.986726	229.173542422	248.332966421	255.216929486	247.624407811	233.216893558	246.641470816	251.084910546	230.310946281	254.459607267	240.0144708	262.488512008	272.321006648	272.343063406	235.070674601	206.243025088	197.857236105	233.394853145	221.885957203	223.142522581	236.1630639	234.688442471	232.786884271	224.665559271	263.867354739	269.269795588	224.800460354	277.875862933	224.975156739	267.376433477	277.051580018	202.223245437	292.317732553	262.706826713	167.263419316	231.017200389	220.240717778	264.853150252	258.317818079	190.468053235	274.206227757	213.428613059	237.505152134
237.873590083	218.145840434	217.123948083	261.2257079	211.658435612	294.383832355	235.283563761	347.94485817	266.785186417	227.850710637	263.274990368	240.945426803	249.456828721	223.517742054	209.187877785	268.687188908	198.589069446	276.818273027	260.725154855	264.331010788	290.898353371	298.837301091	141.935033046	264.563602847	254.264802022	285.391743802	297.280260501	234.704036348	264.528760296	201.283250859	217.363868591	252.42139412	278.173408554	286.531509632	222.114273074	222.700379247	203.360126555	288.851364246	189.069996495	241.041354255	307.179645417	229.1794936	211.802948229	235.206480306	299.272880655	271.840152025	216.888227573	280.627682882	272.853557036	251.241513269	277.934678093	272.195793034	311.031455925	281.039823017	178.490576927	243.207457544	290.853468144	264.23289009	252.962996924	256.487500045	129.873016946	236.231510211	224.905690539	245.921869391	246.646892535	243.931635848	241.688982177	155.5311625	293.283372865
190.394454271	180.440555409	237.386237672	194.294934021	212.905805933	251.381514406	272.623976808	266.785186417	347.94485817	225.088864668	219.153239215	286.028693973	242.27375967	216.939937469	217.838023285	267.375523466	153.291179711	258.825927692	264.643172019	267.446763567	267.458260351	257.273141066	190.975766191	219.570661965	253.684878996	216.831358694	288.267288982	176.724159989	231.586661822	216.039095064	211.349032298	214.922333044	258.135672365	257.996260855	210.881598876	247.046089053	196.712427034	276.293636334	263.581312118	252.608048968	263.003720369	197.716656223	245.519274297	192.485735868	227.667440748	269.854058123	201.406475007	254.627971191	261.020654902	190.247185437	306.219259202	283.000810504	249.217619524	281.377083489	247.418673511	293.929157955	257.294997297	197.25288029	273.116056636	238.730064732	142.049555189	200.537957194	227.587420451	279.321225703	296.861606557	221.023328984	259.661903185	207.398134718	240.189381092
293.604512724	278.220843658	232.363799038	251.017376997	198.464745435	178.001262586	246.405274667	227.850710637	225.088864668	347.94485817	251.018565384	229.249678769	241.253417361	197.545192801	217.250498691	247.616978756	225.275254759	210.580479639	271.260566029	244.081011211	227.222016542	282.376967028	235.397127702	269.450048322	231.509836248	249.108772502	249.451152857	285.791564307	227.688028268	233.923395698	284.6559096	300.895093044	277.201617748	278.804621583	278.901970338	242.909562093	296.988148975	269.486151661	225.316059375	304.292375695	262.738909732	283.902279291	212.375152984	281.66606845	257.170779607	186.396589076	234.164497202	183.015326598	240.880308482	287.39750238	227.55567143	233.463216289	204.84739786	203.330488857	192.491406323	196.681238541	283.278304306	183.932839455	274.388245816	283.19021002	257.321657072	286.524103191	252.704159408	194.288783278	209.784977274	232.1051888	204.746174277	212.072053247	269.545731781
252.164898581	204.015896642	180.375198324	241.878562811	204.359964667	192.114480774	200.492816316	263.274990368	219.153239215	251.018565384	347.94485817	208.940638094	195.422966753	174.0527587	191.650298681	249.536833054	196.169702501	205.27832031	245.372993875	231.233547812	259.259564813	276.657600217	122.441226475	257.35932651	236.336414091	268.41702677	240.661080923	222.086348299	176.276497762	150.447209967	219.26466799	257.894337934	281.241154444	271.022336801	238.405238912	185.141178732	219.655729042	270.055432752	193.738772775	262.007196221	273.522487038	254.023889682	180.688370432	244.80012867	281.318022774	204.770136087	183.1961789	205.357983502	251.162327645	237.663276454	246.04220178	225.443822196	229.423149207	204.315480627	148.680842222	201.679474594	251.619509327	173.922897468	230.008609157	233.175435493	194.219464483	233.747452959	242.40928329	159.8430521	204.923052255	217.401994576	200.05824386	152.773244589	296.32511978
213.169915234	168.666418072	266.578325547	206.483459914	227.088590207	208.6502218	272.022805919	240.945426803	286.028693973	229.249678769	208.940638094	347.94485817	236.135836286	186.81684052	212.119738758	259.094594481	201.21108895	218.933309558	253.622409078	253.681542406	258.605355118	239.761292812	197.988554671	216.948101356	245.361590657	227.18462685	281.369646579	203.192893144	201.881537756	228.461091001	233.643571056	232.485490205	265.286831401	253.809568552	220.326210985	238.451061772	219.235353529	262.277084595	266.798557919	245.804293898	243.530419676	219.97306197	202.604396345	208.771641991	231.109839922	221.561794786	243.339040459	214.004750093	251.820278606	209.724276886	282.091281564	271.715689824	218.542079918	252.709205115	219.166644812	254.9419367	240.440228289	157.150550356	271.811757612	254.690610944	201.559413923	215.699583081	223.528220989	264.588062615	244.124607681	205.227156969	265.862436144	226.111008892	247.53370999
190.353289622	225.899750996	268.434166103	228.399007597	179.848172985	280.46041628	267.087146123	249.456828721	242.27375967	241.253417361	195.422966753	236.135836286	347.94485817	223.196893446	285.883838368	258.350553043	184.984493988	247.322053068	249.622837297	275.429009906	267.033190122	268.073711803	210.035396094	218.736481566	243.231287698	240.568557008	256.853990448	239.436923518	286.452364656	294.121507862	245.920024628	233.877810524	243.538701969	234.711559869	222.582021408	267.19990223	233.786842825	266.47003008	226.219743151	263.10000198	225.135812246	187.951160338	223.544641664	220.607335986	224.275924277	272.741900854	238.392835125	272.283350543	247.992258686	232.919287376	231.464206866	284.595485546	258.708341458	286.444641224	229.172229609	254.944937309	271.531138929	242.868038451	289.749740324	281.935483653	161.837879505	241.79460236	200.89784695	268.014205423	252.129881693	202.157697055	283.918357127	196.825704604	232.683435396
167.950797841	207.364371524	172.471610303	189.267840333	131.37072882	237.456471023	184.654864215	223.517742054	216.939937469	197.545192801	174.0527587	186.81684052	223.196893446	347.94485817	188.044626014	192.531395762	101.589765791	195.052432527	223.862611082	245.86946397	209.661014304	207.837404337	168.434062659	186.92687661	203.90594484	177.996081703	207.700318361	168.109660131	259.133218958	206.701571353	215.556195799	171.072506641	198.537275653	212.840582779	185.291702593	179.447138018	185.824246171	191.028237467	156.554129096	210.663781701	208.4434027	148.896440901	202.946315885	152.234700998	188.153010659	249.5936132	190.167612181	222.483354818	210.204200206	204.1698957	184.8317043	232.602440987	229.419953774	216.909647814	229.388071859	195.363428489	218.122667727	198.732647178	218.268105716	228.03819158	93.083778935	189.979194787	160.029124974	222.243934087	204.223674469	229.618580579	186.116483717	120.068275512	195.627479141
171.607928154	199.477611601	251.388170507	208.303988851	144.738264138	246.913479669	257.432392559	209.187877785	217.838023285	217.250498691	191.650298681	212.119738758	285.883838368	188.044626014	347.94485817	242.895068771	139.58048713	231.628353093	223.645560167	244.983703481	261.44633658	241.721825033	194.629102654	190.711616328	209.383221926	213.863098811	220.646819301	197.437805881	256.948735076	262.743801594	233.05010429	203.363184337	240.466333128	201.747411032	194.93549481	236.553875831	224.817517728	242.724401951	230.703588806	243.681127794	186.127733627	152.687362931	192.007013267	185.19727709	185.811241209	250.721617891	202.847585451	243.1170897	212.945858953	189.019575597	216.274072505	255.578090543	231.253831654	255.953064508	220.239478229	229.87943743	244.337808906	199.377489475	272.221604857	250.858644596	134.103134659	213.398696858	169.295694704	236.214273248	241.317682384	184.098342223	286.153551716	150.458263636	210.02517662
221.730630372	210.381501684	229.705922923	245.566302217	243.99882316	249.991418202	258.010232181	268.687188908	267.375523466	247.616978756	249.536833054	259.094594481	258.350553043	192.531395762	242.895068771	347.94485817	210.516339804	250.406086151	241.921942075	256.378150827	291.354194704	281.04373342	161.833371903	233.769083685	252.54630862	265.002352296	273.310002019	225.610143521	241.638114435	230.333898724	234.800207672	261.270610883	282.382872194	270.510673043	211.458276522	281.306425296	227.376568908	287.808398209	236.379604159	251.396376405	249.805208027	239.082660956	202.810051709	253.780567956	259.402237117	267.500419101	216.844360645	263.571157871	271.84477191	224.822411044	286.552800067	275.010756128	270.644553227	262.998113036	207.451249103	256.030364305	258.974517266	212.952685454	282.997005492	270.673728906	191.53252724	241.101388966	223.443452873	256.105173654	243.85422757	218.437319327	279.79522752	211.324012086	278.54314147
228.3697307	190.897837313	217.663286639	236.214248425	270.154672304	144.749020726	180.499575153	198.589069446	153.291179711	225.275254759	196.169702501	201.21108895	184.984493988	101.589765791	139.58048713	210.516339804	347.94485817	162.931905332	204.086517588	181.410377343	206.659578662	221.083079822	149.297362557	222.840077302	195.9241863	263.945847912	217.81195219	267.482757674	148.807245007	192.098005959	181.847941084	258.111956143	204.356173154	211.265946451	191.29731173	213.655236488	204.712715069	238.419507207	136.900513108	212.271855096	216.599810303	268.029982979	139.028256824	246.802445216	258.095091744	138.699920413	206.885972238	127.635130362	212.032125452	200.093266115	188.400782009	174.663355658	159.83420231	154.391863489	79.8340073231	128.353714875	188.539372772	140.699955895	210.853085005	231.557657628	223.018977713	225.664638614	206.39976392	145.023743121	99.6306277615	152.543524957	173.058418583	224.124898532	235.398002002
189.205282786	208.462039814	226.84168907	229.802136859	186.314775763	262.587016688	241.764132755	276.818273027	258.825927692	210.580479639	205.27832031	218.933309558	247.322053068	195.052432527	231.628353093	250.406086151	162.931905332	347.94485817	239.509377998	238.049461925	265.279076187	260.521439724	158.162661647	227.42043235	221.428114256	241.620905343	265.632246721	215.526460655	252.522090601	211.930697648	199.982849126	227.771656627	248.392791624	247.717520634	203.832270421	231.733700852	194.389627686	271.741461607	200.377072375	238.816388971	260.337231891	192.17906632	203.619086306	188.765157158	233.296183852	253.783134671	189.874814299	248.635419037	227.092372226	204.563313228	252.185866349	254.349964496	280.480394745	261.66620637	178.272432239	219.968740818	262.523188775	234.309610492	257.79191268	238.792885239	118.64188966	223.745172738	190.840384978	234.837294044	244.669501117	219.035874344	246.721724162	159.275518548	235.598336343
261.733258453	230.034280978	260.202106238	242.554692267	202.469062029	242.039114379	267.774680938	260.725154855	264.643172019	271.260566029	245.372993875	253.622409078	249.622837297	223.862611082	223.645560167	241.921942075	204.086517588	239.509377998	347.94485817	245.129541391	250.30261833	259.962927568	222.585032988	251.56718965	233.157316639	245.033069834	304.722898776	256.82405667	237.316701483	248.014379006	268.868447728	250.119833539	253.670946617	272.579753671	242.00368799	246.197023923	244.17492829	272.825041054	226.853883299	287.762391576	288.101532235	256.579034646	185.539181946	253.580813601	255.860675499	227.47506251	267.82226935	214.094987369	258.427901209	257.088961816	242.202810906	256.022264629	232.907063849	248.593106286	222.709755319	215.84845439	270.514688496	179.90949279	275.540945318	269.168873652	196.426403498	243.584870688	244.102823853	250.637500269	250.258391191	219.37555255	230.092135627	181.242240908	259.295584136
198.772084132	220.617298854	220.670262958	226.356828769	196.806980907	253.562141903	247.268930473	264.331010788	267.446763567	244.081011211	231.233547812	253.681542406	275.429009906	245.86946397	244.983703481	256.378150827	181.410377343	238.049461925	245.129541391	347.94485817	277.741854989	273.591374389	182.038945363	239.259124082	243.562679851	240.900469038	247.958689707	221.056428736	272.471248613	239.397944047	235.023457208	236.483076515	266.598250932	253.807738229	247.450339809	240.932447162	229.94374976	278.251002472	220.458314649	263.1695639	246.493455541	209.314883291	245.882110078	214.395409257	243.089932948	274.964012919	208.098042711	258.436319187	260.102549945	238.654473116	259.288112703	284.742525699	255.672301187	265.076232456	204.302525491	264.540048392	271.899787231	249.462548982	280.375891576	263.506568457	157.270545463	231.661175851	214.629899313	245.174408613	253.936656435	217.180479906	255.995374266	198.983063799	253.276269239
218.880047309	185.222860119	246.005273076	263.903200086	234.913845957	272.881252606	258.125678181	290.898353371	267.458260351	227.222016542	259.259564813	258.605355118	267.033190122	209.661014304	261.44633658	291.354194704	206.659578662	265.279076187	250.30261833	277.741854989	347.94485817	284.844147861	143.958683397	246.257835454	241.851623567	287.401722099	286.179216279	224.416807279	256.335871814	224.894011861	223.66053045	233.875546686	286.12024437	264.394215461	229.121583851	245.045139028	215.165149575	291.671058716	226.443455996	248.640745276	270.406700922	224.26166893	198.096845842	233.689416631	279.964594932	270.617655466	206.965130558	267.595448366	267.628414404	228.333922681	284.767558784	287.263665358	290.485792021	288.752428686	185.816807409	263.139798398	283.244746403	231.896875165	281.80464924	250.020998388	136.274040024	232.564662001	225.267168662	247.830025027	248.165914766	206.254250257	299.31889312	178.809525591	283.836684922
256.865947795	252.841249331	236.879162971	253.001026894	225.290225747	255.64151324	264.807984464	298.837301091	257.273141066	282.376967028	276.657600217	239.761292812	268.073711803	207.837404337	241.721825033	281.04373342	221.083079822	260.521439724	259.962927568	273.591374389	284.844147861	347.94485817	190.779657022	275.259596901	273.567750723	288.485992468	276.08027004	268.064926295	259.463211078	225.67967082	258.324548897	293.16798207	293.094746835	294.591668779	265.77236334	250.174025158	247.33593649	302.069417661	226.127833181	285.187121197	285.244261895	262.712008983	254.894930622	273.56457461	286.186654705	262.161256943	226.171289302	261.129314738	289.657151179	270.212683678	278.988810935	275.641300746	271.120081909	265.083387422	190.683934149	250.842393432	301.173474594	260.520698421	279.24494781	287.056499167	188.556821694	261.634603562	247.502101501	222.755954384	249.632919811	250.90786507	243.512520775	203.112112212	292.666606883
187.196237135	234.14946852	230.027352254	138.15389719	109.814708396	135.56292603	238.309818081	141.935033046	190.975766191	235.397127702	122.441226475	197.988554671	210.035396094	168.434062659	194.629102654	161.833371903	149.297362557	158.162661647	222.585032988	182.038945363	143.958683397	190.779657022	347.94485817	160.063348896	186.435938906	152.226491884	191.276348811	211.230883513	197.207361195	243.185279263	242.959649625	212.499056337	168.038916808	178.91492777	188.741826991	196.981338377	229.52677082	172.01529701	221.408668888	244.364958266	166.041483881	164.992815953	208.717514772	174.598190381	130.373728354	160.592036792	229.043270406	128.288005389	177.920799032	182.026531703	158.063828516	168.395352693	122.864537548	160.925276406	222.074926692	153.1208492	192.177060699	136.668817125	237.668586478	244.015444712	176.584592916	194.689362919	171.335070156	184.785345902	175.764589507	192.498881909	154.134676462	190.04172811	156.434718168
260.61823165	228.100195854	209.995055849	253.386032036	203.790193984	205.541483749	217.741889915	264.563602847	219.570661965	269.450048322	257.35932651	216.948101356	218.736481566	186.92687661	190.711616328	233.769083685	222.840077302	227.42043235	251.56718965	239.259124082	246.257835454	275.259596901	160.063348896	347.94485817	229.826032449	272.724918181	253.451512889	265.832498517	211.52687829	199.49263454	234.344518818	274.979940226	266.00453283	263.21184522	256.822096107	203.584261594	247.268890629	266.689788042	185.770317553	262.757864692	283.072900048	263.336251228	191.325541329	245.493369599	274.646374257	196.316832968	211.907023929	195.685131701	258.552881524	252.169466995	231.638932301	230.188557355	236.016182632	212.386718492	140.919670593	186.156094834	266.209350165	197.214238459	246.698185658	247.91471049	200.248306016	258.508497213	231.972238684	174.783902667	192.895875336	205.956185061	206.881858168	163.716392607	276.298401547
208.260616382	209.346533596	232.818427671	211.910494973	221.794681676	221.893994384	243.428971854	254.264802022	253.684878996	231.509836248	236.336414091	245.361590657	243.231287698	203.90594484	209.383221926	252.54630862	195.9241863	221.428114256	233.157316639	243.562679851	241.851623567	273.567750723	186.435938906	229.826032449	347.94485817	241.459569349	255.286305034	208.580581383	214.676562777	213.780791032	220.869212251	244.143634132	247.951094375	267.933500076	203.296145899	223.889066352	218.175811205	250.984150873	228.817983871	255.264438593	238.327319546	218.944117301	226.799632416	220.06351719	247.038589564	239.914248159	213.73746891	237.207408385	260.412403654	204.629784366	269.185637176	255.363246622	229.426246467	240.496938727	221.696912205	241.351508211	240.775320951	197.265289419	242.420491996	263.039647014	176.398866177	225.415395882	214.666477739	227.779843155	223.922703835	226.571301019	230.494638535	220.435266735	253.740622705
255.808410342	216.739983458	234.24409296	291.493271635	248.022061384	233.906719442	230.915104569	285.391743802	216.831358694	249.108772502	268.41702677	227.18462685	240.568557008	177.996081703	213.863098811	265.002352296	263.945847912	241.620905343	245.033069834	240.900469038	287.401722099	288.485992468	152.226491884	272.724918181	241.459569349	347.94485817	268.159294886	269.243972726	223.894037005	208.908862834	219.08958784	280.723732114	271.365174647	269.408090073	237.878487975	223.145909155	234.310884033	291.471701789	193.135217185	257.93590654	278.326361763	260.142317612	182.909693842	271.326273557	313.119858117	212.316652886	202.613799128	228.288771682	262.821831969	244.519871667	251.908807507	230.764794799	269.109158754	237.205084768	120.813109841	196.380330616	270.473458766	222.764523948	262.572268507	253.534818419	187.479126812	255.406016677	246.881699097	184.864989717	183.323547482	202.923398961	234.46839697	179.508260748	305.354852717
251.02636749	204.704745618	273.055374216	261.920786811	234.578349537	276.168645158	279.986726	297.280260501	288.267288982	249.451152857	240.661080923	281.369646579	256.853990448	207.700318361	220.646819301	273.310002019	217.81195219	265.632246721	304.722898776	247.958689707	286.179216279	276.08027004	191.276348811	253.451512889	255.286305034	268.159294886	347.94485817	245.974727132	249.642336279	241.069200124	245.931104239	247.175365959	269.98462676	280.436383802	228.755383006	262.376531443	221.018289823	287.296789106	231.238297009	264.799449952	305.011135689	250.68367465	183.857434465	256.292127491	283.072124249	245.368135813	256.029516983	257.373362211	271.927970767	252.03536565	277.461878682	278.401789194	274.880213079	290.002679048	208.627201967	245.971619878	289.598947279	210.770669854	274.59608343	265.717766917	166.660680678	237.676733282	237.162367396	280.057430838	257.599370646	217.461031882	267.554849103	196.970728786	275.680523509
277.821073004	262.928681748	244.184261459	277.454082123	199.983692271	190.800467607	229.173542422	234.704036348	176.724159989	285.791564307	222.086348299	203.192893144	239.436923518	168.109660131	197.437805881	225.610143521	267.482757674	215.526460655	256.82405667	221.056428736	224.416807279	268.064926295	211.230883513	265.832498517	208.580581383	269.243972726	245.974727132	347.94485817	229.25692158	251.717530066	261.328480452	295.065111134	245.728240936	250.060360458	258.468131791	248.995074939	273.722180263	263.568846087	184.371985898	277.733154104	258.91312759	287.573111031	169.166410874	266.755583662	262.449188032	165.67078943	247.934453973	165.788412904	227.845714961	273.984021093	185.953359767	223.328897024	212.605023206	200.782120883	132.128137456	149.763766192	268.475630348	192.066054139	262.735125332	275.33056589	229.884459126	282.856338948	224.309754728	179.881069461	168.072601302	193.388417357	199.669039661	183.713245206	265.383354315
190.624429179	234.66733693	219.775549463	241.459089573	147.088088352	282.402476997	248.332966421	264.528760296	231.586661822	227.688028268	176.276497762	201.881537756	286.452364656	259.133218958	256.948735076	241.638114435	148.807245007	252.522090601	237.316701483	272.471248613	256.335871814	259.463211078	197.207361195	211.52687829	214.676562777	223.894037005	249.642336279	229.25692158	347.94485817	255.958058966	241.546436068	220.408640902	232.130768478	231.977056187	220.768601437	247.707653732	211.933840592	250.473214351	191.112020546	246.090213353	235.418657404	178.260067618	210.167223082	207.185914836	216.734277645	270.418942658	208.351600652	272.26592394	223.143769552	237.371899485	202.61119616	265.870177501	286.901653157	279.842487795	198.495997949	226.224959777	283.683776057	279.209385662	271.41283992	260.696971678	101.88205023	233.931295972	182.737902046	257.885504135	223.061766528	210.445938578	253.474512352	150.775856705	222.714188246
187.224693854	219.362665784	281.970566739	204.643914662	163.003875117	250.057829548	255.216929486	201.283250859	216.039095064	233.923395698	150.447209967	228.461091001	294.121507862	206.701571353	262.743801594	230.333898724	192.098005959	211.930697648	248.014379006	239.397944047	224.894011861	225.67967082	243.185279263	199.49263454	213.780791032	208.908862834	241.069200124	251.717530066	255.958058966	347.94485817	249.045050713	218.074760988	202.62052183	198.951998887	193.703051118	284.713373746	242.487564539	231.444013123	218.861435037	247.007284455	199.261628002	185.521178576	183.826353376	193.561755931	184.243165313	232.496547436	260.581751849	217.897561063	221.605819499	216.902661196	192.544130791	259.238766602	210.928073739	246.89650033	231.816808069	204.860949208	234.218643199	186.792681531	279.750425298	275.908800686	172.885064839	228.90152049	161.171213325	263.261828109	221.459664464	173.266479219	259.187214772	200.482986208	199.425895661
268.06220072	248.360983212	229.688250753	222.479961814	155.484438788	193.400338421	247.624407811	217.363868591	211.349032298	284.6559096	219.26466799	233.643571056	245.920024628	215.556195799	233.05010429	234.800207672	181.847941084	199.982849126	268.868447728	235.023457208	223.66053045	258.324548897	242.959649625	234.344518818	220.869212251	219.08958784	245.931104239	261.328480452	241.546436068	249.045050713	347.94485817	275.873481568	257.113369506	253.447344332	268.913594564	237.892184916	289.413677664	255.272918245	246.318644942	286.884309316	234.402897607	254.971968948	207.411664964	259.986762134	216.934551086	199.837819788	269.38090975	184.915554042	239.487564756	259.554035966	202.062749024	239.69178313	206.720255584	213.649067262	224.189480922	194.403941779	251.218778311	181.078041179	263.179028266	282.452152583	228.908164172	260.213626233	230.207073992	208.639647328	218.175382923	233.804815622	226.710449843	150.677518798	251.910487162
283.452798219	267.571020454	220.031851476	256.142570924	230.374409322	179.58632094	233.216893558	252.42139412	214.922333044	300.895093044	257.894337934	232.485490205	233.877810524	171.072506641	203.363184337	261.270610883	258.111956143	227.771656627	250.119833539	236.483076515	233.875546686	293.16798207	212.499056337	274.979940226	244.143634132	280.723732114	247.175365959	295.065111134	220.408640902	218.074760988	275.873481568	347.94485817	281.468362395	277.763316753	275.531843601	242.651139	281.935266465	291.332558617	223.707498572	288.496132979	267.33910486	290.482573599	224.446972338	282.165255048	271.196926611	202.174977832	240.949809808	190.061622741	262.97086349	271.025726412	239.671064191	226.63732885	229.468568927	203.864382034	158.339860766	179.238886468	259.334442447	203.19994844	268.996365804	285.733927245	264.134986585	285.86006232	247.942866406	183.344093569	186.544298799	246.303633419	209.899753488	198.827622629	286.287403408
255.934016139	224.712811383	227.04734419	254.85698051	215.198322057	216.74778828	246.641470816	278.173408554	258.135672365	277.201617748	281.241154444	265.286831401	243.538701969	198.537275653	240.466333128	282.382872194	204.356173154	248.392791624	253.670946617	266.598250932	286.12024437	293.094746835	168.038916808	266.00453283	247.951094375	271.365174647	269.98462676	245.728240936	232.130768478	202.62052183	257.113369506	281.468362395	347.94485817	285.752803246	258.815881445	229.305790871	257.700390926	292.021458942	240.893190262	276.610718407	281.027503946	262.785731713	213.396804537	250.593422745	275.143983349	229.497001502	215.444521964	235.073836959	261.175037184	251.863584204	276.754938491	276.590290419	263.600789095	247.29776278	186.503486433	241.894253749	280.39506213	203.329596664	276.307574911	275.461503867	208.367413146	269.7173941	254.8385366	220.918855783	238.638118556	246.232877148	262.232096615	183.649192836	300.789789135
278.726321366	240.699415902	231.217737156	259.307063481	221.931205892	227.372919352	251.084910546	286.531509632	257.996260855	278.804621583	271.022336801	253.809568552	234.711559869	212.840582779	201.747411032	270.510673043	211.265946451	247.717520634	272.579753671	253.807738229	264.394215461	294.591668779	178.91492777	263.21184522	267.933500076	269.408090073	280.436383802	250.060360458	231.977056187	198.951998887	253.447344332	277.763316753	285.752803246	347.94485817	250.673841046	217.822559158	246.820379415	283.290673342	226.866754666	286.136905243	286.654246963	267.012845216	218.596601051	272.229737035	285.350905711	227.65335377	220.255578178	224.84682645	268.672875675	277.91005328	274.139046802	255.340823391	257.144819963	238.622801329	200.86208785	235.249598159	289.320943644	201.541853113	256.892472753	277.146108756	208.399895783	266.804736057	250.493890339	222.411078717	236.161509506	252.640160712	225.838440728	187.855181292	294.312238546
258.980921159	224.242722858	193.407551862	229.727448907	176.410229788	166.380406453	230.310946281	222.114273074	210.881598876	278.901970338	238.405238912	220.326210985	222.582021408	185.291702593	194.93549481	211.458276522	191.29731173	203.832270421	242.00368799	247.450339809	229.121583851	265.77236334	188.741826991	256.822096107	203.296145899	237.878487975	228.755383006	258.468131791	220.768601437	193.703051118	268.913594564	275.531843601	258.815881445	250.673841046	347.94485817	207.235048085	263.97953824	261.865996134	217.8886721	279.606666011	247.732133235	262.087268323	204.824701715	251.311159597	237.863497494	179.244424685	198.819524284	176.347929654	231.658249205	258.921694991	209.226862516	227.179450733	205.945670479	206.129453764	152.520568659	192.70922279	270.872781217	192.800032945	250.240773267	239.860778302	209.929929939	252.928269859	240.691245286	165.420641305	197.172964125	191.925667457	204.151341692	167.299081039	252.996656104
203.170467686	201.222185141	246.015639065	223.263293423	218.359077872	244.911471264	254.459607267	222.700379247	247.046089053	242.909562093	185.141178732	238.451061772	267.19990223	179.447138018	236.553875831	281.306425296	213.655236488	231.733700852	246.197023923	240.932447162	245.045139028	250.174025158	196.981338377	203.584261594	223.889066352	223.145909155	262.376531443	248.995074939	247.707653732	284.713373746	237.892184916	242.651139	229.305790871	217.822559158	207.235048085	347.94485817	229.912228835	266.635824119	225.233142492	244.046057885	226.098652095	226.107516998	184.225342861	227.962751709	212.215140074	244.61857051	229.384516897	236.777511528	244.796387727	215.658542868	237.845284803	276.377027897	232.833976305	261.318021004	202.309693516	234.678123389	246.437661983	206.232136821	276.666462554	260.644752102	183.119257816	220.172351645	188.326729912	265.972307828	232.752014422	182.462943828	269.568343153	224.928142993	223.285530236
274.386890048	261.596881128	220.516111736	236.969557578	175.001838578	168.345949073	240.0144708	203.360126555	196.712427034	296.988148975	219.655729042	219.235353529	233.786842825	185.824246171	224.817517728	227.376568908	204.712715069	194.389627686	244.17492829	229.94374976	215.165149575	247.33593649	229.52677082	247.268890629	218.175811205	234.310884033	221.018289823	273.722180263	211.933840592	242.487564539	289.413677664	281.935266465	257.700390926	246.820379415	263.97953824	229.912228835	347.94485817	248.05167555	223.582094674	280.181906981	235.788792062	256.082777361	183.936426021	256.840925656	231.030386087	170.773078543	228.997518075	158.966278924	228.467390906	256.262372869	206.353674236	218.602876825	190.0370086	188.572443744	181.964754337	182.907660031	248.999608489	166.982271162	268.485779853	278.610776627	246.401234621	280.832488226	217.26186468	175.939543604	196.470137139	204.735221158	215.078202776	175.801476424	251.888115754
246.918453665	228.861812309	242.678621907	260.224505093	245.251801498	252.403015066	262.488512008	288.851364246	276.293636334	269.486151661	270.055432752	262.277084595	266.47003008	191.028237467	242.724401951	287.808398209	238.419507207	271.741461607	272.825041054	278.251002472	291.671058716	302.069417661	172.01529701	266.689788042	250.984150873	291.471701789	287.296789106	263.568846087	250.473214351	231.444013123	255.272918245	291.332558617	292.021458942	283.290673342	261.865996134	266.635824119	248.05167555	347.94485817	238.802656601	283.864937399	285.469770675	271.1919116	225.985050691	267.804861799	287.747844747	251.443824007	224.356086292	243.043923732	276.534770205	248.780672454	285.464009049	273.577806764	269.859789782	265.403681035	174.471424933	248.987867983	285.564741497	229.732793315	290.571986928	274.730181227	197.241863572	259.149304197	260.631110775	237.09888321	254.745335671	226.465294238	265.438393231	199.608886011	295.306895092
197.058253875	171.513679892	234.441243347	165.593281878	171.492558897	176.32884406	272.321006648	189.069996495	263.581312118	225.316059375	193.738772775	266.798557919	226.219743151	156.554129096	230.703588806	236.379604159	136.900513108	200.377072375	226.853883299	220.458314649	226.443455996	226.127833181	221.408668888	185.770317553	228.817983871	193.135217185	231.238297009	184.371985898	191.112020546	218.861435037	246.318644942	223.707498572	240.893190262	226.866754666	217.8886721	225.233142492	223.582094674	238.802656601	347.94485817	249.222742831	189.893658296	185.204124443	205.388912015	199.613757979	184.616590749	206.150390402	202.193757496	193.208172673	215.963433261	181.969723899	258.944508326	246.541508495	195.311264742	235.482683078	241.723889372	252.380063079	225.161325503	133.186637689	266.969767796	234.602948586	191.144951423	203.070235953	212.05004292	234.951209122	251.337259226	191.141166222	247.581620828	182.785171941	224.486358568
263.860447415	264.255520917	256.11092863	248.640085828	196.567560811	208.446226299	272.343063406	241.041354255	252.608048968	304.292375695	262.007196221	245.804293898	263.10000198	210.663781701	243.681127794	251.396376405	212.271855096	238.816388971	287.762391576	263.1695639	248.640745276	285.187121197	244.364958266	262.757864692	255.264438593	257.93590654	264.799449952	277.733154104	246.090213353	247.007284455	286.884309316	288.496132979	276.610718407	286.136905243	279.606666011	244.046057885	280.181906981	283.864937399	249.222742831	347.94485817	268.436229213	264.216066223	236.883153472	257.063146619	246.525107485	219.489300131	234.923474103	204.828297998	255.403347683	262.161749721	243.232773749	255.970346022	226.808266429	231.608099192	208.367833843	214.756856962	282.619131237	194.9894122	296.062404637	289.189412426	228.359067631	279.38800344	261.168875489	212.318328694	235.230746882	238.294425788	232.746938312	212.546037814	269.261528869
277.35817242	226.161862639	220.659117249	272.174430958	210.409360431	246.724455281	235.070674601	307.179645417	263.003720369	262.738909732	273.522487038	243.530419676	225.135812246	208.4434027	186.127733627	249.805208027	216.599810303	260.337231891	288.101532235	246.493455541	270.406700922	285.244261895	166.041483881	283.072900048	238.327319546	278.326361763	305.011135689	258.91312759	235.418657404	199.261628002	234.402897607	267.33910486	281.027503946	286.654246963	247.732133235	226.098652095	235.788792062	285.469770675	189.893658296	268.436229213	347.94485817	269.441770255	185.176491806	251.141555496	299.27083099	222.805650576	222.746548376	228.165772505	272.578346722	267.223870982	256.763695803	253.289072851	271.867963262	253.248745033	153.242306498	211.657749198	292.964504932	216.496231818	253.494977084	252.061326926	167.507486564	248.384685705	251.627697195	216.014853986	233.485337091	228.674673387	218.773543599	170.555709581	296.745513369
283.686173539	226.08320784	206.139464585	258.343732023	245.214214493	152.58771436	206.243025088	229.1794936	197.716656223	283.902279291	254.023889682	219.97306197	187.951160338	148.896440901	152.687362931	239.082660956	268.029982979	192.17906632	256.579034646	209.314883291	224.26166893	262.712008983	164.992815953	263.336251228	218.944117301	260.142317612	250.68367465	287.573111031	178.260067618	185.521178576	254.971968948	290.482573599	262.785731713	267.012845216	262.087268323	226.107516998	256.082777361	271.1919116	185.204124443	264.216066223	269.441770255	347.94485817	158.320798054	283.83152128	273.150752563	145.371636171	225.391213941	149.469233948	231.377290944	251.829543095	219.058035213	210.999142091	196.854460798	176.178963312	127.056623702	163.437503612	239.230020932	152.187747993	224.30384726	251.109797829	245.305583971	264.954895312	254.780460314	154.001188787	164.248798327	191.820045781	184.867646573	195.335143246	277.417153491
144.064060621	210.471248013	170.351552862	124.051529493	166.434617402	182.69184199	197.857236105	211.802948229	245.519274297	212.375152984	180.688370432	202.604396345	223.544641664	202.946315885	192.007013267	202.810051709	139.028256824	203.619086306	185.539181946	245.882110078	198.096845842	254.894930622	208.717514772	191.325541329	226.799632416	182.909693842	183.857434465	169.166410874	210.167223082	183.826353376	207.411664964	224.446972338	213.396804537	218.596601051	204.824701715	184.225342861	183.936426021	225.985050691	205.388912015	236.883153472	185.176491806	158.320798054	347.94485817	164.435043607	167.9327458	259.600705016	172.331351046	202.298014855	250.68204425	170.142949208	242.997334194	213.501081924	187.423327339	190.391589805	204.530169367	217.574119675	200.365661739	212.463877448	230.757369498	237.872169959	141.135471055	183.095649249	185.378559662	184.504316653	226.765364521	243.3679392	176.144261971	180.466512176	193.382908905
283.299555236	221.719356296	210.556684271	261.375564276	232.300420846	180.411956241	233.394853145	235.206480306	192.485735868	281.66606845	244.80012867	208.771641991	220.607335986	152.234700998	185.19727709	253.780567956	246.802445216	188.765157158	253.580813601	214.395409257	233.689416631	273.56457461	174.598190381	245.493369599	220.06351719	271.326273557	256.292127491	266.755583662	207.185914836	193.561755931	259.986762134	282.165255048	250.593422745	272.229737035	251.311159597	227.962751709	256.840925656	267.804861799	199.613757979	257.063146619	251.141555496	283.83152128	164.435043607	347.94485817	279.865240978	173.283681549	222.704069148	194.521012851	254.566690979	263.585950108	222.20646168	205.808948135	207.713892094	200.425638815	132.071317889	195.280645282	257.025756669	185.909740282	239.132746319	249.147879081	234.91412985	251.205028829	246.083392492	173.847533344	171.456646398	178.039638634	205.265641882	180.042702363	278.750850056
279.260156789	223.197776441	217.100881813	291.771855477	253.723301978	235.969952794	221.885957203	299.272880655	227.667440748	257.170779607	281.318022774	231.109839922	224.275924277	188.153010659	185.811241209	259.402237117	258.095091744	233.296183852	255.860675499	243.089932948	279.964594932	286.186654705	130.373728354	274.646374257	247.038589564	313.119858117	283.072124249	262.449188032	216.734277645	184.243165313	216.934551086	271.196926611	275.143983349	285.350905711	237.863497494	212.215140074	231.030386087	287.747844747	184.616590749	246.525107485	299.27083099	273.150752563	167.9327458	279.865240978	347.94485817	214.234554521	207.263936509	227.540776135	263.683617116	263.26179708	258.070388552	242.365096029	261.833323895	243.695681459	133.974543533	214.393186657	280.296299609	208.268605519	244.625079074	248.697216859	191.302743012	256.192064113	254.065234024	201.739891886	194.20721718	216.625222941	224.131374998	180.345965899	311.482952306
146.962328691	193.994009358	204.15161771	185.268134328	193.233105943	292.846114387	223.142522581	271.840152025	269.854058123	186.396589076	204.770136087	221.561794786	272.741900854	249.5936132	250.721617891	267.500419101	138.699920413	253.783134671	227.47506251	274.964012919	270.617655466	262.161256943	160.592036792	196.316832968	239.914248159	212.316652886	245.368135813	165.67078943	270.418942658	232.496547436	199.837819788	202.174977832	229.497001502	227.65335377	179.244424685	244.61857051	170.773078543	251.443824007	206.150390402	219.489300131	222.805650576	145.371636171	259.600705016	173.283681549	214.234554521	347.94485817	200.154573265	297.294491873	269.218102884	190.476850874	262.748165806	274.730256309	274.062176461	276.535180953	241.15505856	258.756566916	237.132302853	248.327076555	258.726562025	248.233085729	97.805659375	179.470517927	172.431014798	278.17820742	264.242159841	236.331590963	259.226413308	170.008636887	221.849707177
231.388600285	214.066245036	256.574762407	209.05606305	181.920989829	206.188518395	236.1630639	216.888227573	201.406475007	234.164497202	183.1961789	243.339040459	238.392835125	190.167612181	202.847585451	216.844360645	206.885972238	189.874814299	267.82226935	208.098042711	206.965130558	226.171289302	229.043270406	211.907023929	213.73746891	202.613799128	256.029516983	247.934453973	208.351600652	260.581751849	269.38090975	240.949809808	215.444521964	220.255578178	198.819524284	229.384516897	228.997518075	224.356086292	202.193757496	234.923474103	222.746548376	225.391213941	172.331351046	222.704069148	207.263936509	200.154573265	347.94485817	187.852901645	230.410365551	229.947245773	191.991363344	225.170081869	188.627696927	209.177966074	217.449245208	173.662512269	210.952120453	159.920696457	246.664390619	276.032929759	219.717141308	224.449771168	182.929813323	238.548543976	189.567560018	208.084880253	215.032468576	168.226768632	223.721951398
158.470601768	174.977185657	204.508770853	212.919025715	177.577453755	303.325263869	234.688442471	280.627682882	254.627971191	183.015326598	205.357983502	214.004750093	272.283350543	222.483354818	243.1170897	263.571157871	127.635130362	248.635419037	214.094987369	258.436319187	267.595448366	261.129314738	128.288005389	195.685131701	237.207408385	228.288771682	257.373362211	165.788412904	272.26592394	217.897561063	184.915554042	190.061622741	235.073836959	224.84682645	176.347929654	236.777511528	158.966278924	243.043923732	193.208172673	204.828297998	228.165772505	149.469233948	202.298014855	194.521012851	227.540776135	297.294491873	187.852901645	347.94485817	244.598192886	199.436882317	252.533931772	279.668696331	287.425002118	297.387805738	216.49072122	268.642238103	256.950869213	261.620678915	242.099622895	224.959589303	90.1565611843	177.404513562	179.842839226	275.253721228	253.49611797	189.717235924	265.676539644	158.298488945	233.918029363
223.098084129	210.384596538	215.886822308	214.223085854	236.551667787	240.494259096	232.786884271	272.853557036	261.020654902	240.880308482	251.162327645	251.820278606	247.992258686	210.204200206	212.945858953	271.84477191	212.032125452	227.092372226	258.427901209	260.102549945	267.628414404	289.657151179	177.920799032	258.552881524	260.412403654	262.821831969	271.927970767	227.845714961	223.143769552	221.605819499	239.487564756	262.97086349	261.175037184	268.672875675	231.658249205	244.796387727	228.467390906	276.534770205	215.963433261	255.403347683	272.578346722	231.377290944	250.68204425	254.566690979	263.683617116	269.218102884	230.410365551	244.598192886	347.94485817	234.784663568	278.064721655	261.247632722	246.892088167	242.194996363	189.189092892	240.716053619	248.574244488	220.135410582	270.463479738	262.126893058	182.182778738	215.360054677	232.251950309	223.446806885	244.494108115	218.741190222	240.904001625	200.186189044	279.861221336
292.356211602	255.932609952	208.188126946	260.147910766	172.422618182	208.20861936	224.665559271	251.241513269	190.247185437	287.39750238	237.663276454	209.724276886	232.919287376	204.1698957	189.019575597	224.822411044	200.093266115	204.563313228	257.088961816	238.654473116	228.333922681	270.212683678	182.026531703	252.169466995	204.629784366	244.519871667	252.03536565	273.984021093	237.371899485	216.902661196	259.554035966	271.025726412	251.863584204	277.91005328	258.921694991	215.658542868	256.262372869	248.780672454	181.969723899	262.161749721	267.223870982	251.829543095	170.142949208	263.585950108	263.26179708	190.476850874	229.947245773	199.436882317	234.784663568	347.94485817	201.877176435	230.116947259	224.263818173	216.678912235	163.41881619	179.914795253	289.926810844	209.969308859	244.950452344	261.614376674	211.108883486	259.779783385	219.926230093	202.131503013	204.920193852	216.229901038	196.759163098	149.80117086	261.007056707
205.971141821	179.261550099	226.59958505	199.940825689	253.393941892	242.412400567	263.867354739	277.934678093	306.219259202	227.55567143	246.04220178	282.091281564	231.464206866	184.8317043	216.274072505	286.552800067	188.400782009	252.185866349	242.202810906	259.288112703	284.767558784	278.988810935	158.063828516	231.638932301	269.185637176	251.908807507	277.461878682	185.953359767	202.61119616	192.544130791	202.062749024	239.671064191	276.754938491	274.139046802	209.226862516	237.845284803	206.353674236	285.464009049	258.944508326	243.232773749	256.763695803	219.058035213	242.997334194	222.20646168	258.070388552	262.748165806	191.991363344	252.533931772	278.064721655	201.877176435	347.94485817	273.051383258	252.962294688	266.302400696	218.562343878	284.784430349	256.250748352	203.849088173	263.845422268	248.461682831	159.274920575	203.242406509	229.401589394	247.390135556	280.534077205	225.579689207	258.351700567	214.45797176	267.844454691
204.670144993	195.802337032	258.569614608	229.952438361	197.397907404	278.787969485	269.269795588	272.195793034	283.000810504	233.463216289	225.443822196	271.715689824	284.595485546	232.602440987	255.578090543	275.010756128	174.663355658	254.349964496	256.022264629	284.742525699	287.263665358	275.641300746	168.395352693	230.188557355	255.363246622	230.764794799	278.401789194	223.328897024	265.870177501	259.238766602	239.69178313	226.63732885	276.590290419	255.340823391	227.179450733	276.377027897	218.602876825	273.577806764	246.541508495	255.970346022	253.289072851	210.999142091	213.501081924	205.808948135	242.365096029	274.730256309	225.170081869	279.668696331	261.247632722	230.116947259	273.051383258	347.94485817	270.405065362	307.460037459	244.70605616	289.237948874	278.684564713	218.785558753	283.344424779	264.893527297	154.232363193	232.056088456	216.223163427	286.469540524	277.660639871	219.003143155	299.289370868	197.066546487	254.623188831
196.846217912	193.51722593	206.81495842	259.252332189	193.977938152	295.555574326	224.800460354	311.031455925	249.217619524	204.84739786	229.423149207	218.542079918	258.708341458	229.419953774	231.253831654	270.644553227	159.83420231	280.480394745	232.907063849	255.672301187	290.485792021	271.120081909	122.864537548	236.016182632	229.426246467	269.109158754	274.880213079	212.605023206	286.901653157	210.928073739	206.720255584	229.468568927	263.600789095	257.144819963	205.945670479	232.833976305	190.0370086	269.859789782	195.311264742	226.808266429	271.867963262	196.854460798	187.423327339	207.713892094	261.833323895	274.062176461	188.627696927	287.425002118	246.892088167	224.263818173	252.962294688	270.405065362	347.94485817	286.600201366	169.559874228	231.423083857	278.569031601	265.409875044	257.054201566	239.124621316	100.612773183	223.587953322	195.458361733	246.871169928	229.936022901	211.046685182	263.74410067	131.819603087	269.384060258
193.386899816	170.624857	253.456092429	238.218115921	182.781722597	304.286045384	277.875862933	281.039823017	281.377083489	203.330488857	204.315480627	252.709205115	286.444641224	216.909647814	255.953064508	262.998113036	154.391863489	261.66620637	248.593106286	265.076232456	288.752428686	265.083387422	160.925276406	212.386718492	240.496938727	237.205084768	290.002679048	200.782120883	279.842487795	246.89650033	213.649067262	203.864382034	247.29776278	238.622801329	206.129453764	261.318021004	188.572443744	265.403681035	235.482683078	231.608099192	253.248745033	176.178963312	190.391589805	200.425638815	243.695681459	276.535180953	209.177966074	297.387805738	242.194996363	216.678912235	266.302400696	307.460037459	286.600201366	347.94485817	222.002533537	288.711132936	286.308199939	243.739617254	270.532536158	235.232094126	102.537187924	204.360114741	199.344061118	293.179881741	274.987693569	196.806300601	302.130541856	172.630552366	239.715403253
150.70881834	178.495992572	218.616917939	113.551258334	118.246870611	214.134958682	224.975156739	178.490576927	247.418673511	192.491406323	148.680842222	219.166644812	229.172229609	229.388071859	220.239478229	207.451249103	79.8340073231	178.272432239	222.709755319	204.302525491	185.816807409	190.683934149	222.074926692	140.919670593	221.696912205	120.813109841	208.627201967	132.128137456	198.495997949	231.816808069	224.189480922	158.339860766	186.503486433	200.86208785	152.520568659	202.309693516	181.964754337	174.471424933	241.723889372	208.367833843	153.242306498	127.056623702	204.530169367	132.071317889	133.974543533	241.15505856	217.449245208	216.49072122	189.189092892	163.41881619	218.562343878	244.70605616	169.559874228	222.002533537	347.94485817	236.374974855	186.380194006	130.596866842	218.754738324	238.491760897	140.883354179	167.27334218	143.653873693	264.411565705	262.814331018	222.533207672	207.846207612	151.114669473	160.769826021
168.555289486	147.448426494	221.826093649	179.851909959	183.516163862	253.687778016	267.376433477	243.207457544	293.929157955	196.681238541	201.679474594	254.9419367	254.944937309	195.363428489	229.87943743	256.030364305	128.353714875	219.968740818	215.84845439	264.540048392	263.139798398	250.842393432	153.1208492	186.156094834	241.351508211	196.380330616	245.971619878	149.763766192	226.224959777	204.860949208	194.403941779	179.238886468	241.894253749	235.249598159	192.70922279	234.678123389	182.907660031	248.987867983	252.380063079	214.756856962	211.657749198	163.437503612	217.574119675	195.280645282	214.393186657	258.756566916	173.662512269	268.642238103	240.716053619	179.914795253	284.784430349	289.237948874	231.423083857	288.711132936	236.374974855	347.94485817	250.072319915	203.819030138	245.037770215	217.895429856	118.775122488	176.327807066	198.744530694	263.602863409	286.154248219	180.648960072	275.454787029	188.60426416	229.985607657
271.451733955	241.711336754	245.307015143	278.429928217	183.772578882	264.160062147	277.051580018	290.853468144	257.294997297	283.278304306	251.619509327	240.440228289	271.531138929	218.122667727	244.337808906	258.974517266	188.539372772	262.523188775	270.514688496	271.899787231	283.244746403	301.173474594	192.177060699	266.209350165	240.775320951	270.473458766	289.598947279	268.475630348	283.683776057	234.218643199	251.218778311	259.334442447	280.39506213	289.320943644	270.872781217	246.437661983	248.999608489	285.564741497	225.161325503	282.619131237	292.964504932	239.230020932	200.365661739	257.025756669	280.296299609	237.132302853	210.952120453	256.950869213	248.574244488	289.926810844	256.250748352	278.684564713	278.569031601	286.308199939	186.380194006	250.072319915	347.94485817	254.770213649	274.938510809	267.821560688	158.632946968	261.508171564	240.627021704	239.230920988	252.339332426	222.164163009	258.243548586	178.768965458	282.604865601
156.862263554	203.452981893	154.107164416	202.97917905	147.759349411	262.866426209	202.223245437	264.23289009	197.25288029	183.932839455	173.922897468	157.150550356	242.868038451	198.732647178	199.377489475	212.952685454	140.699955895	234.309610492	179.90949279	249.462548982	231.896875165	260.520698421	136.668817125	197.214238459	197.265289419	222.764523948	210.770669854	192.066054139	279.209385662	186.792681531	181.078041179	203.19994844	203.329596664	201.541853113	192.800032945	206.232136821	166.982271162	229.732793315	133.186637689	194.9894122	216.496231818	152.187747993	212.463877448	185.909740282	208.268605519	248.327076555	159.920696457	261.620678915	220.135410582	209.969308859	203.849088173	218.785558753	265.409875044	243.739617254	130.596866842	203.819030138	254.770213649	347.94485817	220.66533722	209.297074968	58.1950909167	170.315599039	155.6041877	187.74502128	192.725401053	180.694027781	203.983802893	124.17984802	202.089261993
226.653368978	247.171684449	268.900924323	241.594523937	208.99440503	249.861381562	292.317732553	252.962996924	273.116056636	274.388245816	230.008609157	271.811757612	289.749740324	218.268105716	272.221604857	282.997005492	210.853085005	257.79191268	275.540945318	280.375891576	281.80464924	279.24494781	237.668586478	246.698185658	242.420491996	262.572268507	274.59608343	262.735125332	271.41283992	279.750425298	263.179028266	268.996365804	276.307574911	256.892472753	250.240773267	276.666462554	268.485779853	290.571986928	266.969767796	296.062404637	253.494977084	224.30384726	230.757369498	239.132746319	244.625079074	258.726562025	246.664390619	242.099622895	270.463479738	244.950452344	263.845422268	283.344424779	257.054201566	270.532536158	218.754738324	245.037770215	274.938510809	220.66533722	347.94485817	292.93704409	202.712235881	262.675618392	230.835981317	262.50651805	257.175624757	222.642279284	277.491323395	224.446508958	262.16817955
242.877853505	273.376969211	263.713693007	237.879652372	213.326304074	234.040983613	262.706826713	256.487500045	238.730064732	283.19021002	233.175435493	254.690610944	281.935483653	228.03819158	250.858644596	270.673728906	231.557657628	238.792885239	269.168873652	263.506568457	250.020998388	287.056499167	244.015444712	247.91471049	263.039647014	253.534818419	265.717766917	275.33056589	260.696971678	275.908800686	282.452152583	285.733927245	275.461503867	277.146108756	239.860778302	260.644752102	278.610776627	274.730181227	234.602948586	289.189412426	252.061326926	251.109797829	237.872169959	249.147879081	248.697216859	248.233085729	276.032929759	224.959589303	262.126893058	261.614376674	248.461682831	264.893527297	239.124621316	235.232094126	238.491760897	217.895429856	267.821560688	209.297074968	292.93704409	347.94485817	232.976945371	285.20476152	216.577162425	247.041825625	230.02540141	268.44207766	246.509046174	221.856570805	270.358476102
239.570351715	199.691861621	177.075413836	177.785799998	183.766531887	67.3395348949	167.263419316	129.873016946	142.049555189	257.321657072	194.219464483	201.559413923	161.837879505	93.083778935	134.103134659	191.53252724	223.018977713	118.64188966	196.426403498	157.270545463	136.274040024	188.556821694	176.584592916	200.248306016	176.398866177	187.479126812	166.660680678	229.884459126	101.88205023	172.885064839	228.908164172	264.134986585	208.367413146	208.399895783	209.929929939	183.119257816	246.401234621	197.241863572	191.144951423	228.359067631	167.507486564	245.305583971	141.135471055	234.91412985	191.302743012	97.805659375	219.717141308	90.1565611843	182.182778738	211.108883486	159.274920575	154.232363193	100.612773183	102.537187924	140.883354179	118.775122488	158.632946968	58.1950909167	202.712235881	232.976945371	347.94485817	244.780290635	195.407420982	133.316103488	119.816652162	177.355213938	137.509261202	182.119651322	210.602003734
267.336001033	262.293265812	233.072937182	264.946207248	186.328570687	185.796187485	231.017200389	236.231510211	200.537957194	286.524103191	233.747452959	215.699583081	241.79460236	189.979194787	213.398696858	241.101388966	225.664638614	223.745172738	243.584870688	231.661175851	232.564662001	261.634603562	194.689362919	258.508497213	225.415395882	255.406016677	237.676733282	282.856338948	233.931295972	228.90152049	260.213626233	285.86006232	269.7173941	266.804736057	252.928269859	220.172351645	280.832488226	259.149304197	203.070235953	279.38800344	248.384685705	264.954895312	183.095649249	251.205028829	256.192064113	179.470517927	224.449771168	177.404513562	215.360054677	259.779783385	203.242406509	232.056088456	223.587953322	204.360114741	167.27334218	176.327807066	261.508171564	170.315599039	262.675618392	285.20476152	244.780290635	347.94485817	220.749987249	190.214368316	175.861842248	231.755812349	217.85336955	179.34738013	268.549889374
239.10408465	200.9997454	197.74288778	222.430418947	204.691455246	161.480195835	220.240717778	224.905690539	227.587420451	252.704159408	242.40928329	223.528220989	200.89784695	160.029124974	169.295694704	223.443452873	206.39976392	190.840384978	244.102823853	214.629899313	225.267168662	247.502101501	171.335070156	231.972238684	214.666477739	246.881699097	237.162367396	224.309754728	182.737902046	161.171213325	230.207073992	247.942866406	254.8385366	250.493890339	240.691245286	188.326729912	217.26186468	260.631110775	212.05004292	261.168875489	251.627697195	254.780460314	185.378559662	246.083392492	254.065234024	172.431014798	182.929813323	179.842839226	232.251950309	219.926230093	229.401589394	216.223163427	195.458361733	199.344061118	143.653873693	198.744530694	240.627021704	155.6041877	230.835981317	216.577162425	195.407420982	220.749987249	347.94485817	168.177138632	195.293413083	183.730718898	192.137071636	176.42785619	266.519304958
169.913665424	169.944615977	258.370425639	200.918545191	186.993628869	278.543299278	264.853150252	245.921869391	279.321225703	194.288783278	159.8430521	264.588062615	268.014205423	222.243934087	236.214273248	256.105173654	145.023743121	234.837294044	250.637500269	245.174408613	247.830025027	222.755954384	184.785345902	174.783902667	227.779843155	184.864989717	280.057430838	179.881069461	257.885504135	263.261828109	208.639647328	183.344093569	220.918855783	222.411078717	165.420641305	265.972307828	175.939543604	237.09888321	234.951209122	212.318328694	216.014853986	154.001188787	184.504316653	173.847533344	201.739891886	278.17820742	238.548543976	275.253721228	223.446806885	202.131503013	247.390135556	286.469540524	246.871169928	293.179881741	264.411565705	263.602863409	239.230920988	187.74502128	262.50651805	247.041825625	133.316103488	190.214368316	168.177138632	347.94485817	260.374586914	205.117373509	277.361151383	186.358566738	200.362333857
174.976304472	184.580946347	214.309688708	154.14323317	145.739814227	267.302604887	258.317818079	246.646892535	296.861606557	209.784977274	204.923052255	244.124607681	252.129881693	204.223674469	241.317682384	243.85422757	99.6306277615	244.669501117	250.258391191	253.936656435	248.165914766	249.632919811	175.764589507	192.895875336	223.922703835	183.323547482	257.599370646	168.072601302	223.061766528	221.459664464	218.175382923	186.544298799	238.638118556	236.161509506	197.172964125	232.752014422	196.470137139	254.745335671	251.337259226	235.230746882	233.485337091	164.248798327	226.765364521	171.456646398	194.20721718	264.242159841	189.567560018	253.49611797	244.494108115	204.920193852	280.534077205	277.660639871	229.936022901	274.987693569	262.814331018	286.154248219	252.339332426	192.725401053	257.175624757	230.02540141	119.816652162	175.861842248	195.293413083	260.374586914	347.94485817	205.805879252	244.240285311	153.111197608	216.184468198
214.913382972	237.562052676	185.097847117	186.803886648	154.387514129	197.530414464	190.468053235	243.931635848	221.023328984	232.1051888	217.401994576	205.227156969	202.157697055	229.618580579	184.098342223	218.437319327	152.543524957	219.035874344	219.37555255	217.180479906	206.254250257	250.90786507	192.498881909	205.956185061	226.571301019	202.923398961	217.461031882	193.388417357	210.445938578	173.266479219	233.804815622	246.303633419	246.232877148	252.640160712	191.925667457	182.462943828	204.735221158	226.465294238	191.141166222	238.294425788	228.674673387	191.820045781	243.3679392	178.039638634	216.625222941	236.331590963	208.084880253	189.717235924	218.741190222	216.229901038	225.579689207	219.003143155	211.046685182	196.806300601	222.533207672	180.648960072	222.164163009	180.694027781	222.642279284	268.44207766	177.355213938	231.755812349	183.730718898	205.117373509	205.805879252	347.94485817	169.314555076	140.18707906	225.844889059
184.224842449	155.85514225	268.137252255	239.596619747	207.930691125	263.190914466	274.206227757	241.688982177	259.661903185	204.746174277	200.05824386	265.862436144	283.918357127	186.116483717	286.153551716	279.79522752	173.058418583	246.721724162	230.092135627	255.995374266	299.31889312	243.512520775	154.134676462	206.881858168	230.494638535	234.46839697	267.554849103	199.669039661	253.474512352	259.187214772	226.710449843	209.899753488	262.232096615	225.838440728	204.151341692	269.568343153	215.078202776	265.438393231	247.581620828	232.746938312	218.773543599	184.867646573	176.144261971	205.265641882	224.131374998	259.226413308	215.032468576	265.676539644	240.904001625	196.759163098	258.351700567	299.289370868	263.74410067	302.130541856	207.846207612	275.454787029	258.243548586	203.983802893	277.491323395	246.509046174	137.509261202	217.85336955	192.137071636	277.361151383	244.240285311	169.314555076	347.94485817	183.031913576	242.983889178
148.271727355	176.457838022	215.906048422	144.868692365	238.696207822	137.487387414	213.428613059	155.5311625	207.398134718	212.072053247	152.773244589	226.111008892	196.825704604	120.068275512	150.458263636	211.324012086	224.124898532	159.275518548	181.242240908	198.983063799	178.809525591	203.112112212	190.04172811	163.716392607	220.435266735	179.508260748	196.970728786	183.713245206	150.775856705	200.482986208	150.677518798	198.827622629	183.649192836	187.855181292	167.299081039	224.928142993	175.801476424	199.608886011	182.785171941	212.546037814	170.555709581	195.335143246	180.466512176	180.042702363	180.345965899	170.008636887	168.226768632	158.298488945	200.186189044	149.80117086	214.45797176	197.066546487	131.819603087	172.630552366	151.114669473	188.60426416	178.768965458	124.17984802	224.446508958	221.856570805	182.119651322	179.34738013	176.42785619	186.358566738	153.111197608	140.18707906	183.031913576	347.94485817	176.437660741
278.475691328	220.987359065	220.605253121	278.011666908	232.217613298	226.281149221	237.505152134	293.283372865	240.189381092	269.545731781	296.32511978	247.53370999	232.683435396	195.627479141	210.02517662	278.54314147	235.398002002	235.598336343	259.295584136	253.276269239	283.836684922	292.666606883	156.434718168	276.298401547	253.740622705	305.354852717	275.680523509	265.383354315	222.714188246	199.425895661	251.910487162	286.287403408	300.789789135	294.312238546	252.996656104	223.285530236	251.888115754	295.306895092	224.486358568	269.261528869	296.745513369	277.417153491	193.382908905	278.750850056	311.482952306	221.849707177	223.721951398	233.918029363	279.861221336	261.007056707	267.844454691	254.623188831	269.384060258	239.715403253	160.769826021	229.985607657	282.604865601	202.089261993	262.16817955	270.358476102	210.602003734	268.549889374	266.519304958	200.362333857	216.184468198	225.844889059	242.983889178	176.437660741	347.94485817
Genotype stats (X^T * X): 	102.465201866
Gene expression - Genotype stats (Y^T * X): 
-21.2306417622	-27.1264023521	-32.3910964623	-27.2885052737	-31.2290345216	-32.7020477996	-26.1101892045	-31.3949354759	-26.5166564691	-24.0305364455	-25.7837617278	-23.2330898712	-29.6017125808	-19.9318085149	-22.0819477846	-24.5097542316	-22.9757526007	-18.9035656888	-28.2460446933	-27.1846056826	-27.8373078008	-25.2200919344	-17.1052407928	-24.9762742459	-36.0646113523	-32.4756587931	-31.6098090563	-26.563507351	-18.1249353093	-32.4851570536	-23.0048424224	-23.2512313172	-17.7728053644	-29.6106081159	-20.5378161057	-27.6880385627	-28.7095102397	-28.8027393371	-18.8527948602	-28.8828961934	-23.306483728	-28.8940970712	-20.1238818585	-23.2293639675	-30.145512098	-22.6057611773	-32.7898051033	-22.1396190613	-27.8845433729	-21.1970473372	-30.6607809437	-29.8759559158	-28.8104777727	-22.9931028927	-33.0437386687	-24.3852482982	-26.881299512	-19.9422774577	-22.921303616	-39.5118145981	-22.2612831299	-29.6445806469	-25.4174268806	-27.479478417	-23.847168073	-20.0761962206	-31.0955443461	-21.4497261365	-33.9904260755