Tissue	muscleskeletal
N_samples	358
Chr	20
Gene	ENSG00000101470.5
SNP	rs112180569
Gene_list	ENSG00000130005.7	ENSG00000130598.11	ENSG00000130595.12	ENSG00000109061.9	ENSG00000111716.8	ENSG00000196296.9	ENSG00000149925.12	ENSG00000180209.7	ENSG00000101470.5	ENSG00000086967.9	ENSG00000140416.15	ENSG00000177791.11	ENSG00000106992.13
Gene expression stats (Y^T * Y): 
347.94485817	218.80371328	199.2735129	127.185732932	-94.8649429941	171.827442867	140.1958372	242.607493033	239.916439022	159.577172023	202.600189038	250.68593277	184.030329687
218.80371328	347.94485817	331.201619629	215.285030327	-163.293608982	252.186220863	239.818949831	299.216700117	283.77710946	276.491804993	307.449533593	224.288838975	227.163905644
199.2735129	331.201619629	347.94485817	231.533024118	-165.68417194	251.459823772	235.029708463	301.181557768	288.855929938	283.073272092	308.094528797	218.17588371	236.525397229
127.185732932	215.285030327	231.533024118	347.94485817	-153.218287944	255.330363934	226.883073951	204.057698434	210.586859601	276.188909687	209.219621905	150.408425676	155.211153547
-94.8649429941	-163.293608982	-165.68417194	-153.218287944	347.94485817	-131.887108193	-159.477865564	-140.454623867	-210.367802813	-165.980892569	-122.044405963	-54.8350732406	-113.137590058
171.827442867	252.186220863	251.459823772	255.330363934	-131.887108193	347.94485817	260.012385384	243.201420655	217.595824293	267.331029693	269.324163341	227.710077701	171.828879831
140.1958372	239.818949831	235.029708463	226.883073951	-159.477865564	260.012385384	347.94485817	209.662053297	210.382422081	248.405948959	234.647996942	165.002295228	172.60920441
242.607493033	299.216700117	301.181557768	204.057698434	-140.454623867	243.201420655	209.662053297	347.94485817	277.998122454	252.337911845	306.916425994	262.457604329	212.125343898
239.916439022	283.77710946	288.855929938	210.586859601	-210.367802813	217.595824293	210.382422081	277.998122454	347.94485817	239.880580681	261.061452515	214.165581475	232.479300229
159.577172023	276.491804993	283.073272092	276.188909687	-165.980892569	267.331029693	248.405948959	252.337911845	239.880580681	347.94485817	275.884182172	176.937273248	221.205270191
202.600189038	307.449533593	308.094528797	209.219621905	-122.044405963	269.324163341	234.647996942	306.916425994	261.061452515	275.884182172	347.94485817	247.742869526	216.898280734
250.68593277	224.288838975	218.17588371	150.408425676	-54.8350732406	227.710077701	165.002295228	262.457604329	214.165581475	176.937273248	247.742869526	347.94485817	169.693603912
184.030329687	227.163905644	236.525397229	155.211153547	-113.137590058	171.828879831	172.60920441	212.125343898	232.479300229	221.205270191	216.898280734	169.693603912	347.94485817
Genotype stats (X^T * X): 	86.9336447737
Gene expression - Genotype stats (Y^T * X): 
-35.0079125236	-29.2189390829	-35.086733741	-21.310032016	20.8764951268	-31.2864747069	-31.8445521763	-32.1825493595	-35.5523944908	-28.8111569466	-28.7338329521	-26.8125924967	-38.9120221303