Tissue	muscleskeletal
N_samples	358
Chr	1
Gene	ENSG00000173372.12
SNP	rs653286
Gene_list	ENSG00000124491.11	ENSG00000177575.8	ENSG00000133800.4	ENSG00000173372.12	ENSG00000159189.7	ENSG00000173369.11	ENSG00000011600.7	ENSG00000100979.10	ENSG00000110077.10	ENSG00000165457.9	ENSG00000158869.6
Gene expression stats (Y^T * Y): 
347.94485817	228.656316742	264.872358786	260.155493935	265.097107209	253.606099635	187.170465859	206.548332633	201.885624497	197.049206997	204.54033985
228.656316742	347.94485817	239.152969962	244.11305051	259.930886844	263.421915089	170.89377686	186.267068352	199.819468903	121.61362132	222.039367388
264.872358786	239.152969962	347.94485817	251.591161247	255.799262281	243.857381797	180.08612145	191.911104638	184.021214487	206.041540492	198.967204212
260.155493935	244.11305051	251.591161247	347.94485817	321.476829771	323.006245016	247.024819318	209.755636613	224.024790344	211.217212033	220.012449114
265.097107209	259.930886844	255.799262281	321.476829771	347.94485817	324.31539364	245.879295395	206.624266755	236.514287616	202.398053655	234.186287011
253.606099635	263.421915089	243.857381797	323.006245016	324.31539364	347.94485817	231.89336149	209.296414646	219.594868284	174.735451539	229.770734429
187.170465859	170.89377686	180.08612145	247.024819318	245.879295395	231.89336149	347.94485817	148.9494814	191.508787455	190.724735326	225.244724162
206.548332633	186.267068352	191.911104638	209.755636613	206.624266755	209.296414646	148.9494814	347.94485817	167.924940987	134.974353968	138.866414922
201.885624497	199.819468903	184.021214487	224.024790344	236.514287616	219.594868284	191.508787455	167.924940987	347.94485817	184.018744196	164.809304097
197.049206997	121.61362132	206.041540492	211.217212033	202.398053655	174.735451539	190.724735326	134.974353968	184.018744196	347.94485817	127.919810968
204.54033985	222.039367388	198.967204212	220.012449114	234.186287011	229.770734429	225.244724162	138.866414922	164.809304097	127.919810968	347.94485817
Genotype stats (X^T * X): 	187.21779438
Gene expression - Genotype stats (Y^T * X): 
-45.770277429	-43.079475765	-44.5983262165	-56.4881822066	-54.2974597401	-48.6653515849	-29.5716512081	-34.3916372991	-33.9398590162	-27.9312439903	-31.4038336185