Tissue	wholeblood
N_samples	334
Chr	11
Gene	ENSG00000166741.3
SNP	rs477344
Gene_list	ENSG00000134339.4	ENSG00000173432.6	ENSG00000105697.3	ENSG00000130208.5	ENSG00000169715.10	ENSG00000125144.9	ENSG00000187193.8	ENSG00000176153.10	ENSG00000163586.5	ENSG00000166741.3
Gene expression stats (Y^T * Y): 
324.073016144	307.402973425	225.680544093	223.159892677	218.742874113	252.510688221	199.219266	202.602509745	266.000795246	231.240592304
307.402973425	324.073016144	216.820553011	245.853609311	184.226848283	270.647558189	213.824008489	188.088454141	265.031904166	243.655311365
225.680544093	216.820553011	324.073016144	188.462961293	243.733542995	204.466891587	145.308808305	273.834003582	267.155795603	243.028181742
223.159892677	245.853609311	188.462961293	324.073016144	161.015521754	277.108117128	201.494184874	134.449432172	248.720330048	213.357669279
218.742874113	184.226848283	243.733542995	161.015521754	324.073016144	178.029654115	169.97102675	238.485662679	227.230075133	229.211548943
252.510688221	270.647558189	204.466891587	277.108117128	178.029654115	324.073016144	244.416518938	143.943781215	255.470444543	217.290889973
199.219266	213.824008489	145.308808305	201.494184874	169.97102675	244.416518938	324.073016144	85.0162627478	177.268909222	217.157680934
202.602509745	188.088454141	273.834003582	134.449432172	238.485662679	143.943781215	85.0162627478	324.073016144	259.704974593	221.27747114
266.000795246	265.031904166	267.155795603	248.720330048	227.230075133	255.470444543	177.268909222	259.704974593	324.073016144	249.748338598
231.240592304	243.655311365	243.028181742	213.357669279	229.211548943	217.290889973	217.157680934	221.27747114	249.748338598	324.073016144
Genotype stats (X^T * X): 	97.4011976048
Gene expression - Genotype stats (Y^T * X): 
-21.4018479695	-19.8395475628	-22.5784805435	-8.827692228	-28.9786529539	-17.159880857	-20.0090736102	-21.0281431429	-22.4941975589	-28.452605274