Tissue	wholeblood
N_samples	334
Chr	22
Gene	ENSG00000211638.2
SNP	rs9611014
Gene_list	ENSG00000211638.2	ENSG00000211651.2	ENSG00000211653.2	ENSG00000211660.3	ENSG00000211666.2	ENSG00000211668.2	ENSG00000211675.2	ENSG00000211677.2	ENSG00000211679.2	ENSG00000211598.2	ENSG00000243466.1	ENSG00000241351.1	ENSG00000243290.1	ENSG00000244437.1	ENSG00000239951.1	ENSG00000244116.1	ENSG00000211890.3	ENSG00000211893.3	ENSG00000211895.3	ENSG00000211896.2	ENSG00000211938.2
Gene expression stats (Y^T * Y): 
324.073016144	195.609933644	206.142079945	207.19319838	207.919525479	200.034256784	222.107366383	216.841094297	226.165602899	198.625382314	208.681794049	219.423249654	228.848311384	195.512788544	209.354513669	203.404216372	195.004955258	212.844075468	229.134617663	211.07950556	195.978210912
195.609933644	324.073016144	290.269679659	288.199780561	274.113394067	270.459338297	239.647924014	247.931627118	242.525283169	284.346909025	283.888874257	277.76519115	261.029934125	270.250247353	279.24971986	256.896628729	234.192527923	212.004142528	213.493692536	227.524562007	267.623527056
206.142079945	290.269679659	324.073016144	290.298608254	281.541950517	278.210228847	250.096761223	263.614333704	256.024540196	284.6234593	282.762201743	289.23523962	266.728719396	278.181930192	283.593543528	257.488443838	231.572680895	226.475460425	233.853945032	240.114615634	261.59500071
207.19319838	288.199780561	290.298608254	324.073016144	274.130118501	281.362113882	234.29399927	250.418572186	236.887477104	289.346752672	287.907958845	279.366768436	272.092767967	272.141073065	272.820628802	252.561672	222.116513614	211.754809786	218.314769864	221.79629018	264.683814658
207.919525479	274.113394067	281.541950517	274.130118501	324.073016144	274.761697834	259.799611573	268.008806769	259.071861328	278.845442126	275.805685731	285.709674654	241.931436581	280.941555984	283.790757653	277.962642947	226.450205351	240.445058993	226.645342614	245.227843782	258.692457056
200.034256784	270.459338297	278.210228847	281.362113882	274.761697834	324.073016144	231.120843399	244.508988089	226.496232114	284.363778546	286.602970144	276.569314574	270.984125565	268.617492239	264.297102587	251.060373403	212.784673452	220.829465102	212.837085397	224.813013115	253.932871835
222.107366383	239.647924014	250.096761223	234.29399927	259.799611573	231.120843399	324.073016144	275.954244815	305.67511498	237.60890033	246.659740721	249.844481386	206.511042085	244.786544765	269.589732895	283.254068053	259.860746994	288.621529149	284.682973355	286.428884261	234.381144548
216.841094297	247.931627118	263.614333704	250.418572186	268.008806769	244.508988089	275.954244815	324.073016144	277.013762098	257.718537666	255.746564736	265.653619278	218.384243326	248.438689493	270.395414948	267.553342864	232.804101788	254.066431994	271.48694327	262.090079619	225.06136667
226.165602899	242.525283169	256.024540196	236.887477104	259.071861328	226.496232114	305.67511498	277.013762098	324.073016144	242.544559453	246.776525931	254.690976243	204.662742081	245.791017998	269.621161202	267.466322211	259.47451149	266.517441746	293.647132721	280.258989558	219.999629454
198.625382314	284.346909025	284.6234593	289.346752672	278.845442126	284.363778546	237.60890033	257.718537666	242.544559453	324.073016144	305.445856978	288.910334	264.261617147	281.696808658	287.607650496	266.784711339	216.248163092	226.766032244	221.036271245	241.875572747	267.484570919
208.681794049	283.888874257	282.762201743	287.907958845	275.805685731	286.602970144	246.659740721	255.746564736	246.776525931	305.445856978	324.073016144	288.810845304	263.453779922	278.869920704	284.286276933	266.588279033	226.340946962	232.354423401	228.156823987	246.307217256	262.761720635
219.423249654	277.76519115	289.23523962	279.366768436	285.709674654	276.569314574	249.844481386	265.653619278	254.690976243	288.910334	288.810845304	324.073016144	264.871742774	288.824343769	295.553936342	275.131057816	237.314005085	233.898610087	238.559913219	240.685002789	266.963723127
228.848311384	261.029934125	266.728719396	272.092767967	241.931436581	270.984125565	206.511042085	218.384243326	204.662742081	264.261617147	263.453779922	264.871742774	324.073016144	259.18931682	241.892747118	226.08369526	209.272309395	207.502861426	217.51271442	214.240528742	256.170802804
195.512788544	270.250247353	278.181930192	272.141073065	280.941555984	268.617492239	244.786544765	248.438689493	245.791017998	281.696808658	278.869920704	288.824343769	259.18931682	324.073016144	292.126313021	267.142452962	223.049885011	231.248459959	225.445519453	238.825546669	267.507408807
209.354513669	279.24971986	283.593543528	272.820628802	283.790757653	264.297102587	269.589732895	270.395414948	269.621161202	287.607650496	284.286276933	295.553936342	241.892747118	292.126313021	324.073016144	290.241685554	241.487240608	244.680374511	242.978950715	254.697472928	268.167447923
203.404216372	256.896628729	257.488443838	252.561672	277.962642947	251.060373403	283.254068053	267.553342864	267.466322211	266.784711339	266.588279033	275.131057816	226.08369526	267.142452962	290.241685554	324.073016144	244.094223288	279.120609899	246.398138468	266.348351605	272.094921251
195.004955258	234.192527923	231.572680895	222.116513614	226.450205351	212.784673452	259.860746994	232.804101788	259.47451149	216.248163092	226.340946962	237.314005085	209.272309395	223.049885011	241.487240608	244.094223288	324.073016144	233.655965342	263.352521494	221.830571715	235.261980652
212.844075468	212.004142528	226.475460425	211.754809786	240.445058993	220.829465102	288.621529149	254.066431994	266.517441746	226.766032244	232.354423401	233.898610087	207.502861426	231.248459959	244.680374511	279.120609899	233.655965342	324.073016144	255.384429678	278.386858607	247.143721051
229.134617663	213.493692536	233.853945032	218.314769864	226.645342614	212.837085397	284.682973355	271.48694327	293.647132721	221.036271245	228.156823987	238.559913219	217.51271442	225.445519453	242.978950715	246.398138468	263.352521494	255.384429678	324.073016144	272.303363248	202.703006465
211.07950556	227.524562007	240.114615634	221.79629018	245.227843782	224.813013115	286.428884261	262.090079619	280.258989558	241.875572747	246.307217256	240.685002789	214.240528742	238.825546669	254.697472928	266.348351605	221.830571715	278.386858607	272.303363248	324.073016144	231.655171158
195.978210912	267.623527056	261.59500071	264.683814658	258.692457056	253.932871835	234.381144548	225.06136667	219.999629454	267.484570919	262.761720635	266.963723127	256.170802804	267.507408807	268.167447923	272.094921251	235.261980652	247.143721051	202.703006465	231.655171158	324.073016144
Genotype stats (X^T * X): 	88.1647707066
Gene expression - Genotype stats (Y^T * X): 
-37.5099400643	-1.89694666288	-6.54083901891	0.093294740546	-2.05922303189	-0.856450714819	3.97463560698	1.00534812773	-2.30579244451	-1.58783510748	-0.362813569555	-8.78395745448	-5.03065519649	-3.88741468729	-4.21315065296	7.17355329482	-7.08941608068	8.82448318401	1.12239762182	3.90115972277	-4.99771990041