Tissue	wholeblood
N_samples	334
Chr	1
Gene	ENSG00000137959.11
SNP	rs10493609
Gene_list	ENSG00000088827.8	ENSG00000134321.7	ENSG00000133106.10	ENSG00000137959.11	ENSG00000137965.6	ENSG00000138646.4	ENSG00000185745.8	ENSG00000111331.8	ENSG00000111335.8	ENSG00000059378.8
Gene expression stats (Y^T * Y): 
324.073016144	174.290093929	126.917610825	205.781374834	149.304917862	197.449056821	154.628255811	209.601061408	189.562997187	147.812851731
174.290093929	324.073016144	214.711843439	274.958032653	255.32451671	263.636683628	265.599720915	293.671538775	245.439729858	240.034273685
126.917610825	214.711843439	324.073016144	194.646189746	226.736618508	216.232857227	221.757060254	211.305769388	198.831760789	197.610487495
205.781374834	274.958032653	194.646189746	324.073016144	254.600261348	219.280098618	207.665342636	276.440219197	212.913881873	212.349029161
149.304917862	255.32451671	226.736618508	254.600261348	324.073016144	193.250742119	235.333193845	228.995983226	208.827868244	214.444942634
197.449056821	263.636683628	216.232857227	219.280098618	193.250742119	324.073016144	268.609608372	279.552109933	250.958751191	221.56703127
154.628255811	265.599720915	221.757060254	207.665342636	235.333193845	268.609608372	324.073016144	266.922816957	254.344269926	233.669757851
209.601061408	293.671538775	211.305769388	276.440219197	228.995983226	279.552109933	266.922816957	324.073016144	273.772198812	239.998272152
189.562997187	245.439729858	198.831760789	212.913881873	208.827868244	250.958751191	254.344269926	273.772198812	324.073016144	222.445644117
147.812851731	240.034273685	197.610487495	212.349029161	214.444942634	221.56703127	233.669757851	239.998272152	222.445644117	324.073016144
Genotype stats (X^T * X): 	45.047661488
Gene expression - Genotype stats (Y^T * X): 
-5.83368992673	-21.6097991659	-0.115574470773	-19.3778612878	-14.0736973163	-6.40390953981	-9.23566558849	-16.7775940762	-11.5549153764	-9.25752872847