Tissue	wholeblood
N_samples	334
Chr	7
Gene	ENSG00000059378.8
SNP	rs60620539
Gene_list	ENSG00000132530.12	ENSG00000134321.7	ENSG00000108771.8	ENSG00000157601.9	ENSG00000133106.10	ENSG00000137959.11	ENSG00000137965.6	ENSG00000138646.4	ENSG00000119922.7	ENSG00000119917.9	ENSG00000185745.8	ENSG00000111331.8	ENSG00000111335.8	ENSG00000173193.9	ENSG00000059378.8
Gene expression stats (Y^T * Y): 
324.073016144	214.289464473	125.478095736	237.665511843	216.336534137	193.992792339	254.544118461	164.842543498	220.950889274	229.582613802	232.242405714	196.553696017	196.797112965	181.451447572	210.454567512
214.289464473	324.073016144	208.02299834	207.28078101	214.711843439	274.958032653	255.32451671	263.636683628	222.582145752	194.562535714	265.599720915	293.671538775	245.439729858	213.343415934	240.034273685
125.478095736	208.02299834	324.073016144	183.780822282	168.929073252	167.167010637	146.599707476	249.795863482	152.654881794	162.010278268	219.647657466	234.305726865	229.4837802	177.163642812	196.064025074
237.665511843	207.28078101	183.780822282	324.073016144	219.601222435	157.382741697	226.347027128	221.283116422	207.599200439	272.571610653	264.078582771	207.560788897	236.76343096	164.405290723	218.376145749
216.336534137	214.711843439	168.929073252	219.601222435	324.073016144	194.646189746	226.736618508	216.232857227	215.063669956	214.485511851	221.757060254	211.305769388	198.831760789	229.731024665	197.610487495
193.992792339	274.958032653	167.167010637	157.382741697	194.646189746	324.073016144	254.600261348	219.280098618	188.478631842	128.485377636	207.665342636	276.440219197	212.913881873	191.077680196	212.349029161
254.544118461	255.32451671	146.599707476	226.347027128	226.736618508	254.600261348	324.073016144	193.250742119	215.850185642	211.260078093	235.333193845	228.995983226	208.827868244	189.675292775	214.444942634
164.842543498	263.636683628	249.795863482	221.283116422	216.232857227	219.280098618	193.250742119	324.073016144	207.086530459	207.099165824	268.609608372	279.552109933	250.958751191	222.091075173	221.56703127
220.950889274	222.582145752	152.654881794	207.599200439	215.063669956	188.478631842	215.850185642	207.086530459	324.073016144	244.39631568	243.685459538	202.451824031	177.367042125	218.265143917	208.169391128
229.582613802	194.562535714	162.010278268	272.571610653	214.485511851	128.485377636	211.260078093	207.099165824	244.39631568	324.073016144	275.671782448	182.631270634	204.302454486	166.592219631	197.022021116
232.242405714	265.599720915	219.647657466	264.078582771	221.757060254	207.665342636	235.333193845	268.609608372	243.685459538	275.671782448	324.073016144	266.922816957	254.344269926	190.024850095	233.669757851
196.553696017	293.671538775	234.305726865	207.560788897	211.305769388	276.440219197	228.995983226	279.552109933	202.451824031	182.631270634	266.922816957	324.073016144	273.772198812	203.217966105	239.998272152
196.797112965	245.439729858	229.4837802	236.76343096	198.831760789	212.913881873	208.827868244	250.958751191	177.367042125	204.302454486	254.344269926	273.772198812	324.073016144	168.418318409	222.445644117
181.451447572	213.343415934	177.163642812	164.405290723	229.731024665	191.077680196	189.675292775	222.091075173	218.265143917	166.592219631	190.024850095	203.217966105	168.418318409	324.073016144	205.337004596
210.454567512	240.034273685	196.064025074	218.376145749	197.610487495	212.349029161	214.444942634	221.56703127	208.169391128	197.022021116	233.669757851	239.998272152	222.445644117	205.337004596	324.073016144
Genotype stats (X^T * X): 	52.4947089731
Gene expression - Genotype stats (Y^T * X): 
-2.88993098281	-14.4858505794	-2.18447731643	-8.83227554173	-4.21852009608	-10.6673348723	-7.31034549497	-10.5717652366	-8.3523200588	-16.7668212856	-16.1665653815	-10.291766053	-8.07310003198	-1.86743612503	-23.2690918704