Tissue	wholeblood
N_samples	334
Chr	14
Gene	ENSG00000100448.3
SNP	rs8008222
Gene_list	ENSG00000172232.5	ENSG00000196415.5	ENSG00000197561.2	ENSG00000164821.4	ENSG00000240247.2	ENSG00000169397.3	ENSG00000100448.3	ENSG00000101425.8	ENSG00000124469.6	ENSG00000012223.8	ENSG00000164047.3	ENSG00000005381.6	ENSG00000186652.5	ENSG00000149516.9
Gene expression stats (Y^T * Y): 
324.073016144	291.257652078	304.396001183	284.846065731	254.43054206	273.593627707	305.409677742	274.17903504	258.059027835	234.266646961	221.446455973	295.342742559	217.937805104	249.018050213
291.257652078	324.073016144	305.561721931	272.164337678	250.020643603	237.970484427	291.552878362	244.272135846	230.919764899	217.214309656	187.767821934	287.132759154	211.374382355	222.731319793
304.396001183	305.561721931	324.073016144	299.737354251	274.858924387	246.162689749	292.987784794	269.430117028	245.264924298	237.679821761	205.44507163	280.994045075	203.417357793	228.691000947
284.846065731	272.164337678	299.737354251	324.073016144	299.257644175	240.15177121	270.203327011	274.73889479	256.889550337	239.136061842	235.407018008	248.179978894	170.907623017	241.740291674
254.43054206	250.020643603	274.858924387	299.257644175	324.073016144	201.623795347	235.787377045	258.692845032	228.615498557	231.640516193	208.682728839	217.396709043	149.476906132	205.844420546
273.593627707	237.970484427	246.162689749	240.15177121	201.623795347	324.073016144	283.420276757	227.05337835	225.900846517	207.210260969	211.248683671	260.905931013	213.705511474	250.246613421
305.409677742	291.552878362	292.987784794	270.203327011	235.787377045	283.420276757	324.073016144	242.71888527	228.057950951	216.021421	198.674284461	305.436529835	209.95404636	262.542506043
274.17903504	244.272135846	269.430117028	274.73889479	258.692845032	227.05337835	242.71888527	324.073016144	267.242320196	272.070473437	243.262841228	233.33271404	195.150679782	210.48926044
258.059027835	230.919764899	245.264924298	256.889550337	228.615498557	225.900846517	228.057950951	267.242320196	324.073016144	216.864866169	234.153395751	231.281033741	183.940699166	236.071224139
234.266646961	217.214309656	237.679821761	239.136061842	231.640516193	207.210260969	216.021421	272.070473437	216.864866169	324.073016144	242.256199069	206.205234081	205.552464183	169.458048636
221.446455973	187.767821934	205.44507163	235.407018008	208.682728839	211.248683671	198.674284461	243.262841228	234.153395751	242.256199069	324.073016144	173.68996731	201.171215201	178.345819553
295.342742559	287.132759154	280.994045075	248.179978894	217.396709043	260.905931013	305.436529835	233.33271404	231.281033741	206.205234081	173.68996731	324.073016144	191.6832788	256.675043729
217.937805104	211.374382355	203.417357793	170.907623017	149.476906132	213.705511474	209.95404636	195.150679782	183.940699166	205.552464183	201.171215201	191.6832788	324.073016144	116.775896143
249.018050213	222.731319793	228.691000947	241.740291674	205.844420546	250.246613421	262.542506043	210.48926044	236.071224139	169.458048636	178.345819553	256.675043729	116.775896143	324.073016144
Genotype stats (X^T * X): 	45.1086074012
Gene expression - Genotype stats (Y^T * X): 
30.5406736633	28.7874503582	28.0707457021	20.5169513361	20.394521836	24.623759197	26.8919689633	23.9711072601	17.1488833608	24.0424818208	20.5682539935	29.2375809774	20.7956569309	18.6905993099