Tissue	wholeblood
N_samples	334
Chr	19
Gene	ENSG00000130208.5
SNP	rs283810
Gene_list	ENSG00000134339.4	ENSG00000173432.6	ENSG00000130208.5	ENSG00000125144.9	ENSG00000187193.8	ENSG00000163631.12	ENSG00000163586.5	ENSG00000166741.3	ENSG00000110245.7	ENSG00000158874.7
Gene expression stats (Y^T * Y): 
324.073016144	307.402973425	223.159892677	252.510688221	199.219266	184.649844256	266.000795246	231.240592304	230.799582651	222.759904562
307.402973425	324.073016144	245.853609311	270.647558189	213.824008489	207.963757729	265.031904166	243.655311365	252.955999101	244.777077882
223.159892677	245.853609311	324.073016144	277.108117128	201.494184874	269.431921707	248.720330048	213.357669279	291.849481668	289.715611251
252.510688221	270.647558189	277.108117128	324.073016144	244.416518938	231.96995955	255.470444543	217.290889973	269.859215344	262.227665362
199.219266	213.824008489	201.494184874	244.416518938	324.073016144	142.383361084	177.268909222	217.157680934	185.831773312	175.227090433
184.649844256	207.963757729	269.431921707	231.96995955	142.383361084	324.073016144	219.190578431	147.761231228	288.819110432	296.489500665
266.000795246	265.031904166	248.720330048	255.470444543	177.268909222	219.190578431	324.073016144	249.748338598	257.257489574	254.230713543
231.240592304	243.655311365	213.357669279	217.290889973	217.157680934	147.761231228	249.748338598	324.073016144	194.22347168	182.35513287
230.799582651	252.955999101	291.849481668	269.859215344	185.831773312	288.819110432	257.257489574	194.22347168	324.073016144	314.499022853
222.759904562	244.777077882	289.715611251	262.227665362	175.227090433	296.489500665	254.230713543	182.35513287	314.499022853	324.073016144
Genotype stats (X^T * X): 	64.1325578683
Gene expression - Genotype stats (Y^T * X): 
-7.4048290124	-13.4246307938	-23.0016377055	-19.8349593781	-14.6046660629	-15.9322460164	-10.1262531235	-8.81506283043	-19.0703404339	-17.7627794534