Tissue	braincaudatebasalganglia
N_samples	98
Chr	5
Gene	ENSG00000113721.9
SNP	rs4705114
Gene_list	ENSG00000111181.8	ENSG00000113504.15	ENSG00000164850.10	ENSG00000197256.6	ENSG00000074181.4	ENSG00000101335.5	ENSG00000161381.9	ENSG00000168575.5	ENSG00000185633.6	ENSG00000121068.9	ENSG00000119630.9	ENSG00000011465.12	ENSG00000122786.15	ENSG00000113721.9
Gene expression stats (Y^T * Y): 
90.3124531138	59.224813963	51.6493024361	39.2311963062	51.2650983244	31.0401584028	52.570790826	36.977575594	48.132053573	29.2914649938	33.5071558043	51.2238011143	38.9871239643	56.2726362247
59.224813963	90.3124531138	57.3411883299	39.001328646	56.4339143279	31.1551769633	42.3639490893	40.6141196584	41.3358726574	41.434232747	54.9993051535	28.5518765061	29.3390569072	54.9852050459
51.6493024361	57.3411883299	90.3124531138	38.5467287577	60.133530886	47.9912683784	50.9517902659	49.4111530405	55.5073997478	46.5138622581	64.0485634665	40.9342089094	41.6870284611	61.0280211868
39.2311963062	39.001328646	38.5467287577	90.3124531138	61.6593494715	54.623927143	42.403576895	42.579544568	50.0166064483	47.2252091531	36.5333132358	43.8216302253	60.3936053796	57.4506683489
51.2650983244	56.4339143279	60.133530886	61.6593494715	90.3124531138	49.3822552968	55.868977971	48.8631014313	56.3228930899	56.9745635667	49.5330875106	43.3652988307	49.1865434243	64.0707163706
31.0401584028	31.1551769633	47.9912683784	54.623927143	49.3822552968	90.3124531138	49.7254323601	51.7810450165	67.6071278375	47.9100500265	49.6354445682	63.8217700104	60.4635823803	56.9598371529
52.570790826	42.3639490893	50.9517902659	42.403576895	55.868977971	49.7254323601	90.3124531138	41.1085134749	52.5498193353	54.4250870734	33.6758228971	50.6997542839	47.2522852128	57.8192184684
36.977575594	40.6141196584	49.4111530405	42.579544568	48.8631014313	51.7810450165	41.1085134749	90.3124531138	44.6300957672	48.4193689081	49.0896091413	41.8437856098	34.3850778549	55.867783045
48.132053573	41.3358726574	55.5073997478	50.0166064483	56.3228930899	67.6071278375	52.5498193353	44.6300957672	90.3124531138	50.049659701	48.3023309324	58.1543178078	47.3340584196	57.1360971531
29.2914649938	41.434232747	46.5138622581	47.2252091531	56.9745635667	47.9100500265	54.4250870734	48.4193689081	50.049659701	90.3124531138	46.2157659058	29.9753877481	47.5097790753	58.9906502023
33.5071558043	54.9993051535	64.0485634665	36.5333132358	49.5330875106	49.6354445682	33.6758228971	49.0896091413	48.3023309324	46.2157659058	90.3124531138	30.0096061202	36.952120171	55.5099242571
51.2238011143	28.5518765061	40.9342089094	43.8216302253	43.3652988307	63.8217700104	50.6997542839	41.8437856098	58.1543178078	29.9753877481	30.0096061202	90.3124531138	60.8577004542	54.3036062057
38.9871239643	29.3390569072	41.6870284611	60.3936053796	49.1865434243	60.4635823803	47.2522852128	34.3850778549	47.3340584196	47.5097790753	36.952120171	60.8577004542	90.3124531138	59.6780988107
56.2726362247	54.9852050459	61.0280211868	57.4506683489	64.0707163706	56.9598371529	57.8192184684	55.867783045	57.1360971531	58.9906502023	55.5099242571	54.3036062057	59.6780988107	90.3124531138
Genotype stats (X^T * X): 	46.2474682449
Gene expression - Genotype stats (Y^T * X): 
20.7509478394	24.1993927134	19.7963177459	22.4065374465	20.1745121566	20.9978516982	13.3769231123	18.6946390322	15.2446572091	17.4015253431	27.8127061438	10.5974696389	19.6918888816	24.3736641297