Tissue	braincaudatebasalganglia
N_samples	98
Chr	11
Gene	ENSG00000184014.3
SNP	rs4910041
Gene_list	ENSG00000184014.3	ENSG00000163517.10	ENSG00000146122.12	ENSG00000154945.6	ENSG00000106078.13	ENSG00000135720.8	ENSG00000071054.11	ENSG00000009307.11	ENSG00000064393.11	ENSG00000113578.13	ENSG00000169554.12
Gene expression stats (Y^T * Y): 
90.3124531138	54.411039573	58.4275429186	58.9779255212	56.7261416135	56.213266635	57.5328084851	55.6516191647	60.2555496557	55.1638362855	55.2376979249
54.411039573	90.3124531138	47.8481306648	24.2485360427	40.0136229139	32.3765795837	31.6784895918	20.399017335	40.7380484846	34.8895793565	32.2123634732
58.4275429186	47.8481306648	90.3124531138	59.8039778246	40.3435249313	71.1317686376	67.5086921421	39.1216273163	75.490816097	66.8584807067	60.2442471344
58.9779255212	24.2485360427	59.8039778246	90.3124531138	64.3418254052	73.7908703985	67.3505094892	64.0392194255	72.9140672033	64.2491725359	68.8429608647
56.7261416135	40.0136229139	40.3435249313	64.3418254052	90.3124531138	52.4682712928	50.3308306606	56.911710866	53.9734196329	43.0073740121	51.6524600412
56.213266635	32.3765795837	71.1317686376	73.7908703985	52.4682712928	90.3124531138	80.0358140849	50.8126368889	78.3291406593	72.9812588834	69.4580792535
57.5328084851	31.6784895918	67.5086921421	67.3505094892	50.3308306606	80.0358140849	90.3124531138	48.4711080476	74.3703800569	71.1597080904	66.8673394447
55.6516191647	20.399017335	39.1216273163	64.0392194255	56.911710866	50.8126368889	48.4711080476	90.3124531138	50.2598925617	49.5526986817	43.0524343348
60.2555496557	40.7380484846	75.490816097	72.9140672033	53.9734196329	78.3291406593	74.3703800569	50.2598925617	90.3124531138	69.2562927939	71.6419361974
55.1638362855	34.8895793565	66.8584807067	64.2491725359	43.0073740121	72.9812588834	71.1597080904	49.5526986817	69.2562927939	90.3124531138	63.7590691229
55.2376979249	32.2123634732	60.2442471344	68.8429608647	51.6524600412	69.4580792535	66.8673394447	43.0524343348	71.6419361974	63.7590691229	90.3124531138
Genotype stats (X^T * X): 	30.6388083367
Gene expression - Genotype stats (Y^T * X): 
-18.4414340562	-6.60485814068	-14.349171633	-14.948833664	-14.1893209457	-13.5586501556	-13.9293775284	-14.6777695039	-14.3544404311	-12.2374272332	-9.24926789497