Tissue	braincaudatebasalganglia
N_samples	98
Chr	5
Gene	ENSG00000164587.7
SNP	rs4841
Gene_list	ENSG00000177600.4	ENSG00000115268.5	ENSG00000140988.11	ENSG00000171863.8	ENSG00000130255.8	ENSG00000166441.8	ENSG00000144713.8	ENSG00000105640.8	ENSG00000221983.3	ENSG00000134419.11	ENSG00000137154.8	ENSG00000196683.6	ENSG00000142676.8	ENSG00000198242.9	ENSG00000231500.2	ENSG00000124614.9	ENSG00000198755.6	ENSG00000125691.8	ENSG00000108298.5	ENSG00000100097.7	ENSG00000168028.9	ENSG00000100316.11	ENSG00000105193.4	ENSG00000188846.9	ENSG00000145592.9	ENSG00000131469.8	ENSG00000105372.2	ENSG00000140264.15	ENSG00000142937.7	ENSG00000265681.2	ENSG00000160307.5	ENSG00000063177.8	ENSG00000142541.12	ENSG00000142534.2	ENSG00000213741.4	ENSG00000162244.6	ENSG00000123349.9	ENSG00000170889.9	ENSG00000123360.7	ENSG00000143947.8	ENSG00000108107.8	ENSG00000229117.4	ENSG00000008988.5	ENSG00000083845.4	ENSG00000171858.13	ENSG00000149806.6	ENSG00000137818.7	ENSG00000172809.8	ENSG00000156642.12	ENSG00000149273.10	ENSG00000138326.14	ENSG00000186468.8	ENSG00000167526.9	ENSG00000122406.8	ENSG00000156482.6	ENSG00000114391.8	ENSG00000109475.12	ENSG00000118181.6	ENSG00000089157.11	ENSG00000136942.10	ENSG00000197958.8	ENSG00000112306.7	ENSG00000148303.12	ENSG00000161016.11	ENSG00000164587.7	ENSG00000145425.5	ENSG00000204628.7	ENSG00000182899.10	ENSG00000066248.10	ENSG00000172428.6
Gene expression stats (Y^T * Y): 
90.3124531138	69.2145527655	66.4542625355	57.1032882759	71.0033440142	55.1496074335	55.9905931183	64.8481868833	69.2162830541	43.3098454627	55.4173473923	61.1549022362	62.9680267736	65.9947945924	56.4741117011	65.5622290389	43.3837454646	54.3829665643	67.6462247424	55.1261538158	55.7621076601	52.2137539014	70.6515976768	48.1020149665	65.7223764157	57.9445366377	73.8393425415	60.6128161781	61.079098184	50.3503126614	44.2630782675	60.9621880326	74.3588586995	62.3023211086	49.7613965028	57.3382644555	49.3268310061	71.2711990978	-40.0867988867	48.9202026515	64.7723992382	55.8109462988	44.5841022155	58.5308172646	67.7598746969	76.095963998	72.1129981474	69.5740060309	-47.3363197182	66.088997909	39.7125364633	47.4807241067	63.267907559	42.3502089655	49.7478145636	47.4551667149	48.1281116065	43.104973345	42.6639599236	59.713196427	49.3825601881	54.5288726953	56.0024843732	68.9303711009	64.5709207312	34.9663943297	44.2109129316	46.2328755919	-33.6100389517	45.8692283817
69.2145527655	90.3124531138	69.5973184951	67.465740874	84.2028340905	72.6676614083	67.153414422	80.9880974837	72.7622356226	59.1544743865	64.9725021491	52.6171828225	69.4672264471	70.3776162527	64.2767525759	77.9046251226	56.9404024603	57.1929395938	76.289020687	63.0562121719	63.6623211177	57.9750667579	78.4263322339	51.4919682151	66.1736345053	71.6075512516	79.8046202606	69.1958823616	72.8518192337	62.2787281836	58.7618961686	82.7435947166	75.6429663273	70.1473033079	61.1278800327	76.7502821896	62.8512721789	77.5592712228	-51.2892837816	54.8046106979	80.3358117406	63.3504197243	53.9338062328	77.7599970314	73.0764133772	77.1582633692	78.9776450736	76.8838440445	-60.2440981677	72.6528799452	53.9276482653	56.3977430781	82.3120084437	44.1137414173	58.6947914073	62.2505188456	60.2417637273	60.568498701	56.041693642	83.0835677378	63.9185778799	65.1232454675	61.8360618995	75.122100124	69.2317819787	46.5020671613	49.3773841855	57.1835251763	-51.4568184739	61.724390384
66.4542625355	69.5973184951	90.3124531138	56.2261786208	70.8416910057	57.4007020542	56.4428281448	72.8782635391	62.3439502406	49.3427815059	56.4581296661	48.1148398612	61.7908650619	56.7750132483	60.3338802627	66.5067990369	51.0369512652	57.599107305	66.4112048683	61.5844287394	55.8459878633	53.9531445157	76.4245632581	52.3220748395	59.0072106402	57.7274537994	75.8126827914	53.9402907125	63.4289127214	61.5183173872	45.6097233473	68.629058165	78.8633144639	60.8860552329	45.361956064	67.1955730294	46.7757070742	63.5580941445	-39.5430333141	38.7461507181	70.69820445	61.4878426653	44.8291835388	67.8468583825	52.8824074654	68.2896702392	69.6691188003	59.4751539561	-49.5045084895	66.8884723806	46.260962363	39.5951285422	66.9406545372	44.215103532	47.8589884293	48.7705042587	43.0894282467	44.713025872	66.1710928004	64.546461594	56.3509081249	52.2692451244	66.3803965765	75.0127988487	63.2099652215	36.8821800236	57.4837596131	44.0881173466	-37.5085528635	51.6730068678
57.1032882759	67.465740874	56.2261786208	90.3124531138	67.7383664686	73.5113885457	77.8265031002	64.4570384174	70.6947230134	75.6300045414	77.3672611287	54.268593691	77.5230680143	74.927933358	71.4818685573	70.2950924935	66.9783693998	76.5452944971	79.6602030184	46.9369217918	54.4516208274	64.4354762174	69.3549197297	70.149791979	71.3923109745	76.8737743771	68.1831481195	51.2759656308	79.9914496715	71.2367664837	45.6342299074	66.4876332515	69.0187923887	73.6582906251	67.7454064005	72.469669643	74.5158906011	66.895838478	-56.2294931538	71.3700478525	66.1133351939	67.4967884519	71.665438707	67.8158749784	66.229689937	57.4883158029	58.6272018747	73.725123581	-45.1050650256	70.2600961702	75.4782810465	68.8809382619	63.7527817872	71.7376711825	72.9422468154	75.589374184	74.0611105864	73.4960263354	57.781648185	74.5514174212	70.7068300469	69.8942851267	69.6451020088	68.6982362916	63.5363920299	68.9095470655	54.1562837464	77.4974861628	-58.1951360097	48.8733047815
71.0033440142	84.2028340905	70.8416910057	67.7383664686	90.3124531138	73.0491969511	68.6457471571	78.715126136	73.4419844718	60.1515574885	66.2030493327	58.0017881487	71.0274179139	71.5061825537	68.9306766843	80.249801713	61.1356115559	62.6150979528	75.860443048	67.4910523867	66.9514366537	61.7053629665	76.3988428103	55.2503987332	69.1142912416	74.0392538742	80.2559928162	67.093004545	73.4177007763	64.9360575272	58.8222396831	81.2836523734	77.2301135823	70.9091843481	63.2357227301	74.1551634351	64.6609065096	78.3232476248	-51.5571187244	57.0851273466	79.483652574	69.7320491346	55.2874630111	76.9159414147	73.3467121894	78.723518115	79.1116553139	78.5829769061	-61.4906051655	71.9825927202	56.5073357088	56.7046997146	78.0244178005	49.4561300667	60.2172440967	62.8689667662	61.2136990398	59.651392313	60.6421187582	82.0980973652	65.7948034034	68.3166926582	65.4550115597	79.625955839	71.696081956	49.4086648146	50.628683446	59.5566964265	-51.8713920376	63.572852596
55.1496074335	72.6676614083	57.4007020542	73.5113885457	73.0491969511	90.3124531138	75.397510316	72.5866566727	68.9489540022	71.6721733149	74.8543555521	52.7208152039	77.4437694416	70.3958348699	71.9578711083	78.6329411832	68.9119466493	71.0426839153	78.1403867145	50.0630259466	60.7648413642	69.4099593654	67.0105441807	65.4723958621	66.1517854547	79.2805227261	66.6362062252	46.4404071207	81.0397468328	73.8831708264	53.1060885659	74.647924804	68.9842902191	73.407322505	69.7109065646	74.322163056	80.0050420897	69.1016190005	-53.7817767073	69.4279396405	70.8471023576	68.5867717789	68.3351299	72.0665276879	65.2668367347	62.6913135445	64.0410068845	70.9600476752	-55.9984617945	67.9792222267	74.7755071131	62.6751688459	70.1143403652	68.4254347531	72.8722445892	75.4691961758	76.9526723637	76.8179112119	62.7404653902	79.6789902915	73.6288315606	72.9783626751	68.3052632974	68.8235397442	66.9445645312	67.0788735241	51.6560294438	73.5745549325	-57.5211931117	58.7222741329
55.9905931183	67.153414422	56.4428281448	77.8265031002	68.6457471571	75.397510316	90.3124531138	68.3494531229	79.5601756377	75.9577013569	76.1410653256	64.0798557264	79.8876561653	78.4244087106	72.0323147569	76.0790792721	78.8209617832	76.3142160062	81.7720581001	40.5502822322	64.0002055782	72.9308201711	68.4150466963	71.9991119888	75.4957245719	78.7216881398	66.6526180137	45.6043849243	79.4763569094	75.7236566995	48.1424639707	70.6279267601	71.9759785852	81.4424262917	74.0040106846	74.4898105264	78.7778755588	67.0142964621	-55.7371097346	78.0732502415	69.5853166916	72.1670020987	74.4160030533	75.0463667245	71.4893861754	62.7741671111	53.4826398513	75.6112397313	-53.0974179289	71.570471421	76.1893584412	72.0899054626	63.4335324062	71.9857304497	77.9852961739	79.7272373054	75.047240014	73.6032960531	59.05787255	73.474002783	69.8352007132	75.5123669398	73.6532617848	72.1384593996	70.0182188849	71.3151213557	59.7286236264	77.9614694374	-60.1607500845	53.0341894349
64.8481868833	80.9880974837	72.8782635391	64.4570384174	78.715126136	72.5866566727	68.3494531229	90.3124531138	74.1137590034	61.4644010558	64.0636008788	56.3465764193	70.7857588168	69.5367353288	68.1012508896	78.5095707399	64.9399254415	64.9519264423	75.994985556	57.4169280842	63.5341324199	65.3344935285	81.0474435378	55.5514682022	65.6155830584	72.2156629722	77.3432995946	55.7846160861	74.8959470065	66.7755436217	47.0565589607	77.5803896388	77.2364412964	74.4451243398	64.3393398928	73.8242519106	60.3050410854	71.014305759	-50.4500357957	56.495966221	78.2076771908	68.2080261859	56.182368559	80.8960825843	70.5987342629	73.2456695994	73.6505322414	72.5984525776	-53.7831686057	75.8617957332	56.220384874	55.0936053489	78.0625201312	52.2411777878	62.8294061729	61.8234550444	56.6163782411	60.2191833911	63.0251919655	77.7612491698	64.3083931406	67.0201390794	71.7315108021	75.1610691221	68.1469508689	54.5943872722	60.0719588788	58.5007511657	-45.2712145538	58.5552439621
69.2162830541	72.7622356226	62.3439502406	70.6947230134	73.4419844718	68.9489540022	79.5601756377	74.1137590034	90.3124531138	66.5706742936	69.9541157011	63.6358032707	77.1453713096	77.8320529834	72.6591820082	76.8883720575	70.8674265929	69.1339262161	80.0634873918	42.5216072224	68.4873527173	68.0699961262	72.3150756017	64.3786207974	73.8289462649	75.7995152434	69.0036353978	51.5320831897	75.4903721814	67.8549118624	45.3370479742	71.6632887648	74.5554358169	77.5153393978	69.8352379961	70.5821077271	68.6025438097	71.8962921385	-47.7960090245	69.8351243244	72.376973417	66.4353720647	65.702458527	74.8205613778	73.1726572075	73.6519167874	61.9991696787	77.3517128635	-48.2678786125	73.6640856988	60.3097524361	63.8486587879	66.1375894223	62.4640466616	71.144411539	70.8989296317	65.4746708644	64.9124609318	54.9783036792	71.6739512581	66.0814908258	71.001078237	69.2901281041	72.5185109145	72.8398149041	59.7174560375	58.4893364874	68.4527028676	-45.0728083015	51.8457195358
43.3098454627	59.1544743865	49.3427815059	75.6300045414	60.1515574885	71.6721733149	75.9577013569	61.4644010558	66.5706742936	90.3124531138	77.656892921	41.5389387208	79.4053726236	72.2539910233	69.4323089649	72.7780285079	73.3369697119	76.8738324253	73.2541476789	44.6733421588	52.6731944167	59.8153818563	64.8258077255	59.5712412968	69.1046128312	78.0030785909	60.2673855893	43.0535655746	76.2081535753	75.9866446184	49.7499549461	66.4664200033	57.2491520703	73.1900664962	78.4370909945	71.548337635	69.0167457093	61.4457534903	-67.0131127202	74.8870066288	63.3155485571	71.0482536621	76.7131996485	68.3439317182	60.7739047866	46.9511178772	49.2371916418	67.4044231547	-47.3782882731	67.212509332	77.8880217189	77.3733028874	54.7344398616	71.7991585423	84.1071234608	74.6655823259	71.0782497711	76.2967173802	68.4020887999	70.1243679149	69.8461814055	78.6198988148	61.4340128734	64.5718727491	63.2199299034	77.2114461161	62.7452169532	75.8251950191	-65.6494679712	46.1302477898
55.4173473923	64.9725021491	56.4581296661	77.3672611287	66.2030493327	74.8543555521	76.1410653256	64.0636008788	69.9541157011	77.656892921	90.3124531138	45.8420527641	82.2170106457	75.8449942507	71.1818343924	71.2973145695	67.8210064172	77.6678455051	82.1165432679	52.101584274	48.5058197233	69.0826230026	71.4450368684	69.9871873661	71.2170619482	73.2192485313	66.1793073998	49.2941655111	81.6908929611	75.2959074775	46.7891342489	69.4548121073	68.4850906748	76.651042285	67.7557603666	68.6211111693	71.97133776	66.6514560913	-68.7243205952	69.6145083185	70.8943896959	68.0003864054	73.4088009079	63.7576133772	57.4104069036	54.0774325713	61.3140224248	69.2438513864	-52.6804655697	73.1193455474	77.4422391973	69.6434075696	60.0193817371	75.5708256258	79.4649041819	73.6083149426	74.0215577405	74.0267139536	65.4209529957	71.9365489798	71.8366234912	76.3497086568	68.8023936638	73.8062667483	68.8719292733	69.3857679648	63.2460953316	74.1360661441	-66.6541665639	47.6593534869
61.1549022362	52.6171828225	48.1148398612	54.268593691	58.0017881487	52.7208152039	64.0798557264	56.3465764193	63.6358032707	41.5389387208	45.8420527641	90.3124531138	55.8533219473	62.6097935217	56.0681890688	62.7187355035	59.7353797701	56.8298278357	57.3823158622	30.9924640023	57.0673249342	64.7098165248	55.2464392697	55.3666109087	62.6771095612	57.6614427731	57.097414795	34.1539428802	57.271815455	54.594302648	30.5756229667	47.4416940268	64.5859440423	61.0587008197	51.3883853729	48.1025578573	61.8002130664	50.5262807994	-26.5809437062	59.0715633186	49.0144130477	61.7893262846	46.6063568833	59.4859799741	65.3353014247	63.2124137243	48.8250309924	60.6044514382	-34.7108777045	56.4217210046	48.5453935305	46.4245899156	52.2168641321	52.5827546725	49.1662782457	55.2241245603	52.8866765695	45.3135160721	36.3636553206	50.4745717498	49.1872575009	54.7311521809	63.2651751784	56.3305424424	58.8043497124	49.4637847206	36.8783478286	54.3867818886	-27.924371689	40.8535636351
62.9680267736	69.4672264471	61.7908650619	77.5230680143	71.0274179139	77.4437694416	79.8876561653	70.7857588168	77.1453713096	79.4053726236	82.2170106457	55.8533219473	90.3124531138	77.9277693704	72.6615937569	79.5202049554	75.1482035994	81.0301269089	83.241495314	47.0730842574	60.5035867429	71.2100698121	73.0954527451	68.3515889589	73.4002779678	80.421546039	68.7114186364	46.5062258182	85.0589293385	77.0964074766	50.2783693886	71.3145294043	71.7414055845	77.8010477607	75.9317730639	73.7957167896	75.3124501621	72.236225633	-57.1586463823	76.7253899519	73.1070660523	73.648026477	76.5632633823	73.9197577853	66.7971731096	63.2148631723	59.5345654463	74.6793799571	-49.9496132157	72.6163379906	75.5848314128	74.2661638118	65.5249102918	74.9683770665	83.4788934304	77.277934994	73.9378615697	74.5694557515	65.8871836762	75.0599658731	73.6149986947	80.491782189	72.5347504273	74.4161745562	70.2968637974	74.5347826954	63.1928133891	75.7983662868	-53.3735521022	49.1432651632
65.9947945924	70.3776162527	56.7750132483	74.927933358	71.5061825537	70.3958348699	78.4244087106	69.5367353288	77.8320529834	72.2539910233	75.8449942507	62.6097935217	77.9277693704	90.3124531138	74.4072894696	79.0820725687	70.8969864759	73.136151952	78.9677533697	48.4723896295	64.5929859686	68.9438892395	71.4118842157	63.6657466089	77.2411725166	77.637854737	71.5502695944	54.2695302393	77.4779919751	73.8024066349	52.1810697791	70.8277680572	72.1952395536	79.8368503048	72.4469547544	70.6641122482	71.1797193872	70.6644060284	-61.6654472885	74.1718210283	70.8835410856	71.6491511156	68.7400585969	72.1808590143	75.1406922733	63.5987063808	65.3694494626	77.3036823345	-54.6140390166	77.5763475715	69.3000401398	72.7536543731	64.9925145776	68.0305144157	76.9805659338	75.2541195683	71.7088594272	71.9426297554	55.9577165788	72.328068013	64.7916290177	77.3095365087	69.9611337796	69.6256583494	73.4941321479	69.5915246147	54.1773042479	73.5364561444	-59.3265847686	55.3494717206
56.4741117011	64.2767525759	60.3338802627	71.4818685573	68.9306766843	71.9578711083	72.0323147569	68.1012508896	72.6591820082	69.4323089649	71.1818343924	56.0681890688	72.6615937569	74.4072894696	90.3124531138	72.2188203785	66.0881128358	68.3868935377	74.207136405	47.1827105756	64.5077819353	67.0216538415	67.1242831741	65.4317628253	68.9683874895	73.5808735204	66.6031728361	46.1135431855	73.7693803615	70.6827990546	39.8341709181	66.0731552656	69.0075360254	72.2347516625	66.1336271157	67.5028130586	67.8851404011	61.3589924751	-53.3855569374	66.711238502	67.6949649159	68.4737396571	63.4874378428	68.7900159853	61.8143759355	62.2874934375	59.860472546	69.3951124817	-47.9703781118	70.1986179596	64.7647862468	60.9599228012	60.8567567348	66.0182931138	69.397996786	69.2429787071	67.1488295819	68.4159961588	57.6998178171	69.4312751358	64.1527076599	69.6245536003	71.2642403938	69.7861010043	63.3231192405	63.2927580496	54.0582334969	67.4630114631	-51.3277694673	51.5419044873
65.5622290389	77.9046251226	66.5067990369	70.2950924935	80.249801713	78.6329411832	76.0790792721	78.5095707399	76.8883720575	72.7780285079	71.2973145695	62.7187355035	79.5202049554	79.0820725687	72.2188203785	90.3124531138	72.8743727215	71.684764036	78.1884969117	57.5316033038	70.7540217675	68.921901108	76.1004060722	56.3778522298	74.4401342866	80.3628039446	75.1796933045	55.3511775814	78.3577554039	74.2575189675	62.672185573	79.852473986	73.863223751	77.5123132833	74.8014857969	76.4199630857	71.4040806443	77.9537293195	-57.9131222539	70.0598346386	77.3367024029	75.4123278907	65.8812374046	79.7076026991	75.5669835164	72.8840981289	70.4478604596	78.2560084939	-62.2649193122	76.2936089269	66.1026361906	69.0464608973	73.2928372957	60.7046650284	75.5301853938	70.538694593	67.3424059092	67.8248665961	66.2361462855	79.4659797208	72.6493487164	80.9996081208	69.4509363639	75.4751370671	76.1308855483	63.8975832688	57.3901564373	69.4317240582	-57.3209286548	62.2846234192
43.3837454646	56.9404024603	51.0369512652	66.9783693998	61.1356115559	68.9119466493	78.8209617832	64.9399254415	70.8674265929	73.3369697119	67.8210064172	59.7353797701	75.1482035994	70.8969864759	66.0881128358	72.8743727215	90.3124531138	76.0445811664	70.7062324204	32.1511122977	56.402576868	72.5754927483	58.2266995766	63.3607808905	63.1722050176	75.0560181129	56.3467449415	26.7668033466	74.8710548127	74.7576443579	38.3110820515	63.1107470912	61.334380173	72.6097958871	74.3473377082	63.7222891365	72.6056579526	58.3722524774	-46.7887156479	72.3935478839	61.6435207054	71.9108182585	71.5597444078	70.4709689854	61.3557944444	52.5693214502	43.8502044095	62.9890856769	-38.9697254089	62.0461406524	72.4756825538	67.5419016497	54.7277936848	70.9823908625	74.9851239753	75.6029153604	66.7161947341	72.0274197336	65.9489643253	66.1542034826	68.9088277439	74.3215581708	70.9629623531	61.8059369456	63.8538117977	74.2727592124	55.6250119693	74.5803690995	-47.0048211012	47.4340338515
54.3829665643	57.1929395938	57.599107305	76.5452944971	62.6150979528	71.0426839153	76.3142160062	64.9519264423	69.1339262161	76.8738324253	77.6678455051	56.8298278357	81.0301269089	73.136151952	68.3868935377	71.684764036	76.0445811664	90.3124531138	77.41979987	45.5080908215	45.7905906772	73.9737596632	66.0062794601	71.7377057787	74.1475737199	74.5279941304	61.943030452	37.8474892742	80.6996012361	78.8489797133	38.6115784265	62.5407711709	68.3747009441	76.538460673	69.4349997017	65.6559757852	72.0352926036	60.6958285552	-58.6441482304	69.4316489619	63.2380013564	76.4203634582	74.047117447	66.5862435955	61.7239078017	54.159714353	52.1841496852	67.1540268474	-44.5813711981	68.2511608988	78.3848908286	71.6745313357	55.1503481192	79.9056366531	77.57725982	74.2575860791	69.7734886755	72.1020508742	68.6868163879	66.1849587706	72.1487803913	73.6669127339	75.061094814	69.7543558409	67.2914171037	74.8054033943	63.1588229095	76.9427857386	-54.8278641636	43.1795320551
67.6462247424	76.289020687	66.4112048683	79.6602030184	75.860443048	78.1403867145	81.7720581001	75.994985556	80.0634873918	73.2541476789	82.1165432679	57.3823158622	83.241495314	78.9677533697	74.207136405	78.1884969117	70.7062324204	77.41979987	90.3124531138	54.4989569234	58.3272883637	71.0338205834	79.917679866	71.513640286	77.4538577708	76.6305625528	76.7777218118	55.9986850194	84.817205908	71.4290384615	48.8916637046	76.2670507328	77.9359397899	82.9976328945	69.4063158187	76.8199060902	73.9592841268	76.6942118437	-58.3924344647	67.9465904637	76.8018067212	69.1355459675	69.8151424763	75.5292754308	71.6705629988	68.9673740688	67.5361665874	78.1927718986	-51.6101623354	79.0458870679	70.3712773955	67.6417014804	70.7080298518	68.4806001548	75.743115443	73.182819547	71.8275166832	72.7391175561	61.5378944096	79.9434743058	74.9115831844	74.6776941373	74.7896856096	79.347465771	72.8743038135	62.8307374918	65.478595022	72.4672538354	-56.3184063631	50.7260205112
55.1261538158	63.0562121719	61.5844287394	46.9369217918	67.4910523867	50.0630259466	40.5502822322	57.4169280842	42.5216072224	44.6733421588	52.101584274	30.9924640023	47.0730842574	48.4723896295	47.1827105756	57.5316033038	32.1511122977	45.5080908215	54.4989569234	90.3124531138	42.2338452605	37.5663146245	65.0118434513	32.3786144983	52.8329764161	47.6257298631	66.2835938106	66.9960489808	48.2349881804	44.1840134902	60.9078083086	65.6239792757	60.7555870056	50.4737331745	38.818876018	57.4322032005	33.8762969305	60.3897953238	-57.3322077089	27.9353486526	66.3858902206	54.0988095438	34.0471011169	51.4914828228	45.9730982281	55.4466017734	70.1682024348	55.5183014441	-61.4967032393	57.8216188393	40.1621757665	38.1336194273	54.3529482091	28.1003247363	38.4404130146	33.4122188349	32.7636255175	34.5467649808	58.1019842308	58.5372987877	52.0551053716	47.5659186192	43.1370317142	69.9918742024	56.3896245453	25.7448647821	41.743749637	31.5114080223	-58.1480802009	57.0400363002
55.7621076601	63.6623211177	55.8459878633	54.4516208274	66.9514366537	60.7648413642	64.0002055782	63.5341324199	68.4873527173	52.6731944167	48.5058197233	57.0673249342	60.5035867429	64.5929859686	64.5077819353	70.7540217675	56.402576868	45.7905906772	58.3272883637	42.2338452605	90.3124531138	53.8679049264	56.6714150689	44.8513442727	53.3977980925	65.7308407956	62.8839565358	41.9806035053	58.2379880732	57.6122310197	52.4326497818	64.437003349	65.161182099	60.1363198917	60.4743457686	65.6818588916	59.7024182901	60.1989324526	-30.740272453	61.339971384	65.1672009723	53.9540132694	51.5659350028	69.5398942751	62.1005250396	62.9494096262	55.1328435879	65.5410705545	-47.059610431	60.9148174189	48.3413266222	48.0237950756	61.1914773474	42.5277761573	55.2593630728	59.7637406967	55.121189505	49.7115608123	46.4173008644	62.6173849001	52.4982388659	60.8974415482	55.0834713344	59.1570967135	58.1984082378	50.3413933112	37.3404804806	53.8594962555	-37.3872539212	54.7746721243
52.2137539014	57.9750667579	53.9531445157	64.4354762174	61.7053629665	69.4099593654	72.9308201711	65.3344935285	68.0699961262	59.8153818563	69.0826230026	64.7098165248	71.2100698121	68.9438892395	67.0216538415	68.921901108	72.5754927483	73.9737596632	71.0338205834	37.5663146245	53.8679049264	90.3124531138	61.1730690601	69.6734972946	63.3272390498	66.1961652861	60.3802725746	26.7008323528	73.6953058241	74.5464497378	36.4102954986	64.8419712054	70.1034818991	73.6296704979	59.418219572	62.9646926514	72.5122794741	55.9445030983	-43.3816890535	63.6319021562	61.7382223447	65.2711694771	65.9585311916	67.794282845	57.4045092486	58.155819788	52.3751892923	56.9615245337	-45.6552114909	68.7311158344	67.0145343725	54.3104938655	58.2757229378	75.2033550332	63.9847459652	72.8215074834	67.2223461844	65.1215303345	62.7802895379	61.0451356023	60.4022053156	64.7139266223	80.0875798173	69.0207640748	65.4220741381	65.3093772559	57.2993330373	72.0314364402	-44.5511885562	45.7677270681
70.6515976768	78.4263322339	76.4245632581	69.3549197297	76.3988428103	67.0105441807	68.4150466963	81.0474435378	72.3150756017	64.8258077255	71.4450368684	55.2464392697	73.0954527451	71.4118842157	67.1242831741	76.1004060722	58.2266995766	66.0062794601	79.917679866	65.0118434513	56.6714150689	61.1730690601	90.3124531138	59.9353960775	72.3520336498	68.9860963438	82.6647741477	65.3618392019	74.6021877868	64.8869971121	48.2036197863	75.5343465513	79.5192500428	75.4642901402	60.3930373876	72.7399195929	56.7370400022	75.2293435784	-57.3119963558	53.6298586708	78.4492223067	66.004685112	56.9002764608	76.0048297301	68.9194687847	72.5564885938	77.5480133245	72.7793619341	-53.8919426214	81.6982458798	55.5940086661	58.3344398792	74.5807185301	54.5944382568	64.1976245245	57.9678601753	55.3388529307	57.8585264985	62.8963765891	73.9387544407	65.5135162562	67.3780379568	70.6928831682	81.7034678917	71.6029208253	50.1921554145	66.0282782382	57.1208746859	-52.3832303394	51.8352777325
48.1020149665	51.4919682151	52.3220748395	70.149791979	55.2503987332	65.4723958621	71.9991119888	55.5514682022	64.3786207974	59.5712412968	69.9871873661	55.3666109087	68.3515889589	63.6657466089	65.4317628253	56.3778522298	63.3607808905	71.7377057787	71.513640286	32.3786144983	44.8513442727	69.6734972946	59.9353960775	90.3124531138	65.2278689213	62.9525096306	59.3659843848	28.9256182077	74.3302003227	69.5378566286	24.4845165131	57.4252059601	67.3600880052	69.9774183961	50.8669595167	59.8086824273	69.8438780202	51.5388640324	-39.6557682183	57.0234822167	60.5576436392	56.1331480524	65.4521311947	58.2422612789	53.6391964117	53.3719780459	47.7071967777	59.9652646499	-34.9969602175	64.2702666381	65.8905528927	52.1474406496	50.1083294739	73.809408956	59.1690240703	73.6708568681	67.5821623779	66.5703208837	51.451322729	58.9740166777	60.878122953	52.8566409921	74.9742452799	64.7888874959	57.2562220261	58.5916556852	56.0941459014	72.7778503722	-42.3110339629	36.8494517705
65.7223764157	66.1736345053	59.0072106402	71.3923109745	69.1142912416	66.1517854547	75.4957245719	65.6155830584	73.8289462649	69.1046128312	71.2170619482	62.6771095612	73.4002779678	77.2411725166	68.9683874895	74.4401342866	63.1722050176	74.1475737199	77.4538577708	52.8329764161	53.3977980925	63.3272390498	72.3520336498	65.2278689213	90.3124531138	70.111349595	70.8044209901	56.0648655043	73.4838826071	70.2617763298	52.2094446471	67.596929672	71.8992506634	77.5492729928	63.6718356025	67.5527227018	67.0893131159	67.7641790008	-61.7480422709	64.4066463185	67.3879511517	71.9194259604	61.4945634025	68.7759187607	71.1542833913	66.3166086277	60.9394741048	77.5691844732	-57.414303808	70.6445850231	66.2284187004	66.2643769529	55.7367393968	63.4557268096	72.4100421565	67.7540635227	62.562162476	63.7483991506	54.7625928468	68.8135232148	64.8128838357	70.1950432867	66.7593142818	72.6690351566	69.4002420114	57.1985130018	60.1610667074	65.9922739747	-58.672328453	45.5287741334
57.9445366377	71.6075512516	57.7274537994	76.8737743771	74.0392538742	79.2805227261	78.7216881398	72.2156629722	75.7995152434	78.0030785909	73.2192485313	57.6614427731	80.421546039	77.637854737	73.5808735204	80.3628039446	75.0560181129	74.5279941304	76.6305625528	47.6257298631	65.7308407956	66.1961652861	68.9860963438	62.9525096306	70.111349595	90.3124531138	68.4842263293	51.6310790819	80.2848015462	76.289694046	51.9603605639	73.7980957386	67.5977962123	75.1333598449	78.1626819668	74.5598299821	77.6944203486	70.4208248913	-56.1987826229	77.4532011916	68.6601647849	73.7605965728	76.6371882006	73.1523019101	74.2292494445	64.191701879	61.7822684598	77.6673422203	-50.3503225234	69.8562636368	75.1208936586	71.9896284659	70.0099242613	68.6017210793	78.564989874	79.8402417279	78.7686096095	76.4837169948	62.7702678943	78.6985539519	71.7387298178	78.2166880699	68.0629789108	68.1860957792	71.8684359045	75.603265075	52.1540223185	78.9450252596	-56.768371673	60.4110526635
73.8393425415	79.8046202606	75.8126827914	68.1831481195	80.2559928162	66.6362062252	66.6526180137	77.3432995946	69.0036353978	60.2673855893	66.1793073998	57.097414795	68.7114186364	71.5502695944	66.6031728361	75.1796933045	56.3467449415	61.943030452	76.7777218118	66.2835938106	62.8839565358	60.3802725746	82.6647741477	59.3659843848	70.8044209901	68.4842263293	90.3124531138	64.9702201829	72.5324299767	65.6145736676	53.6013210675	76.9989128963	80.3086333978	74.0200070176	58.4745629802	73.3546695981	57.9331144184	75.9676749838	-50.1456704001	52.5747847911	76.8555363449	63.3021995265	55.2848740647	74.5484791379	71.1652227779	74.2001810834	78.8309428451	73.8196688279	-54.5197206319	79.9435796523	53.7722941	55.1831639107	76.4261923471	50.0329949325	58.635776406	61.5093458747	58.032497199	56.7870778833	58.7792874882	77.7704924377	60.4467679508	62.5191977884	67.7051170814	79.7664514765	69.3032152301	46.6429091544	56.7681016866	58.5869963403	-49.8677611394	51.5397536041
60.6128161781	69.1958823616	53.9402907125	51.2759656308	67.093004545	46.4404071207	45.6043849243	55.7846160861	51.5320831897	43.0535655746	49.2941655111	34.1539428802	46.5062258182	54.2695302393	46.1135431855	55.3511775814	26.7668033466	37.8474892742	55.9986850194	66.9960489808	41.9806035053	26.7008323528	65.3618392019	28.9256182077	56.0648655043	51.6310790819	64.9702201829	90.3124531138	46.0678632149	37.9927525924	55.3160854063	62.2640469968	56.132095609	51.9719163537	42.802735246	55.9000867485	35.4486886794	65.9777140007	-56.3514978312	32.1448734074	61.6821105801	50.0981788115	32.4345057546	52.1801199491	61.8285908409	57.2505431789	68.2132204502	63.1113304703	-60.9512444933	58.0277006191	34.1290912555	44.9218924242	61.3716551028	19.3356707512	40.6764649821	34.1209316194	37.9896143142	34.3181905434	35.7675230397	60.0646469045	42.8517574447	49.8074071276	33.7312082563	63.3434112715	54.3325784688	24.7458838909	36.2919568778	31.6138229429	-54.5658348248	51.2332985877
61.079098184	72.8518192337	63.4289127214	79.9914496715	73.4177007763	81.0397468328	79.4763569094	74.8959470065	75.4903721814	76.2081535753	81.6908929611	57.271815455	85.0589293385	77.4779919751	73.7693803615	78.3577554039	74.8710548127	80.6996012361	84.817205908	48.2349881804	58.2379880732	73.6953058241	74.6021877868	74.3302003227	73.4838826071	80.2848015462	72.5324299767	46.0678632149	90.3124531138	78.2002608152	46.5426954256	74.2002695965	74.0989919756	80.2503655961	70.8308617345	74.3778664518	78.0782129378	71.4623858741	-55.1611413147	71.5735561359	73.1477469535	71.6375027249	73.0913724657	75.32461581	68.4706510178	63.7639804462	64.66704513	74.5832305087	-50.0550655848	75.263474884	77.4021365343	67.7463122928	69.5719502345	75.8177097198	77.968554258	79.6477914141	77.7495776083	78.0472972986	65.0057253518	78.9924975113	76.6015725942	75.5677419601	77.1518813597	74.8403915168	71.1939849456	72.5252349254	62.4088014582	78.5052965723	-54.5220955808	51.6715223105
50.3503126614	62.2787281836	61.5183173872	71.2367664837	64.9360575272	73.8831708264	75.7236566995	66.7755436217	67.8549118624	75.9866446184	75.2959074775	54.594302648	77.0964074766	73.8024066349	70.6827990546	74.2575189675	74.7576443579	78.8489797133	71.4290384615	44.1840134902	57.6122310197	74.5464497378	64.8869971121	69.5378566286	70.2617763298	76.289694046	65.6145736676	37.9927525924	78.2002608152	90.3124531138	48.9746273329	70.3414889037	71.7238889042	72.8841311186	67.2546192224	69.8142181106	74.8520530572	58.6378683639	-56.3213034069	71.357472294	66.8241056643	75.4695382181	75.5910339172	70.6771808596	59.9329177938	56.9930980667	55.315918187	66.5768114816	-55.4121655648	68.5900849708	78.3731378089	67.4644144673	59.1649233392	77.3003067962	75.5263627708	81.2665714197	72.8605954813	72.9282397328	71.4181005165	69.8892697703	63.9131917297	72.5271972408	73.5534348467	68.9072903819	66.9314641634	74.2138798287	57.6400403988	77.7021053693	-59.463718412	52.5581263074
44.2630782675	58.7618961686	45.6097233473	45.6342299074	58.8222396831	53.1060885659	48.1424639707	47.0565589607	45.3370479742	49.7499549461	46.7891342489	30.5756229667	50.2783693886	52.1810697791	39.8341709181	62.672185573	38.3110820515	38.6115784265	48.8916637046	60.9078083086	52.4326497818	36.4102954986	48.2036197863	24.4845165131	52.2094446471	51.9603605639	53.6013210675	55.3160854063	46.5426954256	48.9746273329	90.3124531138	64.2794727444	49.0167569522	47.1223069726	47.4473682227	61.1916275283	45.2226701131	57.4003865093	-50.2335228361	43.6480113138	55.6702325134	51.6753193792	40.5662251939	51.9976921801	47.7635950785	47.6938207592	52.9245083813	54.2175913999	-68.5695954942	47.8665855358	45.7969907713	43.1613396949	49.2367891069	27.9761810125	48.0183557141	44.3624492801	38.3857641871	39.6554633537	48.4144737659	57.4083998714	45.2565512873	53.9439459831	32.9160715727	53.5875626554	55.3131388988	36.3581028219	29.9307676519	37.8031362464	-59.9653631626	59.6503680474
60.9621880326	82.7435947166	68.629058165	66.4876332515	81.2836523734	74.647924804	70.6279267601	77.5803896388	71.6632887648	66.4664200033	69.4548121073	47.4416940268	71.3145294043	70.8277680572	66.0731552656	79.852473986	63.1107470912	62.5407711709	76.2670507328	65.6239792757	64.437003349	64.8419712054	75.5343465513	57.4252059601	67.596929672	73.7980957386	76.9989128963	62.2640469968	74.2002695965	70.3414889037	64.2794727444	90.3124531138	74.0629478694	73.3050870102	63.2184048707	80.5114339727	65.4788871781	75.7680855272	-59.324586836	56.0948848566	83.0464783041	65.4060843399	62.8274744242	77.8122755616	67.8753569347	72.5722587584	74.3193903867	74.228867912	-68.5357748752	75.4300690961	60.2836629576	58.5512533789	75.6194379005	50.9757932443	63.3811440281	68.8829620699	64.5241970094	63.8664766759	66.8032595667	81.5028417363	68.1908960751	68.3727765538	64.9439321649	79.6909423912	73.6546785343	51.6793364956	55.742591524	63.8050327665	-61.8743596971	65.7032091491
74.3588586995	75.6429663273	78.8633144639	69.0187923887	77.2301135823	68.9842902191	71.9759785852	77.2364412964	74.5554358169	57.2491520703	68.4850906748	64.5859440423	71.7414055845	72.1952395536	69.0075360254	73.863223751	61.334380173	68.3747009441	77.9359397899	60.7555870056	65.161182099	70.1034818991	79.5192500428	67.3600880052	71.8992506634	67.5977962123	80.3086333978	56.132095609	74.0989919756	71.7238889042	49.0167569522	74.0629478694	90.3124531138	75.1295581769	56.0702513305	72.2768790722	63.0433175355	70.440485843	-47.2754027506	55.7033973319	77.2789451652	68.7390685822	56.4975967176	74.1833231798	67.084405962	74.9650453796	73.9760110974	71.7212616076	-56.6027530248	77.577255317	59.4040196367	54.0445832688	71.0996365154	59.869578882	58.8546254179	64.1534532576	58.9625368431	56.9523341089	63.0608357658	70.6905196694	62.4211700669	61.9225121594	75.9704824281	80.9471135439	70.9360811452	50.7903426748	60.6953112468	60.0750794365	-48.3469273916	52.6395739726
62.3023211086	70.1473033079	60.8860552329	73.6582906251	70.9091843481	73.407322505	81.4424262917	74.4451243398	77.5153393978	73.1900664962	76.651042285	61.0587008197	77.8010477607	79.8368503048	72.2347516625	77.5123132833	72.6097958871	76.538460673	82.9976328945	50.4737331745	60.1363198917	73.6296704979	75.4642901402	69.9774183961	77.5492729928	75.1333598449	74.0200070176	51.9719163537	80.2503655961	72.8841311186	47.1223069726	73.3050870102	75.1295581769	90.3124531138	72.9767381821	73.9600446276	69.8140763946	69.8548181276	-60.7698097045	67.3415753391	73.0124346974	71.3021659934	70.0421432204	76.4802212062	73.4642416805	63.624350061	61.7886327632	72.1957291877	-53.1779128069	79.4113870296	70.2089516392	67.2082409829	66.4935235452	69.1841500345	74.327251178	74.5179118055	70.6996275094	72.4170403262	62.6833643599	72.5041447694	68.5889949855	75.1187881122	76.4201797784	76.5003574634	72.8542221725	67.7167485939	71.31797202	73.8625204325	-58.7062073211	50.4145511881
49.7613965028	61.1278800327	45.361956064	67.7454064005	63.2357227301	69.7109065646	74.0040106846	64.3393398928	69.8352379961	78.4370909945	67.7557603666	51.3883853729	75.9317730639	72.4469547544	66.1336271157	74.8014857969	74.3473377082	69.4349997017	69.4063158187	38.818876018	60.4743457686	59.418219572	60.3930373876	50.8669595167	63.6718356025	78.1626819668	58.4745629802	42.802735246	70.8308617345	67.2546192224	47.4473682227	63.2184048707	56.0702513305	72.9767381821	90.3124531138	66.3754354236	67.9607348321	63.4206457877	-54.5282696314	78.5681017514	61.548550943	72.1947083175	71.2725811021	68.4626678192	70.2253491504	53.9659035578	49.2762800158	69.2220347965	-40.3504170795	61.2044601861	70.4054599283	75.0799632518	59.3713001702	61.2314656051	81.3093131213	72.2799301604	70.264922759	70.3546905489	57.3984337444	69.3723978764	63.6176289708	81.6022604848	56.2405662282	59.5441835944	61.5854741537	74.8292219701	49.8741151576	71.953685232	-50.9713703893	49.4562354239
57.3382644555	76.7502821896	67.1955730294	72.469669643	74.1551634351	74.322163056	74.4898105264	73.8242519106	70.5821077271	71.548337635	68.6211111693	48.1025578573	73.7957167896	70.6641122482	67.5028130586	76.4199630857	63.7222891365	65.6559757852	76.8199060902	57.4322032005	65.6818588916	62.9646926514	72.7399195929	59.8086824273	67.5527227018	74.5598299821	73.3546695981	55.9000867485	74.3778664518	69.8142181106	61.1916275283	80.5114339727	72.2768790722	73.9600446276	66.3754354236	90.3124531138	67.568108167	69.5635396349	-54.2359509422	60.6975053417	74.9204503128	66.1291958501	67.0364221094	77.0696228353	65.2816782879	64.7208214437	64.2921273856	73.3759534497	-56.7593921357	70.9948582316	66.2619678941	59.9334962268	71.9101865347	56.7722530423	67.9761311877	70.3305527964	66.0047224482	68.5417305467	66.4610436989	78.6179955541	67.9954606032	68.6444361183	67.4636704677	72.8211966093	67.0156060001	59.0440970032	58.5717419825	68.2835954443	-59.4888987861	62.9030783052
49.3268310061	62.8512721789	46.7757070742	74.5158906011	64.6609065096	80.0050420897	78.7778755588	60.3050410854	68.6025438097	69.0167457093	71.97133776	61.8002130664	75.3124501621	71.1797193872	67.8851404011	71.4040806443	72.6056579526	72.0352926036	73.9592841268	33.8762969305	59.7024182901	72.5122794741	56.7370400022	69.8438780202	67.0893131159	77.6944203486	57.9331144184	35.4486886794	78.0782129378	74.8520530572	45.2226701131	65.4788871781	63.0433175355	69.8140763946	67.9607348321	67.568108167	90.3124531138	59.3032750225	-44.5119821019	75.4976680417	58.7823969236	64.5288427797	73.2910724157	66.2608663974	62.829243732	58.2540946207	50.5552631705	69.3967432772	-45.52186594	59.5969177161	78.3907447657	61.9919113646	59.2784069524	72.6092687306	73.2362506806	82.8689155131	82.2902910111	78.5769712232	52.4171887246	73.8567476176	68.6052868818	70.9264066611	65.7903173438	61.0565435923	63.7265395534	71.6580861232	40.342149557	80.9020469217	-51.4099129953	51.7697854931
71.2711990978	77.5592712228	63.5580941445	66.895838478	78.3232476248	69.1016190005	67.0142964621	71.014305759	71.8962921385	61.4457534903	66.6514560913	50.5262807994	72.236225633	70.6644060284	61.3589924751	77.9537293195	58.3722524774	60.6958285552	76.6942118437	60.3897953238	60.1989324526	55.9445030983	75.2293435784	51.5388640324	67.7641790008	70.4208248913	75.9676749838	65.9777140007	71.4623858741	58.6378683639	57.4003865093	75.7680855272	70.440485843	69.8548181276	63.4206457877	69.5635396349	59.3032750225	90.3124531138	-52.842129344	56.5785449223	76.0486443802	59.328285013	55.431368025	71.1630534406	73.1058148842	73.2459585408	71.9910825633	76.636707801	-56.1226426081	73.6668496146	50.6939894738	60.3518992244	72.453370259	46.1726696688	63.9647574019	57.6556823603	56.7939493951	53.8481597273	56.3968744521	74.0906000724	66.303491824	70.5454727168	59.1078617184	74.733538058	70.5436552469	45.193124265	54.4380465574	57.3899831252	-50.1868361528	50.8098803045
-40.0867988867	-51.2892837816	-39.5430333141	-56.2294931538	-51.5571187244	-53.7817767073	-55.7371097346	-50.4500357957	-47.7960090245	-67.0131127202	-68.7243205952	-26.5809437062	-57.1586463823	-61.6654472885	-53.3855569374	-57.9131222539	-46.7887156479	-58.6441482304	-58.3924344647	-57.3322077089	-30.740272453	-43.3816890535	-57.3119963558	-39.6557682183	-61.7480422709	-56.1987826229	-50.1456704001	-56.3514978312	-55.1611413147	-56.3213034069	-50.2335228361	-59.324586836	-47.2754027506	-60.7698097045	-54.5282696314	-54.2359509422	-44.5119821019	-52.842129344	90.3124531138	-51.0149975688	-58.8418383954	-59.3236898434	-50.8869313133	-50.8089757285	-46.0074732113	-35.4443072947	-51.3540804307	-55.8647254992	62.964119312	-61.6614753923	-58.6073630452	-59.6324374175	-44.5427002234	-51.0638781618	-64.250708952	-49.023023479	-49.1997550335	-53.2383625606	-57.3038686725	-53.5857382598	-51.3659722418	-64.0463757533	-45.8391847339	-59.8391061181	-56.3991928396	-54.0262759733	-54.8423391717	-49.5635042905	80.7369834092	-47.2265616861
48.9202026515	54.8046106979	38.7461507181	71.3700478525	57.0851273466	69.4279396405	78.0732502415	56.495966221	69.8351243244	74.8870066288	69.6145083185	59.0715633186	76.7253899519	74.1718210283	66.711238502	70.0598346386	72.3935478839	69.4316489619	67.9465904637	27.9353486526	61.339971384	63.6319021562	53.6298586708	57.0234822167	64.4066463185	77.4532011916	52.5747847911	32.1448734074	71.5735561359	71.357472294	43.6480113138	56.0948848566	55.7033973319	67.3415753391	78.5681017514	60.6975053417	75.4976680417	56.5785449223	-51.0149975688	90.3124531138	54.0370283668	68.9922089337	73.9690908668	63.0931727206	64.7828128352	50.4790767862	42.6988841011	68.0638549253	-42.1721761147	58.6807351172	75.278964982	72.8304232559	53.1543387835	72.1098096732	81.2018011493	76.4513504842	74.2022403792	70.7093277947	48.7133908337	63.6372082475	58.5726321236	77.0101854968	59.591172147	54.6518575166	59.1259618811	79.7485765332	42.2212658161	75.4499808718	-52.6461149943	47.9282868224
64.7723992382	80.3358117406	70.69820445	66.1133351939	79.483652574	70.8471023576	69.5853166916	78.2076771908	72.376973417	63.3155485571	70.8943896959	49.0144130477	73.1070660523	70.8835410856	67.6949649159	77.3367024029	61.6435207054	63.2380013564	76.8018067212	66.3858902206	65.1672009723	61.7382223447	78.4492223067	60.5576436392	67.3879511517	68.6601647849	76.8555363449	61.6821105801	73.1477469535	66.8241056643	55.6702325134	83.0464783041	77.2789451652	73.0124346974	61.548550943	74.9204503128	58.7823969236	76.0486443802	-58.8418383954	54.0370283668	90.3124531138	64.9696372543	56.9233650991	75.5428311223	66.5750292361	74.1189231555	74.2031719751	75.1327596614	-63.5152459313	76.3387797682	55.4165746899	60.0101912661	72.7949888136	51.5393895978	62.5903084538	63.3491490156	57.2566795708	58.775585403	65.092148891	76.3981111566	66.3545028462	66.849666678	66.4243567431	80.0942296146	68.926141488	47.7164646683	59.4740290088	58.8383555409	-56.721967491	59.8310302407
55.8109462988	63.3504197243	61.4878426653	67.4967884519	69.7320491346	68.5867717789	72.1670020987	68.2080261859	66.4353720647	71.0482536621	68.0003864054	61.7893262846	73.648026477	71.6491511156	68.4737396571	75.4123278907	71.9108182585	76.4203634582	69.1355459675	54.0988095438	53.9540132694	65.2711694771	66.004685112	56.1331480524	71.9194259604	73.7605965728	63.3021995265	50.0981788115	71.6375027249	75.4695382181	51.6753193792	65.4060843399	68.7390685822	71.3021659934	72.1947083175	66.1291958501	64.5288427797	59.328285013	-59.3236898434	68.9922089337	64.9696372543	90.3124531138	64.2268927573	68.7361110426	66.0008134705	56.3531536451	58.6172398121	68.2129755255	-59.0443591796	61.8091921454	73.2172210334	71.1694665802	61.1078781406	65.4504333311	71.7538713085	65.7529000274	61.4095712308	62.991217428	66.1526068085	67.7285312436	63.3957795471	74.6292168916	67.2631795178	69.9623635594	65.6463044844	68.8087949641	56.5636730619	64.5737730956	-59.0008964828	54.8266453505
44.5841022155	53.9338062328	44.8291835388	71.665438707	55.2874630111	68.3351299	74.4160030533	56.182368559	65.702458527	76.7131996485	73.4088009079	46.6063568833	76.5632633823	68.7400585969	63.4874378428	65.8812374046	71.5597444078	74.047117447	69.8151424763	34.0471011169	51.5659350028	65.9585311916	56.9002764608	65.4521311947	61.4945634025	76.6371882006	55.2848740647	32.4345057546	73.0913724657	75.5910339172	40.5662251939	62.8274744242	56.4975967176	70.0421432204	71.2725811021	67.0364221094	73.2910724157	55.431368025	-50.8869313133	73.9690908668	56.9233650991	64.2268927573	90.3124531138	60.8068564942	57.0814859831	46.9235211215	43.2305430824	63.2338617178	-38.9146834625	60.0632638259	77.4402354916	72.6641839147	52.5520399134	72.5394080873	75.5643228584	79.1732478572	76.780314882	74.6194366081	61.3913477941	65.6910523742	62.4625526061	69.7181429332	62.1624542209	58.9805293874	62.3193990833	76.6293664873	50.6138486521	79.3348411925	-52.647028951	47.5295398801
58.5308172646	77.7599970314	67.8468583825	67.8158749784	76.9159414147	72.0665276879	75.0463667245	80.8960825843	74.8205613778	68.3439317182	63.7576133772	59.4859799741	73.9197577853	72.1808590143	68.7900159853	79.7076026991	70.4709689854	66.5862435955	75.5292754308	51.4914828228	69.5398942751	67.794282845	76.0048297301	58.2422612789	68.7759187607	73.1523019101	74.5484791379	52.1801199491	75.32461581	70.6771808596	51.9976921801	77.8122755616	74.1833231798	76.4802212062	68.4626678192	77.0696228353	66.2608663974	71.1630534406	-50.8089757285	63.0931727206	75.5428311223	68.7361110426	60.8068564942	90.3124531138	70.8821801411	69.0172315036	64.7210629907	71.9243626178	-53.8580349752	75.2499735316	59.1262209068	59.6165487031	73.890279788	56.5982744301	67.7880247032	68.4814267477	60.9376090552	63.2422290115	64.8257013128	76.2311354626	65.0536413848	70.7565901015	74.344313282	75.4001784082	67.5343261695	60.3049936152	61.2313688415	64.0543632154	-48.3262799829	53.948824794
67.7598746969	73.0764133772	52.8824074654	66.229689937	73.3467121894	65.2668367347	71.4893861754	70.5987342629	73.1726572075	60.7739047866	57.4104069036	65.3353014247	66.7971731096	75.1406922733	61.8143759355	75.5669835164	61.3557944444	61.7239078017	71.6705629988	45.9730982281	62.1005250396	57.4045092486	68.9194687847	53.6391964117	71.1542833913	74.2292494445	71.1652227779	61.8285908409	68.4706510178	59.9329177938	47.7635950785	67.8753569347	67.084405962	73.4642416805	70.2253491504	65.2816782879	62.829243732	73.1058148842	-46.0074732113	64.7828128352	66.5750292361	66.0008134705	57.0814859831	70.8821801411	90.3124531138	70.5065246867	64.4319222682	78.7652427949	-48.1098548279	70.0721722616	53.8889569303	66.75305236	70.5277672881	48.6190018091	63.3704544103	63.513043848	63.46475352	57.8735163646	42.8966582427	70.1976296685	56.4185285829	68.222239989	59.1771606037	64.8869792316	66.3658438543	53.958059082	45.931037613	63.1155189061	-44.1345660779	51.2258372165
76.095963998	77.1582633692	68.2896702392	57.4883158029	78.723518115	62.6913135445	62.7741671111	73.2456695994	73.6519167874	46.9511178772	54.0774325713	63.2124137243	63.2148631723	63.5987063808	62.2874934375	72.8840981289	52.5693214502	54.159714353	68.9673740688	55.4466017734	62.9494096262	58.155819788	72.5564885938	53.3719780459	66.3166086277	64.191701879	74.2001810834	57.2505431789	63.7639804462	56.9930980667	47.6938207592	72.5722587584	74.9650453796	63.624350061	53.9659035578	64.7208214437	58.2540946207	73.2459585408	-35.4443072947	50.4790767862	74.1189231555	56.3531536451	46.9235211215	69.0172315036	70.5065246867	90.3124531138	72.3526002092	75.2187056001	-49.7568590713	65.3638041617	41.5194105098	47.6210732045	68.2171128642	41.2155810989	50.534609671	56.2211144912	51.8920920744	47.7689606234	47.3402350572	69.8197778791	55.5847029625	57.5108316639	60.3990810044	72.1416916926	67.6369365625	35.2708693568	41.840894746	51.2852060528	-33.8505520473	53.3406864297
72.1129981474	78.9776450736	69.6691188003	58.6272018747	79.1116553139	64.0410068845	53.4826398513	73.6505322414	61.9991696787	49.2371916418	61.3140224248	48.8250309924	59.5345654463	65.3694494626	59.860472546	70.4478604596	43.8502044095	52.1841496852	67.5361665874	70.1682024348	55.1328435879	52.3751892923	77.5480133245	47.7071967777	60.9394741048	61.7822684598	78.8309428451	68.2132204502	64.66704513	55.315918187	52.9245083813	74.3193903867	73.9760110974	61.7886327632	49.2762800158	64.2921273856	50.5552631705	71.9910825633	-51.3540804307	42.6988841011	74.2031719751	58.6172398121	43.2305430824	64.7210629907	64.4319222682	72.3526002092	90.3124531138	70.2890673575	-56.8315556415	72.1268253139	46.6376055641	47.547708115	74.6347438947	39.8620739631	49.5275300084	48.8826989773	52.198411872	49.8683488154	52.3601910901	72.0036425962	56.1302842148	57.4089825926	55.8056561111	73.3748833248	69.9741363505	35.9919632469	42.9392399547	47.5935919636	-50.1201651157	55.4446717795
69.5740060309	76.8838440445	59.4751539561	73.725123581	78.5829769061	70.9600476752	75.6112397313	72.5984525776	77.3517128635	67.4044231547	69.2438513864	60.6044514382	74.6793799571	77.3036823345	69.3951124817	78.2560084939	62.9890856769	67.1540268474	78.1927718986	55.5183014441	65.5410705545	56.9615245337	72.7793619341	59.9652646499	77.5691844732	77.6673422203	73.8196688279	63.1113304703	74.5832305087	66.5768114816	54.2175913999	74.228867912	71.7212616076	72.1957291877	69.2220347965	73.3759534497	69.3967432772	76.636707801	-55.8647254992	68.0638549253	75.1327596614	68.2129755255	63.2338617178	71.9243626178	78.7652427949	75.2187056001	70.2890673575	90.3124531138	-52.8029117684	70.094020438	62.4730262118	68.5411999809	69.719983123	53.4234886281	70.4676437439	68.4809592961	67.7241888973	62.705084022	51.3591413814	78.9589740268	66.1254547754	73.3496240964	60.1727018197	70.8687264979	69.5024327725	54.6926986445	46.1872541119	67.1414414656	-54.4388173913	57.4196843785
-47.3363197182	-60.2440981677	-49.5045084895	-45.1050650256	-61.4906051655	-55.9984617945	-53.0974179289	-53.7831686057	-48.2678786125	-47.3782882731	-52.6804655697	-34.7108777045	-49.9496132157	-54.6140390166	-47.9703781118	-62.2649193122	-38.9697254089	-44.5813711981	-51.6101623354	-61.4967032393	-47.059610431	-45.6552114909	-53.8919426214	-34.9969602175	-57.414303808	-50.3503225234	-54.5197206319	-60.9512444933	-50.0550655848	-55.4121655648	-68.5695954942	-68.5357748752	-56.6027530248	-53.1779128069	-40.3504170795	-56.7593921357	-45.52186594	-56.1226426081	62.964119312	-42.1721761147	-63.5152459313	-59.0443591796	-38.9146834625	-53.8580349752	-48.1098548279	-49.7568590713	-56.8315556415	-52.8029117684	90.3124531138	-54.5539988183	-48.5791225572	-44.8377100616	-53.5533518334	-35.576440355	-45.8770572163	-44.8776971599	-39.9637011261	-39.1998856468	-50.6000046889	-55.5749809525	-47.630685648	-52.6202541711	-42.6268302007	-64.7899531712	-57.7153108457	-35.8090126922	-42.4696667935	-37.9341663054	69.7906515654	-58.9932328365
66.088997909	72.6528799452	66.8884723806	70.2600961702	71.9825927202	67.9792222267	71.570471421	75.8617957332	73.6640856988	67.212509332	73.1193455474	56.4217210046	72.6163379906	77.5763475715	70.1986179596	76.2936089269	62.0461406524	68.2511608988	79.0458870679	57.8216188393	60.9148174189	68.7311158344	81.6982458798	64.2702666381	70.6445850231	69.8562636368	79.9435796523	58.0277006191	75.263474884	68.5900849708	47.8665855358	75.4300690961	77.577255317	79.4113870296	61.2044601861	70.9948582316	59.5969177161	73.6668496146	-61.6614753923	58.6807351172	76.3387797682	61.8091921454	60.0632638259	75.2499735316	70.0721722616	65.3638041617	72.1268253139	70.094020438	-54.5539988183	90.3124531138	58.4640670133	58.6412825154	71.5021382394	61.3508241504	66.6898941234	64.6007320975	61.7658313026	61.795882583	61.194723528	71.0975159773	64.542545305	68.8991004523	74.7713778875	79.4201018801	73.4399331114	57.7831579948	65.826505775	64.8871828245	-58.5691737225	51.3513098418
39.7125364633	53.9276482653	46.260962363	75.4782810465	56.5073357088	74.7755071131	76.1893584412	56.220384874	60.3097524361	77.8880217189	77.4422391973	48.5453935305	75.5848314128	69.3000401398	64.7647862468	66.1026361906	72.4756825538	78.3848908286	70.3712773955	40.1621757665	48.3413266222	67.0145343725	55.5940086661	65.8905528927	66.2284187004	75.1208936586	53.7722941	34.1290912555	77.4021365343	78.3731378089	45.7969907713	60.2836629576	59.4040196367	70.2089516392	70.4054599283	66.2619678941	78.3907447657	50.6939894738	-58.6073630452	75.278964982	55.4165746899	73.2172210334	77.4402354916	59.1262209068	53.8889569303	41.5194105098	46.6376055641	62.4730262118	-48.5791225572	58.4640670133	90.3124531138	68.8930295907	51.5762848899	78.2290183813	78.2388586579	79.043130109	78.7569304477	78.6973282174	62.8356417675	67.808327238	67.1335919677	72.705523784	63.6882749187	60.4046058617	61.5101600113	80.5357787869	50.3207062565	78.4293722641	-64.9661557909	48.9200659033
47.4807241067	56.3977430781	39.5951285422	68.8809382619	56.7046997146	62.6751688459	72.0899054626	55.0936053489	63.8486587879	77.3733028874	69.6434075696	46.4245899156	74.2661638118	72.7536543731	60.9599228012	69.0464608973	67.5419016497	71.6745313357	67.6417014804	38.1336194273	48.0237950756	54.3104938655	58.3344398792	52.1474406496	66.2643769529	71.9896284659	55.1831639107	44.9218924242	67.7463122928	67.4644144673	43.1613396949	58.5512533789	54.0445832688	67.2082409829	75.0799632518	59.9334962268	61.9919113646	60.3518992244	-59.6324374175	72.8304232559	60.0101912661	71.1694665802	72.6641839147	59.6165487031	66.75305236	47.6210732045	47.547708115	68.5411999809	-44.8377100616	58.6412825154	68.8930295907	90.3124531138	51.162596688	62.6326016314	76.5038414448	66.7425254684	66.6743542779	65.0678481377	55.557039498	62.312770334	59.7461681147	73.9532758243	50.9532771908	55.9670742077	59.2724217242	67.5052021775	49.7030377403	68.0894926103	-57.4232028646	41.2559173506
63.267907559	82.3120084437	66.9406545372	63.7527817872	78.0244178005	70.1143403652	63.4335324062	78.0625201312	66.1375894223	54.7344398616	60.0193817371	52.2168641321	65.5249102918	64.9925145776	60.8567567348	73.2928372957	54.7277936848	55.1503481192	70.7080298518	54.3529482091	61.1914773474	58.2757229378	74.5807185301	50.1083294739	55.7367393968	70.0099242613	76.4261923471	61.3716551028	69.5719502345	59.1649233392	49.2367891069	75.6194379005	71.0996365154	66.4935235452	59.3713001702	71.9101865347	59.2784069524	72.453370259	-44.5427002234	53.1543387835	72.7949888136	61.1078781406	52.5520399134	73.890279788	70.5277672881	68.2171128642	74.6347438947	69.719983123	-53.5533518334	71.5021382394	51.5762848899	51.162596688	90.3124531138	43.1323429534	53.2718834913	58.6970547919	59.9339536626	54.6341818544	53.0781356009	77.9846528908	59.6980323985	63.6473749641	62.6970030525	70.8710462376	63.6777534338	47.7967106401	45.948640004	56.4713862957	-45.7819660459	57.4679565559
42.3502089655	44.1137414173	44.215103532	71.7376711825	49.4561300667	68.4254347531	71.9857304497	52.2411777878	62.4640466616	71.7991585423	75.5708256258	52.5827546725	74.9683770665	68.0305144157	66.0182931138	60.7046650284	70.9823908625	79.9056366531	68.4806001548	28.1003247363	42.5277761573	75.2033550332	54.5944382568	73.809408956	63.4557268096	68.6017210793	50.0329949325	19.3356707512	75.8177097198	77.3003067962	27.9761810125	50.9757932443	59.869578882	69.1841500345	61.2314656051	56.7722530423	72.6092687306	46.1726696688	-51.0638781618	72.1098096732	51.5393895978	65.4504333311	72.5394080873	56.5982744301	48.6190018091	41.2155810989	39.8620739631	53.4234886281	-35.576440355	61.3508241504	78.2290183813	62.6326016314	43.1323429534	90.3124531138	74.0028864221	76.0431649538	72.1806412905	75.1713045865	61.9100958232	54.1861614413	61.6426192285	64.6342060152	74.4695324362	58.2519178363	57.8678700667	77.9647185878	60.117706428	77.7438722739	-49.3833972443	36.0094232862
49.7478145636	58.6947914073	47.8589884293	72.9422468154	60.2172440967	72.8722445892	77.9852961739	62.8294061729	71.144411539	84.1071234608	79.4649041819	49.1662782457	83.4788934304	76.9805659338	69.397996786	75.5301853938	74.9851239753	77.57725982	75.743115443	38.4404130146	55.2593630728	63.9847459652	64.1976245245	59.1690240703	72.4100421565	78.564989874	58.635776406	40.6764649821	77.968554258	75.5263627708	48.0183557141	63.3811440281	58.8546254179	74.327251178	81.3093131213	67.9761311877	73.2362506806	63.9647574019	-64.250708952	81.2018011493	62.5903084538	71.7538713085	75.5643228584	67.7880247032	63.3704544103	50.534609671	49.5275300084	70.4676437439	-45.8770572163	66.6898941234	78.2388586579	76.5038414448	53.2718834913	74.0028864221	90.3124531138	75.8232825522	73.5409426604	75.8119193903	61.0436787177	68.8961080861	68.0053539692	83.4869973365	62.8186353046	63.0454937407	63.8712721011	79.1858055312	58.6234903557	75.6620046969	-60.2970493874	44.7054243994
47.4551667149	62.2505188456	48.7705042587	75.589374184	62.8689667662	75.4691961758	79.7272373054	61.8234550444	70.8989296317	74.6655823259	73.6083149426	55.2241245603	77.277934994	75.2541195683	69.2429787071	70.538694593	75.6029153604	74.2575860791	73.182819547	33.4122188349	59.7637406967	72.8215074834	57.9678601753	73.6708568681	67.7540635227	79.8402417279	61.5093458747	34.1209316194	79.6477914141	81.2665714197	44.3624492801	68.8829620699	64.1534532576	74.5179118055	72.2799301604	70.3305527964	82.8689155131	57.6556823603	-49.023023479	76.4513504842	63.3491490156	65.7529000274	79.1732478572	68.4814267477	63.513043848	56.2211144912	48.8826989773	68.4809592961	-44.8776971599	64.6007320975	79.043130109	66.7425254684	58.6970547919	76.0431649538	75.8232825522	90.3124531138	83.0283713417	80.7259367527	58.8241285521	73.0473854357	64.3256516814	71.1314154203	70.0056917617	62.4656667936	64.5177266763	77.2827850163	48.4455936986	85.2497043306	-53.894238784	52.5323685731
48.1281116065	60.2417637273	43.0894282467	74.0611105864	61.2136990398	76.9526723637	75.047240014	56.6163782411	65.4746708644	71.0782497711	74.0215577405	52.8866765695	73.9378615697	71.7088594272	67.1488295819	67.3424059092	66.7161947341	69.7734886755	71.8275166832	32.7636255175	55.121189505	67.2223461844	55.3388529307	67.5821623779	62.562162476	78.7686096095	58.032497199	37.9896143142	77.7495776083	72.8605954813	38.3857641871	64.5241970094	58.9625368431	70.6996275094	70.264922759	66.0047224482	82.2902910111	56.7939493951	-49.1997550335	74.2022403792	57.2566795708	61.4095712308	76.780314882	60.9376090552	63.46475352	51.8920920744	52.198411872	67.7241888973	-39.9637011261	61.7658313026	78.7569304477	66.6743542779	59.9339536626	72.1806412905	73.5409426604	83.0283713417	90.3124531138	79.3063999663	50.4556321195	71.6891276054	64.8297785916	69.7361089624	62.519252077	58.148797068	62.0982833778	73.370829887	41.782503726	83.1002019131	-53.5301087073	50.4110618299
43.104973345	60.568498701	44.713025872	73.4960263354	59.651392313	76.8179112119	73.6032960531	60.2191833911	64.9124609318	76.2967173802	74.0267139536	45.3135160721	74.5694557515	71.9426297554	68.4159961588	67.8248665961	72.0274197336	72.1020508742	72.7391175561	34.5467649808	49.7115608123	65.1215303345	57.8585264985	66.5703208837	63.7483991506	76.4837169948	56.7870778833	34.3181905434	78.0472972986	72.9282397328	39.6554633537	63.8664766759	56.9523341089	72.4170403262	70.3546905489	68.5417305467	78.5769712232	53.8481597273	-53.2383625606	70.7093277947	58.775585403	62.991217428	74.6194366081	63.2422290115	57.8735163646	47.7689606234	49.8683488154	62.705084022	-39.1998856468	61.795882583	78.6973282174	65.0678481377	54.6341818544	75.1713045865	75.8119193903	80.7259367527	79.3063999663	90.3124531138	58.5335126956	71.7998105567	68.5268282423	68.4177255497	64.7380521559	57.0762799947	60.7543830832	75.6624613375	50.5946848292	80.2615236865	-54.5977806243	49.7480019599
42.6639599236	56.041693642	66.1710928004	57.781648185	60.6421187582	62.7404653902	59.05787255	63.0251919655	54.9783036792	68.4020887999	65.4209529957	36.3636553206	65.8871836762	55.9577165788	57.6998178171	66.2361462855	65.9489643253	68.6868163879	61.5378944096	58.1019842308	46.4173008644	62.7802895379	62.8963765891	51.451322729	54.7625928468	62.7702678943	58.7792874882	35.7675230397	65.0057253518	71.4181005165	48.4144737659	66.8032595667	63.0608357658	62.6833643599	57.3984337444	66.4610436989	52.4171887246	56.3968744521	-57.3038686725	48.7133908337	65.092148891	66.1526068085	61.3913477941	64.8257013128	42.8966582427	47.3402350572	52.3601910901	51.3591413814	-50.6000046889	61.194723528	62.8356417675	55.557039498	53.0781356009	61.9100958232	61.0436787177	58.8241285521	50.4556321195	58.5335126956	90.3124531138	59.2448040099	63.6631317806	63.5549726478	64.168193175	68.0680561339	61.3239194129	57.3311684039	66.0897147883	57.8513175983	-54.6598427185	52.0673496478
59.713196427	83.0835677378	64.546461594	74.5514174212	82.0980973652	79.6789902915	73.474002783	77.7612491698	71.6739512581	70.1243679149	71.9365489798	50.4745717498	75.0599658731	72.328068013	69.4312751358	79.4659797208	66.1542034826	66.1849587706	79.9434743058	58.5372987877	62.6173849001	61.0451356023	73.9387544407	58.9740166777	68.8135232148	78.6985539519	77.7704924377	60.0646469045	78.9924975113	69.8892697703	57.4083998714	81.5028417363	70.6905196694	72.5041447694	69.3723978764	78.6179955541	73.8567476176	74.0906000724	-53.5857382598	63.6372082475	76.3981111566	67.7285312436	65.6910523742	76.2311354626	70.1976296685	69.8197778791	72.0036425962	78.9589740268	-55.5749809525	71.0975159773	67.808327238	62.312770334	77.9846528908	54.1861614413	68.8961080861	73.0473854357	71.6891276054	71.7998105567	59.2448040099	90.3124531138	71.9206853583	71.7843161106	62.9468467264	73.5247494341	68.7405619258	59.0657281529	47.6250471235	69.3796781196	-57.1357195763	60.2317733146
49.3825601881	63.9185778799	56.3509081249	70.7068300469	65.7948034034	73.6288315606	69.8352007132	64.3083931406	66.0814908258	69.8461814055	71.8366234912	49.1872575009	73.6149986947	64.7916290177	64.1527076599	72.6493487164	68.9088277439	72.1487803913	74.9115831844	52.0551053716	52.4982388659	60.4022053156	65.5135162562	60.878122953	64.8128838357	71.7387298178	60.4467679508	42.8517574447	76.6015725942	63.9131917297	45.2565512873	68.1908960751	62.4211700669	68.5889949855	63.6176289708	67.9954606032	68.6052868818	66.303491824	-51.3659722418	58.5726321236	66.3545028462	63.3957795471	62.4625526061	65.0536413848	56.4185285829	55.5847029625	56.1302842148	66.1254547754	-47.630685648	64.542545305	67.1335919677	59.7461681147	59.6980323985	61.6426192285	68.0053539692	64.3256516814	64.8297785916	68.5268282423	63.6631317806	71.9206853583	90.3124531138	68.6253849175	63.8527735185	68.0279944573	64.8034262302	58.4202512421	55.2992772049	67.1741422455	-52.4398534004	48.6149780822
54.5288726953	65.1232454675	52.2692451244	69.8942851267	68.3166926582	72.9783626751	75.5123669398	67.0201390794	71.001078237	78.6198988148	76.3497086568	54.7311521809	80.491782189	77.3095365087	69.6245536003	80.9996081208	74.3215581708	73.6669127339	74.6776941373	47.5659186192	60.8974415482	64.7139266223	67.3780379568	52.8566409921	70.1950432867	78.2166880699	62.5191977884	49.8074071276	75.5677419601	72.5271972408	53.9439459831	68.3727765538	61.9225121594	75.1187881122	81.6022604848	68.6444361183	70.9264066611	70.5454727168	-64.0463757533	77.0101854968	66.849666678	74.6292168916	69.7181429332	70.7565901015	68.222239989	57.5108316639	57.4089825926	73.3496240964	-52.6202541711	68.8991004523	72.705523784	73.9532758243	63.6473749641	64.6342060152	83.4869973365	71.1314154203	69.7361089624	68.4177255497	63.5549726478	71.7843161106	68.6253849175	90.3124531138	62.2637560541	67.6895145025	70.514637276	73.1761851794	56.3595453185	71.3127442443	-61.2370105347	53.0887926886
56.0024843732	61.8360618995	66.3803965765	69.6451020088	65.4550115597	68.3052632974	73.6532617848	71.7315108021	69.2901281041	61.4340128734	68.8023936638	63.2651751784	72.5347504273	69.9611337796	71.2642403938	69.4509363639	70.9629623531	75.061094814	74.7896856096	43.1370317142	55.0834713344	80.0875798173	70.6928831682	74.9742452799	66.7593142818	68.0629789108	67.7051170814	33.7312082563	77.1518813597	73.5534348467	32.9160715727	64.9439321649	75.9704824281	76.4201797784	56.2405662282	67.4636704677	65.7903173438	59.1078617184	-45.8391847339	59.591172147	66.4243567431	67.2631795178	62.1624542209	74.344313282	59.1771606037	60.3990810044	55.8056561111	60.1727018197	-42.6268302007	74.7713778875	63.6882749187	50.9532771908	62.6970030525	74.4695324362	62.8186353046	70.0056917617	62.519252077	64.7380521559	64.168193175	62.9468467264	63.8527735185	62.2637560541	90.3124531138	73.8257175757	64.5626906124	64.2414592312	66.7576580754	69.0820892804	-43.6336191101	47.6467957017
68.9303711009	75.122100124	75.0127988487	68.6982362916	79.625955839	68.8235397442	72.1384593996	75.1610691221	72.5185109145	64.5718727491	73.8062667483	56.3305424424	74.4161745562	69.6256583494	69.7861010043	75.4751370671	61.8059369456	69.7543558409	79.347465771	69.9918742024	59.1570967135	69.0207640748	81.7034678917	64.7888874959	72.6690351566	68.1860957792	79.7664514765	63.3434112715	74.8403915168	68.9072903819	53.5875626554	79.6909423912	80.9471135439	76.5003574634	59.5441835944	72.8211966093	61.0565435923	74.733538058	-59.8391061181	54.6518575166	80.0942296146	69.9623635594	58.9805293874	75.4001784082	64.8869792316	72.1416916926	73.3748833248	70.8687264979	-64.7899531712	79.4201018801	60.4046058617	55.9670742077	70.8710462376	58.2519178363	63.0454937407	62.4656667936	58.148797068	57.0762799947	68.0680561339	73.5247494341	68.0279944573	67.6895145025	73.8257175757	90.3124531138	73.7249951846	51.6927842397	67.2023508246	58.8862068166	-59.1067740922	54.5084628222
64.5709207312	69.2317819787	63.2099652215	63.5363920299	71.696081956	66.9445645312	70.0182188849	68.1469508689	72.8398149041	63.2199299034	68.8719292733	58.8043497124	70.2968637974	73.4941321479	63.3231192405	76.1308855483	63.8538117977	67.2914171037	72.8743038135	56.3896245453	58.1984082378	65.4220741381	71.6029208253	57.2562220261	69.4002420114	71.8684359045	69.3032152301	54.3325784688	71.1939849456	66.9314641634	55.3131388988	73.6546785343	70.9360811452	72.8542221725	61.5854741537	67.0156060001	63.7265395534	70.5436552469	-56.3991928396	59.1259618811	68.926141488	65.6463044844	62.3193990833	67.5343261695	66.3658438543	67.6369365625	69.9741363505	69.5024327725	-57.7153108457	73.4399331114	61.5101600113	59.2724217242	63.6777534338	57.8678700667	63.8712721011	64.5177266763	62.0982833778	60.7543830832	61.3239194129	68.7405619258	64.8034262302	70.514637276	64.5626906124	73.7249951846	90.3124531138	57.1166424622	56.2155095157	62.9978004814	-56.6775871484	56.2833009908
34.9663943297	46.5020671613	36.8821800236	68.9095470655	49.4086648146	67.0788735241	71.3151213557	54.5943872722	59.7174560375	77.2114461161	69.3857679648	49.4637847206	74.5347826954	69.5915246147	63.2927580496	63.8975832688	74.2727592124	74.8054033943	62.8307374918	25.7448647821	50.3413933112	65.3093772559	50.1921554145	58.5916556852	57.1985130018	75.603265075	46.6429091544	24.7458838909	72.5252349254	74.2138798287	36.3581028219	51.6793364956	50.7903426748	67.7167485939	74.8292219701	59.0440970032	71.6580861232	45.193124265	-54.0262759733	79.7485765332	47.7164646683	68.8087949641	76.6293664873	60.3049936152	53.958059082	35.2708693568	35.9919632469	54.6926986445	-35.8090126922	57.7831579948	80.5357787869	67.5052021775	47.7967106401	77.9647185878	79.1858055312	77.2827850163	73.370829887	75.6624613375	57.3311684039	59.0657281529	58.4202512421	73.1761851794	64.2414592312	51.6927842397	57.1166424622	90.3124531138	49.1937077937	77.3240149284	-53.2802098968	42.8341327953
44.2109129316	49.3773841855	57.4837596131	54.1562837464	50.628683446	51.6560294438	59.7286236264	60.0719588788	58.4893364874	62.7452169532	63.2460953316	36.8783478286	63.1928133891	54.1773042479	54.0582334969	57.3901564373	55.6250119693	63.1588229095	65.478595022	41.743749637	37.3404804806	57.2993330373	66.0282782382	56.0941459014	60.1610667074	52.1540223185	56.7681016866	36.2919568778	62.4088014582	57.6400403988	29.9307676519	55.742591524	60.6953112468	71.31797202	49.8741151576	58.5717419825	40.342149557	54.4380465574	-54.8423391717	42.2212658161	59.4740290088	56.5636730619	50.6138486521	61.2313688415	45.931037613	41.840894746	42.9392399547	46.1872541119	-42.4696667935	65.826505775	50.3207062565	49.7030377403	45.948640004	60.117706428	58.6234903557	48.4455936986	41.782503726	50.5946848292	66.0897147883	47.6250471235	55.2992772049	56.3595453185	66.7576580754	67.2023508246	56.2155095157	49.1937077937	90.3124531138	49.4096363835	-46.4562049895	27.7395365228
46.2328755919	57.1835251763	44.0881173466	77.4974861628	59.5566964265	73.5745549325	77.9614694374	58.5007511657	68.4527028676	75.8251950191	74.1360661441	54.3867818886	75.7983662868	73.5364561444	67.4630114631	69.4317240582	74.5803690995	76.9427857386	72.4672538354	31.5114080223	53.8594962555	72.0314364402	57.1208746859	72.7778503722	65.9922739747	78.9450252596	58.5869963403	31.6138229429	78.5052965723	77.7021053693	37.8031362464	63.8050327665	60.0750794365	73.8625204325	71.953685232	68.2835954443	80.9020469217	57.3899831252	-49.5635042905	75.4499808718	58.8383555409	64.5737730956	79.3348411925	64.0543632154	63.1155189061	51.2852060528	47.5935919636	67.1414414656	-37.9341663054	64.8871828245	78.4293722641	68.0894926103	56.4713862957	77.7438722739	75.6620046969	85.2497043306	83.1002019131	80.2615236865	57.8513175983	69.3796781196	67.1741422455	71.3127442443	69.0820892804	58.8862068166	62.9978004814	77.3240149284	49.4096363835	90.3124531138	-52.4433541965	49.5900946436
-33.6100389517	-51.4568184739	-37.5085528635	-58.1951360097	-51.8713920376	-57.5211931117	-60.1607500845	-45.2712145538	-45.0728083015	-65.6494679712	-66.6541665639	-27.924371689	-53.3735521022	-59.3265847686	-51.3277694673	-57.3209286548	-47.0048211012	-54.8278641636	-56.3184063631	-58.1480802009	-37.3872539212	-44.5511885562	-52.3832303394	-42.3110339629	-58.672328453	-56.768371673	-49.8677611394	-54.5658348248	-54.5220955808	-59.463718412	-59.9653631626	-61.8743596971	-48.3469273916	-58.7062073211	-50.9713703893	-59.4888987861	-51.4099129953	-50.1868361528	80.7369834092	-52.6461149943	-56.721967491	-59.0008964828	-52.647028951	-48.3262799829	-44.1345660779	-33.8505520473	-50.1201651157	-54.4388173913	69.7906515654	-58.5691737225	-64.9661557909	-57.4232028646	-45.7819660459	-49.3833972443	-60.2970493874	-53.894238784	-53.5301087073	-54.5977806243	-54.6598427185	-57.1357195763	-52.4398534004	-61.2370105347	-43.6336191101	-59.1067740922	-56.6775871484	-53.2802098968	-46.4562049895	-52.4433541965	90.3124531138	-54.8961068566
45.8692283817	61.724390384	51.6730068678	48.8733047815	63.572852596	58.7222741329	53.0341894349	58.5552439621	51.8457195358	46.1302477898	47.6593534869	40.8535636351	49.1432651632	55.3494717206	51.5419044873	62.2846234192	47.4340338515	43.1795320551	50.7260205112	57.0400363002	54.7746721243	45.7677270681	51.8352777325	36.8494517705	45.5287741334	60.4110526635	51.5397536041	51.2332985877	51.6715223105	52.5581263074	59.6503680474	65.7032091491	52.6395739726	50.4145511881	49.4562354239	62.9030783052	51.7697854931	50.8098803045	-47.2265616861	47.9282868224	59.8310302407	54.8266453505	47.5295398801	53.948824794	51.2258372165	53.3406864297	55.4446717795	57.4196843785	-58.9932328365	51.3513098418	48.9200659033	41.2559173506	57.4679565559	36.0094232862	44.7054243994	52.5323685731	50.4110618299	49.7480019599	52.0673496478	60.2317733146	48.6149780822	53.0887926886	47.6467957017	54.5084628222	56.2833009908	42.8341327953	27.7395365228	49.5900946436	-54.8961068566	90.3124531138
Genotype stats (X^T * X): 	40.3367346939
Gene expression - Genotype stats (Y^T * X): 
-2.95235318328	1.89911587366	0.847232621783	-0.909776722228	0.283958439398	-1.61488635575	-5.17909552363	0.780463968958	-6.36787238077	-0.985123356321	-1.97637234307	-4.81736110375	-2.68753692003	-4.53502857716	1.75555439891	-2.33746746937	-6.42959925135	-2.36893980953	-1.79693824919	1.65104017157	-5.20315170548	-2.91366504871	0.248864242375	-0.694028577728	0.839160053045	-6.86452079703	1.77271601346	1.75572030082	-0.910350794987	1.92595820542	-1.04592860605	-0.399317176033	-0.742115160879	-2.22986198791	-2.56254855918	1.46015448049	-4.19107010975	-3.55252304897	1.60330403134	-5.49881906041	2.35463541123	1.56071063451	-5.75299956578	1.61126673245	0.77737820794	-0.150906303463	-4.29616971833	-1.25987072515	-1.44062359525	-2.9422443733	-4.00627352919	-4.21937079902	4.25889595151	-4.10936266941	-3.04721178425	-2.06308653326	-3.77122343243	-3.79015480316	-1.16998581153	1.00420762497	-5.31934132234	-4.82559730832	0.0376524074451	-0.156885929103	-24.6457288928	-6.26827269627	-1.40173830262	-2.60027062191	3.14415503602	-3.05763385497