Tissue	braincaudatebasalganglia
N_samples	98
Chr	9
Gene	ENSG00000197958.8
SNP	rs4400487
Gene_list	ENSG00000115268.5	ENSG00000140988.11	ENSG00000171863.8	ENSG00000130255.8	ENSG00000161970.8	ENSG00000166441.8	ENSG00000144713.8	ENSG00000110700.2	ENSG00000105640.8	ENSG00000221983.3	ENSG00000134419.11	ENSG00000137154.8	ENSG00000142676.8	ENSG00000198242.9	ENSG00000231500.2	ENSG00000124614.9	ENSG00000198755.6	ENSG00000125691.8	ENSG00000108298.5	ENSG00000100316.11	ENSG00000105193.4	ENSG00000188846.9	ENSG00000145592.9	ENSG00000131469.8	ENSG00000105372.2	ENSG00000142937.7	ENSG00000265681.2	ENSG00000232112.3	ENSG00000063177.8	ENSG00000142541.12	ENSG00000142534.2	ENSG00000213741.4	ENSG00000135472.4	ENSG00000162244.6	ENSG00000123349.9	ENSG00000170889.9	ENSG00000143947.8	ENSG00000108107.8	ENSG00000229117.4	ENSG00000092841.14	ENSG00000008988.5	ENSG00000196531.6	ENSG00000083845.4	ENSG00000171858.13	ENSG00000149806.6	ENSG00000137818.7	ENSG00000172809.8	ENSG00000145741.11	ENSG00000149273.10	ENSG00000138326.14	ENSG00000186468.8	ENSG00000167526.9	ENSG00000122406.8	ENSG00000156482.6	ENSG00000114391.8	ENSG00000109475.12	ENSG00000089009.11	ENSG00000118181.6	ENSG00000089157.11	ENSG00000136942.10	ENSG00000197958.8	ENSG00000112306.7	ENSG00000148303.12	ENSG00000161016.11	ENSG00000164587.7	ENSG00000145425.5	ENSG00000204628.7	ENSG00000182899.10
Gene expression stats (Y^T * Y): 
90.3124531138	69.5973184951	67.465740874	84.2028340905	42.1064060653	72.6676614083	67.153414422	50.7113786653	80.9880974837	72.7622356226	59.1544743865	64.9725021491	69.4672264471	70.3776162527	64.2767525759	77.9046251226	56.9404024603	57.1929395938	76.289020687	57.9750667579	78.4263322339	51.4919682151	66.1736345053	71.6075512516	79.8046202606	72.8518192337	62.2787281836	59.1926167419	82.7435947166	75.6429663273	70.1473033079	61.1278800327	-39.2443194429	76.7502821896	62.8512721789	77.5592712228	54.8046106979	80.3358117406	63.3504197243	56.3929614953	53.9338062328	42.2320048817	77.7599970314	73.0764133772	77.1582633692	78.9776450736	76.8838440445	37.8419420882	72.6528799452	53.9276482653	56.3977430781	82.3120084437	44.1137414173	58.6947914073	62.2505188456	60.2417637273	43.855517795	60.568498701	56.041693642	83.0835677378	63.9185778799	65.1232454675	61.8360618995	75.122100124	69.2317819787	46.5020671613	49.3773841855	57.1835251763
69.5973184951	90.3124531138	56.2261786208	70.8416910057	33.2005431186	57.4007020542	56.4428281448	35.1771434142	72.8782635391	62.3439502406	49.3427815059	56.4581296661	61.7908650619	56.7750132483	60.3338802627	66.5067990369	51.0369512652	57.599107305	66.4112048683	53.9531445157	76.4245632581	52.3220748395	59.0072106402	57.7274537994	75.8126827914	63.4289127214	61.5183173872	46.4741288921	68.629058165	78.8633144639	60.8860552329	45.361956064	-18.1333850709	67.1955730294	46.7757070742	63.5580941445	38.7461507181	70.69820445	61.4878426653	62.5884622031	44.8291835388	31.2472869963	67.8468583825	52.8824074654	68.2896702392	69.6691188003	59.4751539561	29.8081053573	66.8884723806	46.260962363	39.5951285422	66.9406545372	44.215103532	47.8589884293	48.7705042587	43.0894282467	35.0936830243	44.713025872	66.1710928004	64.546461594	56.3509081249	52.2692451244	66.3803965765	75.0127988487	63.2099652215	36.8821800236	57.4837596131	44.0881173466
67.465740874	56.2261786208	90.3124531138	67.7383664686	68.089001811	73.5113885457	77.8265031002	67.6512250613	64.4570384174	70.6947230134	75.6300045414	77.3672611287	77.5230680143	74.927933358	71.4818685573	70.2950924935	66.9783693998	76.5452944971	79.6602030184	64.4354762174	69.3549197297	70.149791979	71.3923109745	76.8737743771	68.1831481195	79.9914496715	71.2367664837	61.8370661812	66.4876332515	69.0187923887	73.6582906251	67.7454064005	-48.8257626117	72.469669643	74.5158906011	66.895838478	71.3700478525	66.1133351939	67.4967884519	51.8165395169	71.665438707	72.310459627	67.8158749784	66.229689937	57.4883158029	58.6272018747	73.725123581	60.7487499831	70.2600961702	75.4782810465	68.8809382619	63.7527817872	71.7376711825	72.9422468154	75.589374184	74.0611105864	70.24420657	73.4960263354	57.781648185	74.5514174212	70.7068300469	69.8942851267	69.6451020088	68.6982362916	63.5363920299	68.9095470655	54.1562837464	77.4974861628
84.2028340905	70.8416910057	67.7383664686	90.3124531138	44.085968577	73.0491969511	68.6457471571	50.2651004794	78.715126136	73.4419844718	60.1515574885	66.2030493327	71.0274179139	71.5061825537	68.9306766843	80.249801713	61.1356115559	62.6150979528	75.860443048	61.7053629665	76.3988428103	55.2503987332	69.1142912416	74.0392538742	80.2559928162	73.4177007763	64.9360575272	60.977659152	81.2836523734	77.2301135823	70.9091843481	63.2357227301	-39.3202197501	74.1551634351	64.6609065096	78.3232476248	57.0851273466	79.483652574	69.7320491346	61.4761898337	55.2874630111	42.7569165936	76.9159414147	73.3467121894	78.723518115	79.1116553139	78.5829769061	37.424262479	71.9825927202	56.5073357088	56.7046997146	78.0244178005	49.4561300667	60.2172440967	62.8689667662	61.2136990398	44.0083155778	59.651392313	60.6421187582	82.0980973652	65.7948034034	68.3166926582	65.4550115597	79.625955839	71.696081956	49.4086648146	50.628683446	59.5566964265
42.1064060653	33.2005431186	68.089001811	44.085968577	90.3124531138	63.3804796912	72.3988881463	77.4843433098	50.3070981507	61.9228946389	72.2896542718	67.7315460681	73.8315870141	64.7254392441	61.335941488	58.9876243411	72.787992844	72.3873111122	64.5913375586	58.3550444273	46.5129783527	60.6261169297	59.722545222	71.3823481008	40.6275999613	71.828548565	67.1507431792	41.0479062523	43.3311541564	47.2064008627	63.5979713101	73.2554244829	-51.2609125308	52.414950743	71.7382430763	44.3537312677	80.3099091134	43.8859340725	63.5430625344	32.9855672243	70.0156496294	79.6168226155	55.119431899	54.3586827809	36.2197784565	28.7763739039	57.655401763	66.8659453007	48.8405799322	76.3053089825	66.3514863376	39.7967257755	75.0927731187	79.9770530733	73.2355011652	71.233677626	79.9428481908	71.3742964679	44.5234810545	55.3438528904	59.9469807276	70.1953854894	59.6142525826	45.4965477325	49.0638143841	80.8568641792	45.5655782061	73.8089581556
72.6676614083	57.4007020542	73.5113885457	73.0491969511	63.3804796912	90.3124531138	75.397510316	64.1628642315	72.5866566727	68.9489540022	71.6721733149	74.8543555521	77.4437694416	70.3958348699	71.9578711083	78.6329411832	68.9119466493	71.0426839153	78.1403867145	69.4099593654	67.0105441807	65.4723958621	66.1517854547	79.2805227261	66.6362062252	81.0397468328	73.8831708264	59.573664958	74.647924804	68.9842902191	73.407322505	69.7109065646	-52.7160578486	74.322163056	80.0050420897	69.1016190005	69.4279396405	70.8471023576	68.5867717789	51.0860703772	68.3351299	66.337065152	72.0665276879	65.2668367347	62.6913135445	64.0410068845	70.9600476752	54.5542425941	67.9792222267	74.7755071131	62.6751688459	70.1143403652	68.4254347531	72.8722445892	75.4691961758	76.9526723637	62.1030932722	76.8179112119	62.7404653902	79.6789902915	73.6288315606	72.9783626751	68.3052632974	68.8235397442	66.9445645312	67.0788735241	51.6560294438	73.5745549325
67.153414422	56.4428281448	77.8265031002	68.6457471571	72.3988881463	75.397510316	90.3124531138	71.1358249136	68.3494531229	79.5601756377	75.9577013569	76.1410653256	79.8876561653	78.4244087106	72.0323147569	76.0790792721	78.8209617832	76.3142160062	81.7720581001	72.9308201711	68.4150466963	71.9991119888	75.4957245719	78.7216881398	66.6526180137	79.4763569094	75.7236566995	56.5236524876	70.6279267601	71.9759785852	81.4424262917	74.0040106846	-44.6319531221	74.4898105264	78.7778755588	67.0142964621	78.0732502415	69.5853166916	72.1670020987	49.4905334216	74.4160030533	70.2241013942	75.0463667245	71.4893861754	62.7741671111	53.4826398513	75.6112397313	55.5399534858	71.570471421	76.1893584412	72.0899054626	63.4335324062	71.9857304497	77.9852961739	79.7272373054	75.047240014	75.4684137417	73.6032960531	59.05787255	73.474002783	69.8352007132	75.5123669398	73.6532617848	72.1384593996	70.0182188849	71.3151213557	59.7286236264	77.9614694374
50.7113786653	35.1771434142	67.6512250613	50.2651004794	77.4843433098	64.1628642315	71.1358249136	90.3124531138	54.7115130252	63.2836385922	81.1459159734	67.6207045752	74.3406874816	68.2997492083	59.9518896901	65.9417676345	68.5726843202	68.9194685758	66.1420808998	51.69220585	56.0595923288	52.9272803397	62.3524521053	74.7952404521	50.4608679668	70.0377794635	63.8605245929	39.9046480422	53.0510874374	46.2936513658	68.4482403703	78.7070940911	-61.7809601374	61.3377780648	64.108935781	55.9628674581	78.0128778894	51.2562284927	61.3756499311	40.8027567334	73.5982727592	67.5553184105	60.8907333612	59.8622102705	41.5424327855	38.6048126072	62.806817579	67.2806574197	57.8409777727	70.4374828189	73.493352698	47.0659447548	67.6460673033	82.4239067898	69.6374811112	67.6589801868	70.6991460712	72.8824809112	52.2848094065	61.0085050951	60.5119432188	73.4974522526	53.9475707085	49.9109510945	53.7357074174	77.8201719681	52.2291871114	71.7296479635
80.9880974837	72.8782635391	64.4570384174	78.715126136	50.3070981507	72.5866566727	68.3494531229	54.7115130252	90.3124531138	74.1137590034	61.4644010558	64.0636008788	70.7857588168	69.5367353288	68.1012508896	78.5095707399	64.9399254415	64.9519264423	75.994985556	65.3344935285	81.0474435378	55.5514682022	65.6155830584	72.2156629722	77.3432995946	74.8959470065	66.7755436217	48.2494303813	77.5803896388	77.2364412964	74.4451243398	64.3393398928	-34.0647424384	73.8242519106	60.3050410854	71.014305759	56.495966221	78.2076771908	68.2080261859	56.6355571595	56.182368559	46.5045024615	80.8960825843	70.5987342629	73.2456695994	73.6505322414	72.5984525776	44.2495125522	75.8617957332	56.220384874	55.0936053489	78.0625201312	52.2411777878	62.8294061729	61.8234550444	56.6163782411	51.1678873052	60.2191833911	63.0251919655	77.7612491698	64.3083931406	67.0201390794	71.7315108021	75.1610691221	68.1469508689	54.5943872722	60.0719588788	58.5007511657
72.7622356226	62.3439502406	70.6947230134	73.4419844718	61.9228946389	68.9489540022	79.5601756377	63.2836385922	74.1137590034	90.3124531138	66.5706742936	69.9541157011	77.1453713096	77.8320529834	72.6591820082	76.8883720575	70.8674265929	69.1339262161	80.0634873918	68.0699961262	72.3150756017	64.3786207974	73.8289462649	75.7995152434	69.0036353978	75.4903721814	67.8549118624	52.9231210441	71.6632887648	74.5554358169	77.5153393978	69.8352379961	-37.1267361982	70.5821077271	68.6025438097	71.8962921385	69.8351243244	72.376973417	66.4353720647	49.8483716801	65.702458527	56.4569995107	74.8205613778	73.1726572075	73.6519167874	61.9991696787	77.3517128635	52.1897886445	73.6640856988	60.3097524361	63.8486587879	66.1375894223	62.4640466616	71.144411539	70.8989296317	65.4746708644	62.6341966851	64.9124609318	54.9783036792	71.6739512581	66.0814908258	71.001078237	69.2901281041	72.5185109145	72.8398149041	59.7174560375	58.4893364874	68.4527028676
59.1544743865	49.3427815059	75.6300045414	60.1515574885	72.2896542718	71.6721733149	75.9577013569	81.1459159734	61.4644010558	66.5706742936	90.3124531138	77.656892921	79.4053726236	72.2539910233	69.4323089649	72.7780285079	73.3369697119	76.8738324253	73.2541476789	59.8153818563	64.8258077255	59.5712412968	69.1046128312	78.0030785909	60.2673855893	76.2081535753	75.9866446184	50.0544280722	66.4664200033	57.2491520703	73.1900664962	78.4370909945	-59.6303623586	71.548337635	69.0167457093	61.4457534903	74.8870066288	63.3155485571	71.0482536621	54.8928736819	76.7131996485	68.5744992441	68.3439317182	60.7739047866	46.9511178772	49.2371916418	67.4044231547	66.4100160473	67.212509332	77.8880217189	77.3733028874	54.7344398616	71.7991585423	84.1071234608	74.6655823259	71.0782497711	70.3747971084	76.2967173802	68.4020887999	70.1243679149	69.8461814055	78.6198988148	61.4340128734	64.5718727491	63.2199299034	77.2114461161	62.7452169532	75.8251950191
64.9725021491	56.4581296661	77.3672611287	66.2030493327	67.7315460681	74.8543555521	76.1410653256	67.6207045752	64.0636008788	69.9541157011	77.656892921	90.3124531138	82.2170106457	75.8449942507	71.1818343924	71.2973145695	67.8210064172	77.6678455051	82.1165432679	69.0826230026	71.4450368684	69.9871873661	71.2170619482	73.2192485313	66.1793073998	81.6908929611	75.2959074775	51.9197171584	69.4548121073	68.4850906748	76.651042285	67.7557603666	-46.0259657439	68.6211111693	71.97133776	66.6514560913	69.6145083185	70.8943896959	68.0003864054	57.7189628055	73.4088009079	72.7000430067	63.7576133772	57.4104069036	54.0774325713	61.3140224248	69.2438513864	60.4088466321	73.1193455474	77.4422391973	69.6434075696	60.0193817371	75.5708256258	79.4649041819	73.6083149426	74.0215577405	67.9198762131	74.0267139536	65.4209529957	71.9365489798	71.8366234912	76.3497086568	68.8023936638	73.8062667483	68.8719292733	69.3857679648	63.2460953316	74.1360661441
69.4672264471	61.7908650619	77.5230680143	71.0274179139	73.8315870141	77.4437694416	79.8876561653	74.3406874816	70.7857588168	77.1453713096	79.4053726236	82.2170106457	90.3124531138	77.9277693704	72.6615937569	79.5202049554	75.1482035994	81.0301269089	83.241495314	71.2100698121	73.0954527451	68.3515889589	73.4002779678	80.421546039	68.7114186364	85.0589293385	77.0964074766	55.4266417025	71.3145294043	71.7414055845	77.8010477607	75.9317730639	-47.1667606876	73.7957167896	75.3124501621	72.236225633	76.7253899519	73.1070660523	73.648026477	58.3810705545	76.5632633823	69.8127564582	73.9197577853	66.7971731096	63.2148631723	59.5345654463	74.6793799571	64.8309089025	72.6163379906	75.5848314128	74.2661638118	65.5249102918	74.9683770665	83.4788934304	77.277934994	73.9378615697	69.9930926099	74.5694557515	65.8871836762	75.0599658731	73.6149986947	80.491782189	72.5347504273	74.4161745562	70.2968637974	74.5347826954	63.1928133891	75.7983662868
70.3776162527	56.7750132483	74.927933358	71.5061825537	64.7254392441	70.3958348699	78.4244087106	68.2997492083	69.5367353288	77.8320529834	72.2539910233	75.8449942507	77.9277693704	90.3124531138	74.4072894696	79.0820725687	70.8969864759	73.136151952	78.9677533697	68.9438892395	71.4118842157	63.6657466089	77.2411725166	77.637854737	71.5502695944	77.4779919751	73.8024066349	55.0651902744	70.8277680572	72.1952395536	79.8368503048	72.4469547544	-39.6390319084	70.6641122482	71.1797193872	70.6644060284	74.1718210283	70.8835410856	71.6491511156	51.1885732133	68.7400585969	61.924568694	72.1808590143	75.1406922733	63.5987063808	65.3694494626	77.3036823345	53.9760012444	77.5763475715	69.3000401398	72.7536543731	64.9925145776	68.0305144157	76.9805659338	75.2541195683	71.7088594272	63.293547917	71.9426297554	55.9577165788	72.328068013	64.7916290177	77.3095365087	69.9611337796	69.6256583494	73.4941321479	69.5915246147	54.1773042479	73.5364561444
64.2767525759	60.3338802627	71.4818685573	68.9306766843	61.335941488	71.9578711083	72.0323147569	59.9518896901	68.1012508896	72.6591820082	69.4323089649	71.1818343924	72.6615937569	74.4072894696	90.3124531138	72.2188203785	66.0881128358	68.3868935377	74.207136405	67.0216538415	67.1242831741	65.4317628253	68.9683874895	73.5808735204	66.6031728361	73.7693803615	70.6827990546	51.671624617	66.0731552656	69.0075360254	72.2347516625	66.1336271157	-38.257195393	67.5028130586	67.8851404011	61.3589924751	66.711238502	67.6949649159	68.4737396571	48.4433010961	63.4874378428	61.1644788839	68.7900159853	61.8143759355	62.2874934375	59.860472546	69.3951124817	46.2968778142	70.1986179596	64.7647862468	60.9599228012	60.8567567348	66.0182931138	69.397996786	69.2429787071	67.1488295819	62.2371979205	68.4159961588	57.6998178171	69.4312751358	64.1527076599	69.6245536003	71.2642403938	69.7861010043	63.3231192405	63.2927580496	54.0582334969	67.4630114631
77.9046251226	66.5067990369	70.2950924935	80.249801713	58.9876243411	78.6329411832	76.0790792721	65.9417676345	78.5095707399	76.8883720575	72.7780285079	71.2973145695	79.5202049554	79.0820725687	72.2188203785	90.3124531138	72.8743727215	71.684764036	78.1884969117	68.921901108	76.1004060722	56.3778522298	74.4401342866	80.3628039446	75.1796933045	78.3577554039	74.2575189675	55.541083239	79.852473986	73.863223751	77.5123132833	74.8014857969	-44.9804890608	76.4199630857	71.4040806443	77.9537293195	70.0598346386	77.3367024029	75.4123278907	59.719470739	65.8812374046	53.1518004249	79.7076026991	75.5669835164	72.8840981289	70.4478604596	78.2560084939	49.7220841582	76.2936089269	66.1026361906	69.0464608973	73.2928372957	60.7046650284	75.5301853938	70.538694593	67.3424059092	52.3669514243	67.8248665961	66.2361462855	79.4659797208	72.6493487164	80.9996081208	69.4509363639	75.4751370671	76.1308855483	63.8975832688	57.3901564373	69.4317240582
56.9404024603	51.0369512652	66.9783693998	61.1356115559	72.787992844	68.9119466493	78.8209617832	68.5726843202	64.9399254415	70.8674265929	73.3369697119	67.8210064172	75.1482035994	70.8969864759	66.0881128358	72.8743727215	90.3124531138	76.0445811664	70.7062324204	72.5754927483	58.2266995766	63.3607808905	63.1722050176	75.0560181129	56.3467449415	74.8710548127	74.7576443579	48.6612606769	63.1107470912	61.334380173	72.6097958871	74.3473377082	-44.8412856957	63.7222891365	72.6056579526	58.3722524774	72.3935478839	61.6435207054	71.9108182585	45.2372960185	71.5597444078	68.0186606243	70.4709689854	61.3557944444	52.5693214502	43.8502044095	62.9890856769	63.8007293462	62.0461406524	72.4756825538	67.5419016497	54.7277936848	70.9823908625	74.9851239753	75.6029153604	66.7161947341	72.568680963	72.0274197336	65.9489643253	66.1542034826	68.9088277439	74.3215581708	70.9629623531	61.8059369456	63.8538117977	74.2727592124	55.6250119693	74.5803690995
57.1929395938	57.599107305	76.5452944971	62.6150979528	72.3873111122	71.0426839153	76.3142160062	68.9194685758	64.9519264423	69.1339262161	76.8738324253	77.6678455051	81.0301269089	73.136151952	68.3868935377	71.684764036	76.0445811664	90.3124531138	77.41979987	73.9737596632	66.0062794601	71.7377057787	74.1475737199	74.5279941304	61.943030452	80.6996012361	78.8489797133	53.7916023247	62.5407711709	68.3747009441	76.538460673	69.4349997017	-43.8953302672	65.6559757852	72.0352926036	60.6958285552	69.4316489619	63.2380013564	76.4203634582	60.0755497333	74.047117447	71.183187406	66.5862435955	61.7239078017	54.159714353	52.1841496852	67.1540268474	68.2764633583	68.2511608988	78.3848908286	71.6745313357	55.1503481192	79.9056366531	77.57725982	74.2575860791	69.7734886755	70.135816283	72.1020508742	68.6868163879	66.1849587706	72.1487803913	73.6669127339	75.061094814	69.7543558409	67.2914171037	74.8054033943	63.1588229095	76.9427857386
76.289020687	66.4112048683	79.6602030184	75.860443048	64.5913375586	78.1403867145	81.7720581001	66.1420808998	75.994985556	80.0634873918	73.2541476789	82.1165432679	83.241495314	78.9677533697	74.207136405	78.1884969117	70.7062324204	77.41979987	90.3124531138	71.0338205834	79.917679866	71.513640286	77.4538577708	76.6305625528	76.7777218118	84.817205908	71.4290384615	57.2126933837	76.2670507328	77.9359397899	82.9976328945	69.4063158187	-43.732675355	76.8199060902	73.9592841268	76.6942118437	67.9465904637	76.8018067212	69.1355459675	60.4697348593	69.8151424763	66.3207838923	75.5292754308	71.6705629988	68.9673740688	67.5361665874	78.1927718986	56.572393718	79.0458870679	70.3712773955	67.6417014804	70.7080298518	68.4806001548	75.743115443	73.182819547	71.8275166832	64.9173925963	72.7391175561	61.5378944096	79.9434743058	74.9115831844	74.6776941373	74.7896856096	79.347465771	72.8743038135	62.8307374918	65.478595022	72.4672538354
57.9750667579	53.9531445157	64.4354762174	61.7053629665	58.3550444273	69.4099593654	72.9308201711	51.69220585	65.3344935285	68.0699961262	59.8153818563	69.0826230026	71.2100698121	68.9438892395	67.0216538415	68.921901108	72.5754927483	73.9737596632	71.0338205834	90.3124531138	61.1730690601	69.6734972946	63.3272390498	66.1961652861	60.3802725746	73.6953058241	74.5464497378	47.2593469633	64.8419712054	70.1034818991	73.6296704979	59.418219572	-26.0315437437	62.9646926514	72.5122794741	55.9445030983	63.6319021562	61.7382223447	65.2711694771	38.248001517	65.9585311916	63.6956473802	67.794282845	57.4045092486	58.155819788	52.3751892923	56.9615245337	52.0398427595	68.7311158344	67.0145343725	54.3104938655	58.2757229378	75.2033550332	63.9847459652	72.8215074834	67.2223461844	64.1858133262	65.1215303345	62.7802895379	61.0451356023	60.4022053156	64.7139266223	80.0875798173	69.0207640748	65.4220741381	65.3093772559	57.2993330373	72.0314364402
78.4263322339	76.4245632581	69.3549197297	76.3988428103	46.5129783527	67.0105441807	68.4150466963	56.0595923288	81.0474435378	72.3150756017	64.8258077255	71.4450368684	73.0954527451	71.4118842157	67.1242831741	76.1004060722	58.2266995766	66.0062794601	79.917679866	61.1730690601	90.3124531138	59.9353960775	72.3520336498	68.9860963438	82.6647741477	74.6021877868	64.8869971121	47.7835613628	75.5343465513	79.5192500428	75.4642901402	60.3930373876	-32.3110666552	72.7399195929	56.7370400022	75.2293435784	53.6298586708	78.4492223067	66.004685112	66.5131027348	56.9002764608	45.472274496	76.0048297301	68.9194687847	72.5564885938	77.5480133245	72.7793619341	43.9992967579	81.6982458798	55.5940086661	58.3344398792	74.5807185301	54.5944382568	64.1976245245	57.9678601753	55.3388529307	46.6761700254	57.8585264985	62.8963765891	73.9387544407	65.5135162562	67.3780379568	70.6928831682	81.7034678917	71.6029208253	50.1921554145	66.0282782382	57.1208746859
51.4919682151	52.3220748395	70.149791979	55.2503987332	60.6261169297	65.4723958621	71.9991119888	52.9272803397	55.5514682022	64.3786207974	59.5712412968	69.9871873661	68.3515889589	63.6657466089	65.4317628253	56.3778522298	63.3607808905	71.7377057787	71.513640286	69.6734972946	59.9353960775	90.3124531138	65.2278689213	62.9525096306	59.3659843848	74.3302003227	69.5378566286	50.4546845473	57.4252059601	67.3600880052	69.9774183961	50.8669595167	-30.4573734248	59.8086824273	69.8438780202	51.5388640324	57.0234822167	60.5576436392	56.1331480524	36.9390058927	65.4521311947	67.4647319866	58.2422612789	53.6391964117	53.3719780459	47.7071967777	59.9652646499	56.2956426573	64.2702666381	65.8905528927	52.1474406496	50.1083294739	73.809408956	59.1690240703	73.6708568681	67.5821623779	69.7444736648	66.5703208837	51.451322729	58.9740166777	60.878122953	52.8566409921	74.9742452799	64.7888874959	57.2562220261	58.5916556852	56.0941459014	72.7778503722
66.1736345053	59.0072106402	71.3923109745	69.1142912416	59.722545222	66.1517854547	75.4957245719	62.3524521053	65.6155830584	73.8289462649	69.1046128312	71.2170619482	73.4002779678	77.2411725166	68.9683874895	74.4401342866	63.1722050176	74.1475737199	77.4538577708	63.3272390498	72.3520336498	65.2278689213	90.3124531138	70.111349595	70.8044209901	73.4838826071	70.2617763298	53.9950036007	67.596929672	71.8992506634	77.5492729928	63.6718356025	-37.3671976968	67.5527227018	67.0893131159	67.7641790008	64.4066463185	67.3879511517	71.9194259604	59.3258317338	61.4945634025	53.5545791186	68.7759187607	71.1542833913	66.3166086277	60.9394741048	77.5691844732	47.74178067	70.6445850231	66.2284187004	66.2643769529	55.7367393968	63.4557268096	72.4100421565	67.7540635227	62.562162476	53.7185558494	63.7483991506	54.7625928468	68.8135232148	64.8128838357	70.1950432867	66.7593142818	72.6690351566	69.4002420114	57.1985130018	60.1610667074	65.9922739747
71.6075512516	57.7274537994	76.8737743771	74.0392538742	71.3823481008	79.2805227261	78.7216881398	74.7952404521	72.2156629722	75.7995152434	78.0030785909	73.2192485313	80.421546039	77.637854737	73.5808735204	80.3628039446	75.0560181129	74.5279941304	76.6305625528	66.1961652861	68.9860963438	62.9525096306	70.111349595	90.3124531138	68.4842263293	80.2848015462	76.289694046	61.9421779774	73.7980957386	67.5977962123	75.1333598449	78.1626819668	-56.0987984789	74.5598299821	77.6944203486	70.4208248913	77.4532011916	68.6601647849	73.7605965728	52.4757120526	76.6371882006	67.8053073823	73.1523019101	74.2292494445	64.191701879	61.7822684598	77.6673422203	58.6468026793	69.8562636368	75.1208936586	71.9896284659	70.0099242613	68.6017210793	78.564989874	79.8402417279	78.7686096095	68.8313436866	76.4837169948	62.7702678943	78.6985539519	71.7387298178	78.2166880699	68.0629789108	68.1860957792	71.8684359045	75.603265075	52.1540223185	78.9450252596
79.8046202606	75.8126827914	68.1831481195	80.2559928162	40.6275999613	66.6362062252	66.6526180137	50.4608679668	77.3432995946	69.0036353978	60.2673855893	66.1793073998	68.7114186364	71.5502695944	66.6031728361	75.1796933045	56.3467449415	61.943030452	76.7777218118	60.3802725746	82.6647741477	59.3659843848	70.8044209901	68.4842263293	90.3124531138	72.5324299767	65.6145736676	51.956098801	76.9989128963	80.3086333978	74.0200070176	58.4745629802	-28.9295902088	73.3546695981	57.9331144184	75.9676749838	52.5747847911	76.8555363449	63.3021995265	59.1955750865	55.2848740647	42.5407571823	74.5484791379	71.1652227779	74.2001810834	78.8309428451	73.8196688279	36.6887284873	79.9435796523	53.7722941	55.1831639107	76.4261923471	50.0329949325	58.635776406	61.5093458747	58.032497199	43.255163222	56.7870778833	58.7792874882	77.7704924377	60.4467679508	62.5191977884	67.7051170814	79.7664514765	69.3032152301	46.6429091544	56.7681016866	58.5869963403
72.8518192337	63.4289127214	79.9914496715	73.4177007763	71.828548565	81.0397468328	79.4763569094	70.0377794635	74.8959470065	75.4903721814	76.2081535753	81.6908929611	85.0589293385	77.4779919751	73.7693803615	78.3577554039	74.8710548127	80.6996012361	84.817205908	73.6953058241	74.6021877868	74.3302003227	73.4838826071	80.2848015462	72.5324299767	90.3124531138	78.2002608152	57.7302817602	74.2002695965	74.0989919756	80.2503655961	70.8308617345	-48.1124868256	74.3778664518	78.0782129378	71.4623858741	71.5735561359	73.1477469535	71.6375027249	54.3293163264	73.0913724657	72.4609713221	75.32461581	68.4706510178	63.7639804462	64.66704513	74.5832305087	64.5033583864	75.263474884	77.4021365343	67.7463122928	69.5719502345	75.8177097198	77.968554258	79.6477914141	77.7495776083	71.4736379283	78.0472972986	65.0057253518	78.9924975113	76.6015725942	75.5677419601	77.1518813597	74.8403915168	71.1939849456	72.5252349254	62.4088014582	78.5052965723
62.2787281836	61.5183173872	71.2367664837	64.9360575272	67.1507431792	73.8831708264	75.7236566995	63.8605245929	66.7755436217	67.8549118624	75.9866446184	75.2959074775	77.0964074766	73.8024066349	70.6827990546	74.2575189675	74.7576443579	78.8489797133	71.4290384615	74.5464497378	64.8869971121	69.5378566286	70.2617763298	76.289694046	65.6145736676	78.2002608152	90.3124531138	56.906531668	70.3414889037	71.7238889042	72.8841311186	67.2546192224	-39.8204984742	69.8142181106	74.8520530572	58.6378683639	71.357472294	66.8241056643	75.4695382181	48.8567950049	75.5910339172	65.6679680092	70.6771808596	59.9329177938	56.9930980667	55.315918187	66.5768114816	56.3161216757	68.5900849708	78.3731378089	67.4644144673	59.1649233392	77.3003067962	75.5263627708	81.2665714197	72.8605954813	67.1002448953	72.9282397328	71.4181005165	69.8892697703	63.9131917297	72.5271972408	73.5534348467	68.9072903819	66.9314641634	74.2138798287	57.6400403988	77.7021053693
59.1926167419	46.4741288921	61.8370661812	60.977659152	41.0479062523	59.573664958	56.5236524876	39.9046480422	48.2494303813	52.9231210441	50.0544280722	51.9197171584	55.4266417025	55.0651902744	51.671624617	55.541083239	48.6612606769	53.7916023247	57.2126933837	47.2593469633	47.7835613628	50.4546845473	53.9950036007	61.9421779774	51.956098801	57.7302817602	56.906531668	90.3124531138	58.3674056658	50.6462983616	45.9698632294	47.1803888973	-42.0140083992	59.0715235691	67.3332777447	48.9139259567	49.7659536423	51.3784684493	54.0987578151	37.0813532257	54.1294945359	43.3160651682	49.8086125063	50.6203822366	56.772278987	52.452676142	64.1051642732	40.8742166143	40.7700295759	56.8344817989	50.2791340968	51.0788642569	45.092792784	48.1853510553	62.5628032302	61.0697969446	38.5975225286	59.6447495123	42.902895745	68.0888756695	55.3582126373	48.1428879153	43.8429475701	49.8750386618	51.9662376605	42.2499440202	16.718151274	59.1453647644
82.7435947166	68.629058165	66.4876332515	81.2836523734	43.3311541564	74.647924804	70.6279267601	53.0510874374	77.5803896388	71.6632887648	66.4664200033	69.4548121073	71.3145294043	70.8277680572	66.0731552656	79.852473986	63.1107470912	62.5407711709	76.2670507328	64.8419712054	75.5343465513	57.4252059601	67.596929672	73.7980957386	76.9989128963	74.2002695965	70.3414889037	58.3674056658	90.3124531138	74.0629478694	73.3050870102	63.2184048707	-40.8070886916	80.5114339727	65.4788871781	75.7680855272	56.0948848566	83.0464783041	65.4060843399	54.7934053059	62.8274744242	46.0456468794	77.8122755616	67.8753569347	72.5722587584	74.3193903867	74.228867912	38.7282678701	75.4300690961	60.2836629576	58.5512533789	75.6194379005	50.9757932443	63.3811440281	68.8829620699	64.5241970094	47.1018632654	63.8664766759	66.8032595667	81.5028417363	68.1908960751	68.3727765538	64.9439321649	79.6909423912	73.6546785343	51.6793364956	55.742591524	63.8050327665
75.6429663273	78.8633144639	69.0187923887	77.2301135823	47.2064008627	68.9842902191	71.9759785852	46.2936513658	77.2364412964	74.5554358169	57.2491520703	68.4850906748	71.7414055845	72.1952395536	69.0075360254	73.863223751	61.334380173	68.3747009441	77.9359397899	70.1034818991	79.5192500428	67.3600880052	71.8992506634	67.5977962123	80.3086333978	74.0989919756	71.7238889042	50.6462983616	74.0629478694	90.3124531138	75.1295581769	56.0702513305	-23.6374087992	72.2768790722	63.0433175355	70.440485843	55.7033973319	77.2789451652	68.7390685822	60.1618953336	56.4975967176	48.7296590436	74.1833231798	67.084405962	74.9650453796	73.9760110974	71.7212616076	38.2792871367	77.577255317	59.4040196367	54.0445832688	71.0996365154	59.869578882	58.8546254179	64.1534532576	58.9625368431	51.2898239688	56.9523341089	63.0608357658	70.6905196694	62.4211700669	61.9225121594	75.9704824281	80.9471135439	70.9360811452	50.7903426748	60.6953112468	60.0750794365
70.1473033079	60.8860552329	73.6582906251	70.9091843481	63.5979713101	73.407322505	81.4424262917	68.4482403703	74.4451243398	77.5153393978	73.1900664962	76.651042285	77.8010477607	79.8368503048	72.2347516625	77.5123132833	72.6097958871	76.538460673	82.9976328945	73.6296704979	75.4642901402	69.9774183961	77.5492729928	75.1333598449	74.0200070176	80.2503655961	72.8841311186	45.9698632294	73.3050870102	75.1295581769	90.3124531138	72.9767381821	-37.2364750692	73.9600446276	69.8140763946	69.8548181276	67.3415753391	73.0124346974	71.3021659934	56.5766138767	70.0421432204	64.711281425	76.4802212062	73.4642416805	63.624350061	61.7886327632	72.1957291877	54.8147491077	79.4113870296	70.2089516392	67.2082409829	66.4935235452	69.1841500345	74.327251178	74.5179118055	70.6996275094	67.7373723334	72.4170403262	62.6833643599	72.5041447694	68.5889949855	75.1187881122	76.4201797784	76.5003574634	72.8542221725	67.7167485939	71.31797202	73.8625204325
61.1278800327	45.361956064	67.7454064005	63.2357227301	73.2554244829	69.7109065646	74.0040106846	78.7070940911	64.3393398928	69.8352379961	78.4370909945	67.7557603666	75.9317730639	72.4469547544	66.1336271157	74.8014857969	74.3473377082	69.4349997017	69.4063158187	59.418219572	60.3930373876	50.8669595167	63.6718356025	78.1626819668	58.4745629802	70.8308617345	67.2546192224	47.1803888973	63.2184048707	56.0702513305	72.9767381821	90.3124531138	-53.8996873819	66.3754354236	67.9607348321	63.4206457877	78.5681017514	61.548550943	72.1947083175	50.1368506814	71.2725811021	64.3611422244	68.4626678192	70.2253491504	53.9659035578	49.2762800158	69.2220347965	61.1897351838	61.2044601861	70.4054599283	75.0799632518	59.3713001702	61.2314656051	81.3093131213	72.2799301604	70.264922759	65.0219607209	70.3546905489	57.3984337444	69.3723978764	63.6176289708	81.6022604848	56.2405662282	59.5441835944	61.5854741537	74.8292219701	49.8741151576	71.953685232
-39.2443194429	-18.1333850709	-48.8257626117	-39.3202197501	-51.2609125308	-52.7160578486	-44.6319531221	-61.7809601374	-34.0647424384	-37.1267361982	-59.6303623586	-46.0259657439	-47.1667606876	-39.6390319084	-38.257195393	-44.9804890608	-44.8412856957	-43.8953302672	-43.732675355	-26.0315437437	-32.3110666552	-30.4573734248	-37.3671976968	-56.0987984789	-28.9295902088	-48.1124868256	-39.8204984742	-42.0140083992	-40.8070886916	-23.6374087992	-37.2364750692	-53.8996873819	90.3124531138	-41.936398535	-49.9940827332	-41.7374295708	-50.4272732193	-35.7650036963	-42.8691732831	-36.1800085267	-49.4681130965	-45.4166324139	-36.6860217994	-35.9074675733	-24.0184882035	-30.4187143711	-44.3158989913	-48.5694477554	-29.262441523	-52.3566667531	-54.3872135314	-35.7858942046	-39.4443734435	-53.8714667315	-46.1001101652	-51.5272976971	-43.8362452212	-56.4350544981	-37.4331830644	-51.7576458479	-54.252094848	-49.0317388871	-24.5626330867	-30.3740625557	-30.5924579785	-49.0253650552	-25.5902364225	-48.3702846758
76.7502821896	67.1955730294	72.469669643	74.1551634351	52.414950743	74.322163056	74.4898105264	61.3377780648	73.8242519106	70.5821077271	71.548337635	68.6211111693	73.7957167896	70.6641122482	67.5028130586	76.4199630857	63.7222891365	65.6559757852	76.8199060902	62.9646926514	72.7399195929	59.8086824273	67.5527227018	74.5598299821	73.3546695981	74.3778664518	69.8142181106	59.0715235691	80.5114339727	72.2768790722	73.9600446276	66.3754354236	-41.936398535	90.3124531138	67.568108167	69.5635396349	60.6975053417	74.9204503128	66.1291958501	53.8040218128	67.0364221094	54.682527118	77.0696228353	65.2816782879	64.7208214437	64.2921273856	73.3759534497	47.4130229387	70.9948582316	66.2619678941	59.9334962268	71.9101865347	56.7722530423	67.9761311877	70.3305527964	66.0047224482	57.175832607	68.5417305467	66.4610436989	78.6179955541	67.9954606032	68.6444361183	67.4636704677	72.8211966093	67.0156060001	59.0440970032	58.5717419825	68.2835954443
62.8512721789	46.7757070742	74.5158906011	64.6609065096	71.7382430763	80.0050420897	78.7778755588	64.108935781	60.3050410854	68.6025438097	69.0167457093	71.97133776	75.3124501621	71.1797193872	67.8851404011	71.4040806443	72.6056579526	72.0352926036	73.9592841268	72.5122794741	56.7370400022	69.8438780202	67.0893131159	77.6944203486	57.9331144184	78.0782129378	74.8520530572	67.3332777447	65.4788871781	63.0433175355	69.8140763946	67.9607348321	-49.9940827332	67.568108167	90.3124531138	59.3032750225	75.4976680417	58.7823969236	64.5288427797	38.3614203106	73.2910724157	74.3944328704	66.2608663974	62.829243732	58.2540946207	50.5552631705	69.3967432772	55.6041104518	59.5969177161	78.3907447657	61.9919113646	59.2784069524	72.6092687306	73.2362506806	82.8689155131	82.2902910111	69.1004242785	78.5769712232	52.4171887246	73.8567476176	68.6052868818	70.9264066611	65.7903173438	61.0565435923	63.7265395534	71.6580861232	40.342149557	80.9020469217
77.5592712228	63.5580941445	66.895838478	78.3232476248	44.3537312677	69.1016190005	67.0142964621	55.9628674581	71.014305759	71.8962921385	61.4457534903	66.6514560913	72.236225633	70.6644060284	61.3589924751	77.9537293195	58.3722524774	60.6958285552	76.6942118437	55.9445030983	75.2293435784	51.5388640324	67.7641790008	70.4208248913	75.9676749838	71.4623858741	58.6378683639	48.9139259567	75.7680855272	70.440485843	69.8548181276	63.4206457877	-41.7374295708	69.5635396349	59.3032750225	90.3124531138	56.5785449223	76.0486443802	59.328285013	61.5880134953	55.431368025	42.2472688828	71.1630534406	73.1058148842	73.2459585408	71.9910825633	76.636707801	41.6596493951	73.6668496146	50.6939894738	60.3518992244	72.453370259	46.1726696688	63.9647574019	57.6556823603	56.7939493951	40.6831753099	53.8481597273	56.3968744521	74.0906000724	66.303491824	70.5454727168	59.1078617184	74.733538058	70.5436552469	45.193124265	54.4380465574	57.3899831252
54.8046106979	38.7461507181	71.3700478525	57.0851273466	80.3099091134	69.4279396405	78.0732502415	78.0128778894	56.495966221	69.8351243244	74.8870066288	69.6145083185	76.7253899519	74.1718210283	66.711238502	70.0598346386	72.3935478839	69.4316489619	67.9465904637	63.6319021562	53.6298586708	57.0234822167	64.4066463185	77.4532011916	52.5747847911	71.5735561359	71.357472294	49.7659536423	56.0948848566	55.7033973319	67.3415753391	78.5681017514	-50.4272732193	60.6975053417	75.4976680417	56.5785449223	90.3124531138	54.0370283668	68.9922089337	37.3555201243	73.9690908668	71.1847306025	63.0931727206	64.7828128352	50.4790767862	42.6988841011	68.0638549253	57.1542085652	58.6807351172	75.278964982	72.8304232559	53.1543387835	72.1098096732	81.2018011493	76.4513504842	74.2022403792	72.7242320952	70.7093277947	48.7133908337	63.6372082475	58.5726321236	77.0101854968	59.591172147	54.6518575166	59.1259618811	79.7485765332	42.2212658161	75.4499808718
80.3358117406	70.69820445	66.1133351939	79.483652574	43.8859340725	70.8471023576	69.5853166916	51.2562284927	78.2076771908	72.376973417	63.3155485571	70.8943896959	73.1070660523	70.8835410856	67.6949649159	77.3367024029	61.6435207054	63.2380013564	76.8018067212	61.7382223447	78.4492223067	60.5576436392	67.3879511517	68.6601647849	76.8555363449	73.1477469535	66.8241056643	51.3784684493	83.0464783041	77.2789451652	73.0124346974	61.548550943	-35.7650036963	74.9204503128	58.7823969236	76.0486443802	54.0370283668	90.3124531138	64.9696372543	60.8172683704	56.9233650991	45.2295220506	75.5428311223	66.5750292361	74.1189231555	74.2031719751	75.1327596614	38.3798612596	76.3387797682	55.4165746899	60.0101912661	72.7949888136	51.5393895978	62.5903084538	63.3491490156	57.2566795708	47.36606633	58.775585403	65.092148891	76.3981111566	66.3545028462	66.849666678	66.4243567431	80.0942296146	68.926141488	47.7164646683	59.4740290088	58.8383555409
63.3504197243	61.4878426653	67.4967884519	69.7320491346	63.5430625344	68.5867717789	72.1670020987	61.3756499311	68.2080261859	66.4353720647	71.0482536621	68.0003864054	73.648026477	71.6491511156	68.4737396571	75.4123278907	71.9108182585	76.4203634582	69.1355459675	65.2711694771	66.004685112	56.1331480524	71.9194259604	73.7605965728	63.3021995265	71.6375027249	75.4695382181	54.0987578151	65.4060843399	68.7390685822	71.3021659934	72.1947083175	-42.8691732831	66.1291958501	64.5288427797	59.328285013	68.9922089337	64.9696372543	90.3124531138	65.2758973702	64.2268927573	55.3204171185	68.7361110426	66.0008134705	56.3531536451	58.6172398121	68.2129755255	54.592862169	61.8091921454	73.2172210334	71.1694665802	61.1078781406	65.4504333311	71.7538713085	65.7529000274	61.4095712308	58.3606164456	62.991217428	66.1526068085	67.7285312436	63.3957795471	74.6292168916	67.2631795178	69.9623635594	65.6463044844	68.8087949641	56.5636730619	64.5737730956
56.3929614953	62.5884622031	51.8165395169	61.4761898337	32.9855672243	51.0860703772	49.4905334216	40.8027567334	56.6355571595	49.8483716801	54.8928736819	57.7189628055	58.3810705545	51.1885732133	48.4433010961	59.719470739	45.2372960185	60.0755497333	60.4697348593	38.248001517	66.5131027348	36.9390058927	59.3258317338	52.4757120526	59.1955750865	54.3293163264	48.8567950049	37.0813532257	54.7934053059	60.1618953336	56.5766138767	50.1368506814	-36.1800085267	53.8040218128	38.3614203106	61.5880134953	37.3555201243	60.8172683704	65.2758973702	90.3124531138	41.959758753	28.7933564622	53.3610481182	50.165829689	50.1808486603	56.8488783431	56.1697200745	36.0839698673	55.322480841	48.2271573442	53.5629332801	53.4935795081	38.31128041	50.9954735157	35.718828481	36.26781117	28.4978080749	38.9030807912	63.0539092471	54.7298088891	57.1146312017	60.0107810412	46.4493657448	68.5106285031	53.3920051227	37.3095484582	56.3596135312	36.8042601975
53.9338062328	44.8291835388	71.665438707	55.2874630111	70.0156496294	68.3351299	74.4160030533	73.5982727592	56.182368559	65.702458527	76.7131996485	73.4088009079	76.5632633823	68.7400585969	63.4874378428	65.8812374046	71.5597444078	74.047117447	69.8151424763	65.9585311916	56.9002764608	65.4521311947	61.4945634025	76.6371882006	55.2848740647	73.0913724657	75.5910339172	54.1294945359	62.8274744242	56.4975967176	70.0421432204	71.2725811021	-49.4681130965	67.0364221094	73.2910724157	55.431368025	73.9690908668	56.9233650991	64.2268927573	41.959758753	90.3124531138	71.2030377454	60.8068564942	57.0814859831	46.9235211215	43.2305430824	63.2338617178	62.5539404316	60.0632638259	77.4402354916	72.6641839147	52.5520399134	72.5394080873	75.5643228584	79.1732478572	76.780314882	72.3723265181	74.6194366081	61.3913477941	65.6910523742	62.4625526061	69.7181429332	62.1624542209	58.9805293874	62.3193990833	76.6293664873	50.6138486521	79.3348411925
42.2320048817	31.2472869963	72.310459627	42.7569165936	79.6168226155	66.337065152	70.2241013942	67.5553184105	46.5045024615	56.4569995107	68.5744992441	72.7000430067	69.8127564582	61.924568694	61.1644788839	53.1518004249	68.0186606243	71.183187406	66.3207838923	63.6956473802	45.472274496	67.4647319866	53.5545791186	67.8053073823	42.5407571823	72.4609713221	65.6679680092	43.3160651682	46.0456468794	48.7296590436	64.711281425	64.3611422244	-45.4166324139	54.682527118	74.3944328704	42.2472688828	71.1847306025	45.2295220506	55.3204171185	28.7933564622	71.2030377454	90.3124531138	49.7161542697	47.2847233084	32.4409570166	32.6000627884	53.3249560624	64.7630914811	52.639581158	77.9748777023	60.2075905895	42.920060157	77.4981554962	72.5667729362	74.393069316	77.6004241771	80.3526790207	75.4904756276	46.2344681295	56.1826979128	62.7052391525	63.2283251044	61.4498810598	47.4740136533	49.3500010955	76.4103773557	46.2295589672	78.5209479318
77.7599970314	67.8468583825	67.8158749784	76.9159414147	55.119431899	72.0665276879	75.0463667245	60.8907333612	80.8960825843	74.8205613778	68.3439317182	63.7576133772	73.9197577853	72.1808590143	68.7900159853	79.7076026991	70.4709689854	66.5862435955	75.5292754308	67.794282845	76.0048297301	58.2422612789	68.7759187607	73.1523019101	74.5484791379	75.32461581	70.6771808596	49.8086125063	77.8122755616	74.1833231798	76.4802212062	68.4626678192	-36.6860217994	77.0696228353	66.2608663974	71.1630534406	63.0931727206	75.5428311223	68.7361110426	53.3610481182	60.8068564942	49.7161542697	90.3124531138	70.8821801411	69.0172315036	64.7210629907	71.9243626178	46.3164403894	75.2499735316	59.1262209068	59.6165487031	73.890279788	56.5982744301	67.7880247032	68.4814267477	60.9376090552	57.420697165	63.2422290115	64.8257013128	76.2311354626	65.0536413848	70.7565901015	74.344313282	75.4001784082	67.5343261695	60.3049936152	61.2313688415	64.0543632154
73.0764133772	52.8824074654	66.229689937	73.3467121894	54.3586827809	65.2668367347	71.4893861754	59.8622102705	70.5987342629	73.1726572075	60.7739047866	57.4104069036	66.7971731096	75.1406922733	61.8143759355	75.5669835164	61.3557944444	61.7239078017	71.6705629988	57.4045092486	68.9194687847	53.6391964117	71.1542833913	74.2292494445	71.1652227779	68.4706510178	59.9329177938	50.6203822366	67.8753569347	67.084405962	73.4642416805	70.2253491504	-35.9074675733	65.2816782879	62.829243732	73.1058148842	64.7828128352	66.5750292361	66.0008134705	50.165829689	57.0814859831	47.2847233084	70.8821801411	90.3124531138	70.5065246867	64.4319222682	78.7652427949	43.671491136	70.0721722616	53.8889569303	66.75305236	70.5277672881	48.6190018091	63.3704544103	63.513043848	63.46475352	49.743996096	57.8735163646	42.8966582427	70.1976296685	56.4185285829	68.222239989	59.1771606037	64.8869792316	66.3658438543	53.958059082	45.931037613	63.1155189061
77.1582633692	68.2896702392	57.4883158029	78.723518115	36.2197784565	62.6913135445	62.7741671111	41.5424327855	73.2456695994	73.6519167874	46.9511178772	54.0774325713	63.2148631723	63.5987063808	62.2874934375	72.8840981289	52.5693214502	54.159714353	68.9673740688	58.155819788	72.5564885938	53.3719780459	66.3166086277	64.191701879	74.2001810834	63.7639804462	56.9930980667	56.772278987	72.5722587584	74.9650453796	63.624350061	53.9659035578	-24.0184882035	64.7208214437	58.2540946207	73.2459585408	50.4790767862	74.1189231555	56.3531536451	50.1808486603	46.9235211215	32.4409570166	69.0172315036	70.5065246867	90.3124531138	72.3526002092	75.2187056001	28.5952195376	65.3638041617	41.5194105098	47.6210732045	68.2171128642	41.2155810989	50.534609671	56.2211144912	51.8920920744	32.5631193915	47.7689606234	47.3402350572	69.8197778791	55.5847029625	57.5108316639	60.3990810044	72.1416916926	67.6369365625	35.2708693568	41.840894746	51.2852060528
78.9776450736	69.6691188003	58.6272018747	79.1116553139	28.7763739039	64.0410068845	53.4826398513	38.6048126072	73.6505322414	61.9991696787	49.2371916418	61.3140224248	59.5345654463	65.3694494626	59.860472546	70.4478604596	43.8502044095	52.1841496852	67.5361665874	52.3751892923	77.5480133245	47.7071967777	60.9394741048	61.7822684598	78.8309428451	64.66704513	55.315918187	52.452676142	74.3193903867	73.9760110974	61.7886327632	49.2762800158	-30.4187143711	64.2921273856	50.5552631705	71.9910825633	42.6988841011	74.2031719751	58.6172398121	56.8488783431	43.2305430824	32.6000627884	64.7210629907	64.4319222682	72.3526002092	90.3124531138	70.2890673575	29.9622632452	72.1268253139	46.6376055641	47.547708115	74.6347438947	39.8620739631	49.5275300084	48.8826989773	52.198411872	27.1977487243	49.8683488154	52.3601910901	72.0036425962	56.1302842148	57.4089825926	55.8056561111	73.3748833248	69.9741363505	35.9919632469	42.9392399547	47.5935919636
76.8838440445	59.4751539561	73.725123581	78.5829769061	57.655401763	70.9600476752	75.6112397313	62.806817579	72.5984525776	77.3517128635	67.4044231547	69.2438513864	74.6793799571	77.3036823345	69.3951124817	78.2560084939	62.9890856769	67.1540268474	78.1927718986	56.9615245337	72.7793619341	59.9652646499	77.5691844732	77.6673422203	73.8196688279	74.5832305087	66.5768114816	64.1051642732	74.228867912	71.7212616076	72.1957291877	69.2220347965	-44.3158989913	73.3759534497	69.3967432772	76.636707801	68.0638549253	75.1327596614	68.2129755255	56.1697200745	63.2338617178	53.3249560624	71.9243626178	78.7652427949	75.2187056001	70.2890673575	90.3124531138	44.1216842749	70.094020438	62.4730262118	68.5411999809	69.719983123	53.4234886281	70.4676437439	68.4809592961	67.7241888973	52.1480668025	62.705084022	51.3591413814	78.9589740268	66.1254547754	73.3496240964	60.1727018197	70.8687264979	69.5024327725	54.6926986445	46.1872541119	67.1414414656
37.8419420882	29.8081053573	60.7487499831	37.424262479	66.8659453007	54.5542425941	55.5399534858	67.2806574197	44.2495125522	52.1897886445	66.4100160473	60.4088466321	64.8309089025	53.9760012444	46.2968778142	49.7220841582	63.8007293462	68.2764633583	56.572393718	52.0398427595	43.9992967579	56.2956426573	47.74178067	58.6468026793	36.6887284873	64.5033583864	56.3161216757	40.8742166143	38.7282678701	38.2792871367	54.8147491077	61.1897351838	-48.5694477554	47.4130229387	55.6041104518	41.6596493951	57.1542085652	38.3798612596	54.592862169	36.0839698673	62.5539404316	64.7630914811	46.3164403894	43.671491136	28.5952195376	29.9622632452	44.1216842749	90.3124531138	43.5459095015	62.3252821964	63.5240996741	37.4548395087	67.4232087505	65.293331564	59.7452228263	56.8057910089	62.6919385821	62.9361474688	52.148718545	48.4104719829	58.2492372801	56.7196763351	51.3312163429	39.3537483933	44.3530359558	65.7592176882	48.7671181544	65.0764801254
72.6528799452	66.8884723806	70.2600961702	71.9825927202	48.8405799322	67.9792222267	71.570471421	57.8409777727	75.8617957332	73.6640856988	67.212509332	73.1193455474	72.6163379906	77.5763475715	70.1986179596	76.2936089269	62.0461406524	68.2511608988	79.0458870679	68.7311158344	81.6982458798	64.2702666381	70.6445850231	69.8562636368	79.9435796523	75.263474884	68.5900849708	40.7700295759	75.4300690961	77.577255317	79.4113870296	61.2044601861	-29.262441523	70.9948582316	59.5969177161	73.6668496146	58.6807351172	76.3387797682	61.8091921454	55.322480841	60.0632638259	52.639581158	75.2499735316	70.0721722616	65.3638041617	72.1268253139	70.094020438	43.5459095015	90.3124531138	58.4640670133	58.6412825154	71.5021382394	61.3508241504	66.6898941234	64.6007320975	61.7658313026	54.5497404532	61.795882583	61.194723528	71.0975159773	64.542545305	68.8991004523	74.7713778875	79.4201018801	73.4399331114	57.7831579948	65.826505775	64.8871828245
53.9276482653	46.260962363	75.4782810465	56.5073357088	76.3053089825	74.7755071131	76.1893584412	70.4374828189	56.220384874	60.3097524361	77.8880217189	77.4422391973	75.5848314128	69.3000401398	64.7647862468	66.1026361906	72.4756825538	78.3848908286	70.3712773955	67.0145343725	55.5940086661	65.8905528927	66.2284187004	75.1208936586	53.7722941	77.4021365343	78.3731378089	56.8344817989	60.2836629576	59.4040196367	70.2089516392	70.4054599283	-52.3566667531	66.2619678941	78.3907447657	50.6939894738	75.278964982	55.4165746899	73.2172210334	48.2271573442	77.4402354916	77.9748777023	59.1262209068	53.8889569303	41.5194105098	46.6376055641	62.4730262118	62.3252821964	58.4640670133	90.3124531138	68.8930295907	51.5762848899	78.2290183813	78.2388586579	79.043130109	78.7569304477	74.9481939795	78.6973282174	62.8356417675	67.808327238	67.1335919677	72.705523784	63.6882749187	60.4046058617	61.5101600113	80.5357787869	50.3207062565	78.4293722641
56.3977430781	39.5951285422	68.8809382619	56.7046997146	66.3514863376	62.6751688459	72.0899054626	73.493352698	55.0936053489	63.8486587879	77.3733028874	69.6434075696	74.2661638118	72.7536543731	60.9599228012	69.0464608973	67.5419016497	71.6745313357	67.6417014804	54.3104938655	58.3344398792	52.1474406496	66.2643769529	71.9896284659	55.1831639107	67.7463122928	67.4644144673	50.2791340968	58.5512533789	54.0445832688	67.2082409829	75.0799632518	-54.3872135314	59.9334962268	61.9919113646	60.3518992244	72.8304232559	60.0101912661	71.1694665802	53.5629332801	72.6641839147	60.2075905895	59.6165487031	66.75305236	47.6210732045	47.547708115	68.5411999809	63.5240996741	58.6412825154	68.8930295907	90.3124531138	51.162596688	62.6326016314	76.5038414448	66.7425254684	66.6743542779	60.8211376053	65.0678481377	55.557039498	62.312770334	59.7461681147	73.9532758243	50.9532771908	55.9670742077	59.2724217242	67.5052021775	49.7030377403	68.0894926103
82.3120084437	66.9406545372	63.7527817872	78.0244178005	39.7967257755	70.1143403652	63.4335324062	47.0659447548	78.0625201312	66.1375894223	54.7344398616	60.0193817371	65.5249102918	64.9925145776	60.8567567348	73.2928372957	54.7277936848	55.1503481192	70.7080298518	58.2757229378	74.5807185301	50.1083294739	55.7367393968	70.0099242613	76.4261923471	69.5719502345	59.1649233392	51.0788642569	75.6194379005	71.0996365154	66.4935235452	59.3713001702	-35.7858942046	71.9101865347	59.2784069524	72.453370259	53.1543387835	72.7949888136	61.1078781406	53.4935795081	52.5520399134	42.920060157	73.890279788	70.5277672881	68.2171128642	74.6347438947	69.719983123	37.4548395087	71.5021382394	51.5762848899	51.162596688	90.3124531138	43.1323429534	53.2718834913	58.6970547919	59.9339536626	44.3377782869	54.6341818544	53.0781356009	77.9846528908	59.6980323985	63.6473749641	62.6970030525	70.8710462376	63.6777534338	47.7967106401	45.948640004	56.4713862957
44.1137414173	44.215103532	71.7376711825	49.4561300667	75.0927731187	68.4254347531	71.9857304497	67.6460673033	52.2411777878	62.4640466616	71.7991585423	75.5708256258	74.9683770665	68.0305144157	66.0182931138	60.7046650284	70.9823908625	79.9056366531	68.4806001548	75.2033550332	54.5944382568	73.809408956	63.4557268096	68.6017210793	50.0329949325	75.8177097198	77.3003067962	45.092792784	50.9757932443	59.869578882	69.1841500345	61.2314656051	-39.4443734435	56.7722530423	72.6092687306	46.1726696688	72.1098096732	51.5393895978	65.4504333311	38.31128041	72.5394080873	77.4981554962	56.5982744301	48.6190018091	41.2155810989	39.8620739631	53.4234886281	67.4232087505	61.3508241504	78.2290183813	62.6326016314	43.1323429534	90.3124531138	74.0028864221	76.0431649538	72.1806412905	76.6137487336	75.1713045865	61.9100958232	54.1861614413	61.6426192285	64.6342060152	74.4695324362	58.2519178363	57.8678700667	77.9647185878	60.117706428	77.7438722739
58.6947914073	47.8589884293	72.9422468154	60.2172440967	79.9770530733	72.8722445892	77.9852961739	82.4239067898	62.8294061729	71.144411539	84.1071234608	79.4649041819	83.4788934304	76.9805659338	69.397996786	75.5301853938	74.9851239753	77.57725982	75.743115443	63.9847459652	64.1976245245	59.1690240703	72.4100421565	78.564989874	58.635776406	77.968554258	75.5263627708	48.1853510553	63.3811440281	58.8546254179	74.327251178	81.3093131213	-53.8714667315	67.9761311877	73.2362506806	63.9647574019	81.2018011493	62.5903084538	71.7538713085	50.9954735157	75.5643228584	72.5667729362	67.7880247032	63.3704544103	50.534609671	49.5275300084	70.4676437439	65.293331564	66.6898941234	78.2388586579	76.5038414448	53.2718834913	74.0028864221	90.3124531138	75.8232825522	73.5409426604	70.539335291	75.8119193903	61.0436787177	68.8961080861	68.0053539692	83.4869973365	62.8186353046	63.0454937407	63.8712721011	79.1858055312	58.6234903557	75.6620046969
62.2505188456	48.7705042587	75.589374184	62.8689667662	73.2355011652	75.4691961758	79.7272373054	69.6374811112	61.8234550444	70.8989296317	74.6655823259	73.6083149426	77.277934994	75.2541195683	69.2429787071	70.538694593	75.6029153604	74.2575860791	73.182819547	72.8215074834	57.9678601753	73.6708568681	67.7540635227	79.8402417279	61.5093458747	79.6477914141	81.2665714197	62.5628032302	68.8829620699	64.1534532576	74.5179118055	72.2799301604	-46.1001101652	70.3305527964	82.8689155131	57.6556823603	76.4513504842	63.3491490156	65.7529000274	35.718828481	79.1732478572	74.393069316	68.4814267477	63.513043848	56.2211144912	48.8826989773	68.4809592961	59.7452228263	64.6007320975	79.043130109	66.7425254684	58.6970547919	76.0431649538	75.8232825522	90.3124531138	83.0283713417	76.1290167809	80.7259367527	58.8241285521	73.0473854357	64.3256516814	71.1314154203	70.0056917617	62.4656667936	64.5177266763	77.2827850163	48.4455936986	85.2497043306
60.2417637273	43.0894282467	74.0611105864	61.2136990398	71.233677626	76.9526723637	75.047240014	67.6589801868	56.6163782411	65.4746708644	71.0782497711	74.0215577405	73.9378615697	71.7088594272	67.1488295819	67.3424059092	66.7161947341	69.7734886755	71.8275166832	67.2223461844	55.3388529307	67.5821623779	62.562162476	78.7686096095	58.032497199	77.7495776083	72.8605954813	61.0697969446	64.5241970094	58.9625368431	70.6996275094	70.264922759	-51.5272976971	66.0047224482	82.2902910111	56.7939493951	74.2022403792	57.2566795708	61.4095712308	36.26781117	76.780314882	77.6004241771	60.9376090552	63.46475352	51.8920920744	52.198411872	67.7241888973	56.8057910089	61.7658313026	78.7569304477	66.6743542779	59.9339536626	72.1806412905	73.5409426604	83.0283713417	90.3124531138	71.5365131411	79.3063999663	50.4556321195	71.6891276054	64.8297785916	69.7361089624	62.519252077	58.148797068	62.0982833778	73.370829887	41.782503726	83.1002019131
43.855517795	35.0936830243	70.24420657	44.0083155778	79.9428481908	62.1030932722	75.4684137417	70.6991460712	51.1678873052	62.6341966851	70.3747971084	67.9198762131	69.9930926099	63.293547917	62.2371979205	52.3669514243	72.568680963	70.135816283	64.9173925963	64.1858133262	46.6761700254	69.7444736648	53.7185558494	68.8313436866	43.255163222	71.4736379283	67.1002448953	38.5975225286	47.1018632654	51.2898239688	67.7373723334	65.0219607209	-43.8362452212	57.175832607	69.1004242785	40.6831753099	72.7242320952	47.36606633	58.3606164456	28.4978080749	72.3723265181	80.3526790207	57.420697165	49.743996096	32.5631193915	27.1977487243	52.1480668025	62.6919385821	54.5497404532	74.9481939795	60.8211376053	44.3377782869	76.6137487336	70.539335291	76.1290167809	71.5365131411	90.3124531138	72.3266146875	49.1158402169	54.6683799143	57.9290685509	60.5311113541	67.4730263471	49.9788228922	48.2576222948	79.907315835	54.2812148453	75.6191447475
60.568498701	44.713025872	73.4960263354	59.651392313	71.3742964679	76.8179112119	73.6032960531	72.8824809112	60.2191833911	64.9124609318	76.2967173802	74.0267139536	74.5694557515	71.9426297554	68.4159961588	67.8248665961	72.0274197336	72.1020508742	72.7391175561	65.1215303345	57.8585264985	66.5703208837	63.7483991506	76.4837169948	56.7870778833	78.0472972986	72.9282397328	59.6447495123	63.8664766759	56.9523341089	72.4170403262	70.3546905489	-56.4350544981	68.5417305467	78.5769712232	53.8481597273	70.7093277947	58.775585403	62.991217428	38.9030807912	74.6194366081	75.4904756276	63.2422290115	57.8735163646	47.7689606234	49.8683488154	62.705084022	62.9361474688	61.795882583	78.6973282174	65.0678481377	54.6341818544	75.1713045865	75.8119193903	80.7259367527	79.3063999663	72.3266146875	90.3124531138	58.5335126956	71.7998105567	68.5268282423	68.4177255497	64.7380521559	57.0762799947	60.7543830832	75.6624613375	50.5946848292	80.2615236865
56.041693642	66.1710928004	57.781648185	60.6421187582	44.5234810545	62.7404653902	59.05787255	52.2848094065	63.0251919655	54.9783036792	68.4020887999	65.4209529957	65.8871836762	55.9577165788	57.6998178171	66.2361462855	65.9489643253	68.6868163879	61.5378944096	62.7802895379	62.8963765891	51.451322729	54.7625928468	62.7702678943	58.7792874882	65.0057253518	71.4181005165	42.902895745	66.8032595667	63.0608357658	62.6833643599	57.3984337444	-37.4331830644	66.4610436989	52.4171887246	56.3968744521	48.7133908337	65.092148891	66.1526068085	63.0539092471	61.3913477941	46.2344681295	64.8257013128	42.8966582427	47.3402350572	52.3601910901	51.3591413814	52.148718545	61.194723528	62.8356417675	55.557039498	53.0781356009	61.9100958232	61.0436787177	58.8241285521	50.4556321195	49.1158402169	58.5335126956	90.3124531138	59.2448040099	63.6631317806	63.5549726478	64.168193175	68.0680561339	61.3239194129	57.3311684039	66.0897147883	57.8513175983
83.0835677378	64.546461594	74.5514174212	82.0980973652	55.3438528904	79.6789902915	73.474002783	61.0085050951	77.7612491698	71.6739512581	70.1243679149	71.9365489798	75.0599658731	72.328068013	69.4312751358	79.4659797208	66.1542034826	66.1849587706	79.9434743058	61.0451356023	73.9387544407	58.9740166777	68.8135232148	78.6985539519	77.7704924377	78.9924975113	69.8892697703	68.0888756695	81.5028417363	70.6905196694	72.5041447694	69.3723978764	-51.7576458479	78.6179955541	73.8567476176	74.0906000724	63.6372082475	76.3981111566	67.7285312436	54.7298088891	65.6910523742	56.1826979128	76.2311354626	70.1976296685	69.8197778791	72.0036425962	78.9589740268	48.4104719829	71.0975159773	67.808327238	62.312770334	77.9846528908	54.1861614413	68.8961080861	73.0473854357	71.6891276054	54.6683799143	71.7998105567	59.2448040099	90.3124531138	71.9206853583	71.7843161106	62.9468467264	73.5247494341	68.7405619258	59.0657281529	47.6250471235	69.3796781196
63.9185778799	56.3509081249	70.7068300469	65.7948034034	59.9469807276	73.6288315606	69.8352007132	60.5119432188	64.3083931406	66.0814908258	69.8461814055	71.8366234912	73.6149986947	64.7916290177	64.1527076599	72.6493487164	68.9088277439	72.1487803913	74.9115831844	60.4022053156	65.5135162562	60.878122953	64.8128838357	71.7387298178	60.4467679508	76.6015725942	63.9131917297	55.3582126373	68.1908960751	62.4211700669	68.5889949855	63.6176289708	-54.252094848	67.9954606032	68.6052868818	66.303491824	58.5726321236	66.3545028462	63.3957795471	57.1146312017	62.4625526061	62.7052391525	65.0536413848	56.4185285829	55.5847029625	56.1302842148	66.1254547754	58.2492372801	64.542545305	67.1335919677	59.7461681147	59.6980323985	61.6426192285	68.0053539692	64.3256516814	64.8297785916	57.9290685509	68.5268282423	63.6631317806	71.9206853583	90.3124531138	68.6253849175	63.8527735185	68.0279944573	64.8034262302	58.4202512421	55.2992772049	67.1741422455
65.1232454675	52.2692451244	69.8942851267	68.3166926582	70.1953854894	72.9783626751	75.5123669398	73.4974522526	67.0201390794	71.001078237	78.6198988148	76.3497086568	80.491782189	77.3095365087	69.6245536003	80.9996081208	74.3215581708	73.6669127339	74.6776941373	64.7139266223	67.3780379568	52.8566409921	70.1950432867	78.2166880699	62.5191977884	75.5677419601	72.5271972408	48.1428879153	68.3727765538	61.9225121594	75.1187881122	81.6022604848	-49.0317388871	68.6444361183	70.9264066611	70.5454727168	77.0101854968	66.849666678	74.6292168916	60.0107810412	69.7181429332	63.2283251044	70.7565901015	68.222239989	57.5108316639	57.4089825926	73.3496240964	56.7196763351	68.8991004523	72.705523784	73.9532758243	63.6473749641	64.6342060152	83.4869973365	71.1314154203	69.7361089624	60.5311113541	68.4177255497	63.5549726478	71.7843161106	68.6253849175	90.3124531138	62.2637560541	67.6895145025	70.514637276	73.1761851794	56.3595453185	71.3127442443
61.8360618995	66.3803965765	69.6451020088	65.4550115597	59.6142525826	68.3052632974	73.6532617848	53.9475707085	71.7315108021	69.2901281041	61.4340128734	68.8023936638	72.5347504273	69.9611337796	71.2642403938	69.4509363639	70.9629623531	75.061094814	74.7896856096	80.0875798173	70.6928831682	74.9742452799	66.7593142818	68.0629789108	67.7051170814	77.1518813597	73.5534348467	43.8429475701	64.9439321649	75.9704824281	76.4201797784	56.2405662282	-24.5626330867	67.4636704677	65.7903173438	59.1078617184	59.591172147	66.4243567431	67.2631795178	46.4493657448	62.1624542209	61.4498810598	74.344313282	59.1771606037	60.3990810044	55.8056561111	60.1727018197	51.3312163429	74.7713778875	63.6882749187	50.9532771908	62.6970030525	74.4695324362	62.8186353046	70.0056917617	62.519252077	67.4730263471	64.7380521559	64.168193175	62.9468467264	63.8527735185	62.2637560541	90.3124531138	73.8257175757	64.5626906124	64.2414592312	66.7576580754	69.0820892804
75.122100124	75.0127988487	68.6982362916	79.625955839	45.4965477325	68.8235397442	72.1384593996	49.9109510945	75.1610691221	72.5185109145	64.5718727491	73.8062667483	74.4161745562	69.6256583494	69.7861010043	75.4751370671	61.8059369456	69.7543558409	79.347465771	69.0207640748	81.7034678917	64.7888874959	72.6690351566	68.1860957792	79.7664514765	74.8403915168	68.9072903819	49.8750386618	79.6909423912	80.9471135439	76.5003574634	59.5441835944	-30.3740625557	72.8211966093	61.0565435923	74.733538058	54.6518575166	80.0942296146	69.9623635594	68.5106285031	58.9805293874	47.4740136533	75.4001784082	64.8869792316	72.1416916926	73.3748833248	70.8687264979	39.3537483933	79.4201018801	60.4046058617	55.9670742077	70.8710462376	58.2519178363	63.0454937407	62.4656667936	58.148797068	49.9788228922	57.0762799947	68.0680561339	73.5247494341	68.0279944573	67.6895145025	73.8257175757	90.3124531138	73.7249951846	51.6927842397	67.2023508246	58.8862068166
69.2317819787	63.2099652215	63.5363920299	71.696081956	49.0638143841	66.9445645312	70.0182188849	53.7357074174	68.1469508689	72.8398149041	63.2199299034	68.8719292733	70.2968637974	73.4941321479	63.3231192405	76.1308855483	63.8538117977	67.2914171037	72.8743038135	65.4220741381	71.6029208253	57.2562220261	69.4002420114	71.8684359045	69.3032152301	71.1939849456	66.9314641634	51.9662376605	73.6546785343	70.9360811452	72.8542221725	61.5854741537	-30.5924579785	67.0156060001	63.7265395534	70.5436552469	59.1259618811	68.926141488	65.6463044844	53.3920051227	62.3193990833	49.3500010955	67.5343261695	66.3658438543	67.6369365625	69.9741363505	69.5024327725	44.3530359558	73.4399331114	61.5101600113	59.2724217242	63.6777534338	57.8678700667	63.8712721011	64.5177266763	62.0982833778	48.2576222948	60.7543830832	61.3239194129	68.7405619258	64.8034262302	70.514637276	64.5626906124	73.7249951846	90.3124531138	57.1166424622	56.2155095157	62.9978004814
46.5020671613	36.8821800236	68.9095470655	49.4086648146	80.8568641792	67.0788735241	71.3151213557	77.8201719681	54.5943872722	59.7174560375	77.2114461161	69.3857679648	74.5347826954	69.5915246147	63.2927580496	63.8975832688	74.2727592124	74.8054033943	62.8307374918	65.3093772559	50.1921554145	58.5916556852	57.1985130018	75.603265075	46.6429091544	72.5252349254	74.2138798287	42.2499440202	51.6793364956	50.7903426748	67.7167485939	74.8292219701	-49.0253650552	59.0440970032	71.6580861232	45.193124265	79.7485765332	47.7164646683	68.8087949641	37.3095484582	76.6293664873	76.4103773557	60.3049936152	53.958059082	35.2708693568	35.9919632469	54.6926986445	65.7592176882	57.7831579948	80.5357787869	67.5052021775	47.7967106401	77.9647185878	79.1858055312	77.2827850163	73.370829887	79.907315835	75.6624613375	57.3311684039	59.0657281529	58.4202512421	73.1761851794	64.2414592312	51.6927842397	57.1166424622	90.3124531138	49.1937077937	77.3240149284
49.3773841855	57.4837596131	54.1562837464	50.628683446	45.5655782061	51.6560294438	59.7286236264	52.2291871114	60.0719588788	58.4893364874	62.7452169532	63.2460953316	63.1928133891	54.1773042479	54.0582334969	57.3901564373	55.6250119693	63.1588229095	65.478595022	57.2993330373	66.0282782382	56.0941459014	60.1610667074	52.1540223185	56.7681016866	62.4088014582	57.6400403988	16.718151274	55.742591524	60.6953112468	71.31797202	49.8741151576	-25.5902364225	58.5717419825	40.342149557	54.4380465574	42.2212658161	59.4740290088	56.5636730619	56.3596135312	50.6138486521	46.2295589672	61.2313688415	45.931037613	41.840894746	42.9392399547	46.1872541119	48.7671181544	65.826505775	50.3207062565	49.7030377403	45.948640004	60.117706428	58.6234903557	48.4455936986	41.782503726	54.2812148453	50.5946848292	66.0897147883	47.6250471235	55.2992772049	56.3595453185	66.7576580754	67.2023508246	56.2155095157	49.1937077937	90.3124531138	49.4096363835
57.1835251763	44.0881173466	77.4974861628	59.5566964265	73.8089581556	73.5745549325	77.9614694374	71.7296479635	58.5007511657	68.4527028676	75.8251950191	74.1360661441	75.7983662868	73.5364561444	67.4630114631	69.4317240582	74.5803690995	76.9427857386	72.4672538354	72.0314364402	57.1208746859	72.7778503722	65.9922739747	78.9450252596	58.5869963403	78.5052965723	77.7021053693	59.1453647644	63.8050327665	60.0750794365	73.8625204325	71.953685232	-48.3702846758	68.2835954443	80.9020469217	57.3899831252	75.4499808718	58.8383555409	64.5737730956	36.8042601975	79.3348411925	78.5209479318	64.0543632154	63.1155189061	51.2852060528	47.5935919636	67.1414414656	65.0764801254	64.8871828245	78.4293722641	68.0894926103	56.4713862957	77.7438722739	75.6620046969	85.2497043306	83.1002019131	75.6191447475	80.2615236865	57.8513175983	69.3796781196	67.1741422455	71.3127442443	69.0820892804	58.8862068166	62.9978004814	77.3240149284	49.4096363835	90.3124531138
Genotype stats (X^T * X): 	47.4696328163
Gene expression - Genotype stats (Y^T * X): 
5.59468959864	0.0378268193149	8.82669806151	5.54667733998	9.91487851539	6.74270753111	6.25228941921	9.07483635948	3.28636449268	10.0239900116	7.15583357078	6.26163703959	8.22950159421	4.74646358953	3.08662392547	5.86175279315	11.4031048677	7.62886671777	7.68747491519	1.54355672019	3.47369208499	11.7086096749	3.23311560374	9.83040705082	1.7535665107	10.6860918434	0.623569929952	10.451032778	5.32567481152	1.04497868281	4.83753484038	5.64078113256	-15.6363158474	5.61364639068	8.55980024806	8.04643817082	4.6842351753	5.16851185084	-0.551681577193	2.08864412526	2.88536219029	11.4498243902	5.07349607082	4.59866788008	6.19590622491	2.12629698079	5.47410162716	16.9779894759	4.8396678165	2.25044625787	0.233787878859	5.12135971071	5.68356695681	5.56531007347	8.34280519957	7.02788081608	10.5086482851	8.91339711904	4.01823110245	7.45255451427	28.7974755943	4.02731745531	7.79534473315	4.82764560878	5.64431321622	5.44648908093	3.23715177962	10.5330881667