Tissue	braincaudatebasalganglia
N_samples	98
Chr	19
Gene	ENSG00000170906.11
SNP	rs76992175
Gene_list	ENSG00000103363.10	ENSG00000099795.2	ENSG00000250479.4	ENSG00000170906.11	ENSG00000108654.7	ENSG00000176340.3	ENSG00000135940.2	ENSG00000166136.11	ENSG00000111775.2	ENSG00000107223.8
Gene expression stats (Y^T * Y): 
90.3124531138	72.3713005531	37.7247325966	55.6504500774	-56.7699201367	54.550584593	73.5262903102	54.5773696279	61.1700656217	65.9114749854
72.3713005531	90.3124531138	48.1013052046	59.176241303	-55.697435762	63.7643458269	75.7433766143	56.2219531757	65.9345173089	70.4353933331
37.7247325966	48.1013052046	90.3124531138	59.183291109	-47.9455056208	49.9604243043	46.7878470085	39.3531284711	41.6807904815	40.6383062127
55.6504500774	59.176241303	59.183291109	90.3124531138	-56.1089482086	55.4307711617	57.2582986022	56.1859888424	55.8319366614	64.2314650849
-56.7699201367	-55.697435762	-47.9455056208	-56.1089482086	90.3124531138	-60.620981197	-60.5406906156	-58.4275836683	-54.158177709	-56.2994177612
54.550584593	63.7643458269	49.9604243043	55.4307711617	-60.620981197	90.3124531138	62.0059902019	57.0218695674	59.6841634502	52.4446259142
73.5262903102	75.7433766143	46.7878470085	57.2582986022	-60.5406906156	62.0059902019	90.3124531138	61.2380012944	74.0006977825	63.6062810363
54.5773696279	56.2219531757	39.3531284711	56.1859888424	-58.4275836683	57.0218695674	61.2380012944	90.3124531138	69.5711906778	57.5625571928
61.1700656217	65.9345173089	41.6807904815	55.8319366614	-54.158177709	59.6841634502	74.0006977825	69.5711906778	90.3124531138	55.7173081848
65.9114749854	70.4353933331	40.6383062127	64.2314650849	-56.2994177612	52.4446259142	63.6062810363	57.5625571928	55.7173081848	90.3124531138
Genotype stats (X^T * X): 	20.5
Gene expression - Genotype stats (Y^T * X): 
-0.513996448602	4.19628978209	-0.616403899929	14.0350777141	-1.82495635728	2.79664979267	2.62451938691	2.74402051601	4.13259037342	6.16384967761