Tissue	braincaudatebasalganglia
N_samples	98
Chr	7
Gene	ENSG00000128567.12
SNP	rs55995554
Gene_list	ENSG00000110799.9	ENSG00000102755.6	ENSG00000163513.13	ENSG00000198959.7	ENSG00000117394.15	ENSG00000069122.14	ENSG00000139567.8	ENSG00000149564.7	ENSG00000128567.12	ENSG00000174059.12
Gene expression stats (Y^T * Y): 
90.3124531138	36.2896965031	44.0591213398	55.008687431	48.0109401869	48.0967844106	40.9325475293	48.9718887486	61.6216328588	53.0346245841
36.2896965031	90.3124531138	50.3821627691	46.2078578929	38.5069372858	50.5447854214	34.7556183491	47.1671034272	59.4956602069	38.7168349662
44.0591213398	50.3821627691	90.3124531138	46.5190582549	26.705915742	62.7410460075	37.4020042764	50.2505984945	55.9399800436	44.9886546216
55.008687431	46.2078578929	46.5190582549	90.3124531138	44.9718025659	29.9359839532	37.7369854817	39.9381010364	59.6479917831	31.2318604853
48.0109401869	38.5069372858	26.705915742	44.9718025659	90.3124531138	46.3807128121	32.1680970475	45.5789220717	55.7752703421	41.7243734151
48.0967844106	50.5447854214	62.7410460075	29.9359839532	46.3807128121	90.3124531138	43.3981353572	65.2993821913	58.6528073549	57.8989269548
40.9325475293	34.7556183491	37.4020042764	37.7369854817	32.1680970475	43.3981353572	90.3124531138	56.1137443445	54.2374121133	58.1723943745
48.9718887486	47.1671034272	50.2505984945	39.9381010364	45.5789220717	65.2993821913	56.1137443445	90.3124531138	62.5390878628	67.1153550899
61.6216328588	59.4956602069	55.9399800436	59.6479917831	55.7752703421	58.6528073549	54.2374121133	62.5390878628	90.3124531138	55.7595511316
53.0346245841	38.7168349662	44.9886546216	31.2318604853	41.7243734151	57.8989269548	58.1723943745	67.1153550899	55.7595511316	90.3124531138
Genotype stats (X^T * X): 	37.1276901224
Gene expression - Genotype stats (Y^T * X): 
-9.75596475578	-10.2472293248	-20.074836623	-10.9543346268	-9.85214793283	-13.82061902	-12.7605089388	-14.1370545965	-19.4729096718	-13.3182159409