Tissue	braincaudatebasalganglia
N_samples	98
Chr	2
Gene	ENSG00000189350.8
SNP	rs11127192
Gene_list	ENSG00000189350.8	ENSG00000137098.9	ENSG00000186973.6	ENSG00000034239.6	ENSG00000004838.9	ENSG00000152760.5	ENSG00000154099.13	ENSG00000183644.9	ENSG00000160401.10	ENSG00000181085.10
Gene expression stats (Y^T * Y): 
90.3124531138	57.7616041236	60.4293140695	55.8787728385	58.2703818177	54.905440531	59.5644610386	57.4553906008	55.4665732815	55.1297023818
57.7616041236	90.3124531138	86.2887929944	81.3756162803	80.2136640515	70.4805734517	83.4268653758	79.3782771729	81.1614811845	78.5142756912
60.4293140695	86.2887929944	90.3124531138	85.5402909772	82.7965083907	76.2432458973	83.8314151332	83.5566541803	77.5837552885	77.3524947293
55.8787728385	81.3756162803	85.5402909772	90.3124531138	77.853389748	77.991380435	78.1096197125	82.1131733298	72.9496897092	73.8769252176
58.2703818177	80.2136640515	82.7965083907	77.853389748	90.3124531138	72.9113082218	77.6597135033	75.5595441798	71.1050890112	74.9076832852
54.905440531	70.4805734517	76.2432458973	77.991380435	72.9113082218	90.3124531138	72.5905813403	77.1745346528	66.7435937013	74.3498075445
59.5644610386	83.4268653758	83.8314151332	78.1096197125	77.6597135033	72.5905813403	90.3124531138	76.0068555248	83.6558991266	82.6021449564
57.4553906008	79.3782771729	83.5566541803	82.1131733298	75.5595441798	77.1745346528	76.0068555248	90.3124531138	69.8605393641	70.8652586272
55.4665732815	81.1614811845	77.5837552885	72.9496897092	71.1050890112	66.7435937013	83.6558991266	69.8605393641	90.3124531138	85.0215537355
55.1297023818	78.5142756912	77.3524947293	73.8769252176	74.9076832852	74.3498075445	82.6021449564	70.8652586272	85.0215537355	90.3124531138
Genotype stats (X^T * X): 	34.3367346939
Gene expression - Genotype stats (Y^T * X): 
-24.0853081005	-12.5140787361	-12.6974436126	-8.84139096545	-8.7588929308	-12.3015462309	-12.0604147873	-11.3742351692	-12.1597446132	-11.1444509053